132112 52.484493255615 -1.889678382873 -110.20 0.00 50.15 0.00 253 287 1 -1
132211 52.484493255615 -1.889678382873 -110.20 0.00 50.15 0.00 253 287 1 7
132392 52.484493255615 -1.889678382873 -110.20 0.00 50.15 0.00 247 255 1 7
132574 52.484493255615 -1.889678382873 -110.20 0.00 50.15 0.00 247 255 1 7
132756 52.484493255615 -1.889678382873 -110.20 0.00 50.15 0.00 247 255 1 7
132937 52.484493255615 -1.889678382873 -110.20 0.00 50.15 0.00 247 255 1 7
133120 52.484493255615 -1.889678382873 -110.20 0.00 50.50 0.00 247 255 1 7
133301 52.484493255615 -1.889678382873 -110.20 0.00 50.50 0.00 247 255 1 7
133483 52.484493255615 -1.889678382873 -110.20 0.00 50.50 0.00 247 255 1 7
133664 52.484493255615 -1.889678382873 -110.20 0.00 50.50 0.00 247 255 1 7
133847 52.484493255615 -1.889678382873 -110.20 0.00 50.50 0.00 247 255 1 7
134028 52.484493255615 -1.889678382873 -110.20 0.00 50.50 0.00 247 255 1 7
134210 52.484493255615 -1.889678382873 -110.20 0.00 50.50 0.00 247 255 1 7
134391 52.484493255615 -1.889678382873 -110.20 0.00 50.50 0.00 247 255 1 7
134574 52.484493255615 -1.889678382873 -110.10 0.00 50.50 0.00 247 255 1 7
134755 52.484493255615 -1.889678382873 -110.10 0.00 50.50 0.00 247 255 1 7
134937 52.484493255615 -1.889678382873 -110.10 0.00 50.85 0.00 247 255 1 7
135118 52.484493255615 -1.889678382873 -110.10 0.00 51.20 0.00 247 255 1 7
135301 52.484493255615 -1.889678382873 -110.20 0.00 51.20 0.00 247 255 1 7
135482 52.484493255615 -1.889678382873 -110.20 0.00 52.26 0.00 247 255 1 7
135664 52.484493255615 -1.889678382873 -110.20 0.00 54.02 0.00 249 255 1 7
135845 52.484493255615 -1.889678382873 -109.90 0.00 55.78 0.00 249 255 1 7
136028 52.484493255615 -1.889678382873 -109.80 0.00 58.94 0.89 251 255 1 7
136209 52.484493255615 -1.889678382873 -109.80 0.00 63.17 0.89 253 255 1 7
136391 52.484493255615 -1.889678382873 -109.80 0.00 70.21 0.89 257 255 1 7
136572 52.484493255615 -1.889678382873 -109.80 0.00 78.30 0.89 261 255 1 7
136755 52.484493255615 -1.889678382873 -109.80 0.00 86.04 0.89 270 255 1 7
136936 52.484493255615 -1.889678382873 -109.90 0.00 86.04 0.89 276 255 1 7
137118 52.484493255615 -1.889678382873 -110.40 0.00 99.06 0.89 276 255 1 7
137299 52.484493255615 -1.889678382873 -113.30 0.00 109.27 0.89 287 255 1 7
137481 52.484493255615 -1.889678382873 -117.30 0.00 124.75 0.89 297 255 1 7
137663 52.484493255615 -1.889678382873 -120.20 0.00 135.66 0.89 200 265 1 7
137844 52.484493255615 -1.889678382873 -121.10 0.00 137.07 0.89 200 273 1 7
138027 52.484493255615 -1.889678382873 -121.30 0.00 137.07 0.89 200 273 1 7
138209 52.484493255615 -1.889678382873 -121.30 0.00 137.07 0.45 200 273 1 7
138390 52.484493255615 -1.889678382873 -121.30 0.00 137.07 0.45 200 273 1 7
138571 52.484493255615 -1.889678382873 -115.40 0.00 137.07 0.45 200 273 1 7
138754 52.484493255615 -1.889678382873 -114.10 0.00 136.72 0.45 200 280 1 7
138935 52.484493255615 -1.889678382873 -111.80 0.00 137.07 0.45 200 281 1 7
139117 52.484493255615 -1.889678382873 -111.30 0.00 135.31 0.45 200 284 1 7
139298 52.484493255615 -1.889678382873 -110.00 0.00 128.27 0.45 200 283 1 7
139481 52.484493255615 -1.889678382873 -109.40 0.00 114.55 0.45 200 276 1 7
139662 52.484493255615 -1.889678382873 -109.40 0.00 96.60 0.45 200 262 1 7
139844 52.484493255615 -1.889678382873 -109.40 0.00 78.65 0.45 284 255 1 7
140025 52.484493255615 -1.889678382873 -109.40 0.00 65.28 0.45 270 255 1 7
140208 52.484474182128 -1.889760017395 -109.40 0.00 57.89 0.45 259 255 1 7
140389 52.484474182128 -1.889760017395 -109.40 0.00 55.43 0.89 253 255 1 7
140571 52.484474182128 -1.889760017395 -109.40 0.00 55.43 0.89 251 255 1 7
140752 52.484474182128 -1.889760017395 -109.40 0.00 55.78 0.89 251 255 1 7
140935 52.484474182128 -1.889760017395 -109.40 0.00 57.89 0.89 251 255 1 7
141116 52.484474182128 -1.889760017395 -109.40 0.00 60.70 0.89 253 255 1 7
141298 52.484474182128 -1.889760017395 -109.40 0.00 62.11 0.89 255 255 1 7
141479 52.484474182128 -1.889760017395 -109.40 0.00 62.11 0.89 255 255 1 7
141662 52.484474182128 -1.889760017395 -109.40 0.00 62.11 0.89 255 255 1 7
141944 52.484474182128 -1.889760017395 -109.40 0.00 62.46 0.89 317 335 0 7
142126 52.484474182128 -1.889760017395 -109.40 0.00 62.46 0.89 317 335 0 9
142308 52.484474182128 -1.889760017395 -109.40 0.00 62.46 0.89 322 336 0 9
142489 52.484474182128 -1.889760017395 -108.00 0.00 62.46 0.89 317 336 0 9
142570 52.484474182128 -1.889760017395 -107.70 0.00 62.46 0.89 317 336 0 7
142752 52.484474182128 -1.889760017395 -107.10 0.00 62.46 0.00 255 255 1 7
142934 52.484474182128 -1.889760017395 -106.50 0.00 62.46 0.00 255 255 1 7
143116 52.484474182128 -1.889760017395 -106.40 0.00 62.46 0.00 255 255 1 7
143297 52.484474182128 -1.889760017395 -106.40 0.00 62.46 0.00 255 255 1 7
143479 52.484474182128 -1.889760017395 -106.40 0.00 63.52 0.00 255 255 1 7
143661 52.484474182128 -1.889760017395 -106.40 0.00 67.39 0.00 257 255 1 7
143843 52.484474182128 -1.889760017395 -106.40 0.00 75.84 0.00 259 255 1 7
144024 52.484474182128 -1.889760017395 -106.40 0.00 85.69 0.00 268 255 1 7
144206 52.484466552734 -1.889768409729 -106.40 0.00 93.78 0.00 276 255 1 7
144388 52.484466552734 -1.889768409729 -106.40 0.00 99.06 0.00 282 255 1 7
144570 52.484466552734 -1.889768409729 -106.40 0.00 100.47 0.00 287 255 1 7
144751 52.484466552734 -1.889768409729 -106.40 0.00 100.47 0.00 289 255 1 7
144933 52.484466552734 -1.889768409729 -106.40 0.00 100.82 0.89 289 255 1 7
145115 52.484466552734 -1.889768409729 -107.30 0.00 101.52 0.89 289 255 1 7
145297 52.484466552734 -1.889768409729 -111.30 0.00 102.23 0.89 289 255 1 7
145478 52.484466552734 -1.889768409729 -116.60 0.00 103.28 0.89 291 255 1 7
145660 52.484466552734 -1.889768409729 -119.00 0.00 103.28 0.89 291 255 1 7
145842 52.484466552734 -1.889768409729 -119.40 0.00 104.34 0.89 291 255 1 7
146024 52.484466552734 -1.889768409729 -121.30 0.00 106.45 0.89 293 255 1 7
146205 52.484466552734 -1.889773368835 -121.30 0.00 106.80 0.89 295 255 1 7
146387 52.484466552734 -1.889773368835 -121.30 0.00 106.80 0.89 295 255 1 7
146569 52.484466552734 -1.889773368835 -115.40 0.00 106.80 0.89 295 255 1 7
146751 52.484466552734 -1.889773368835 -109.60 0.00 106.80 0.89 295 255 1 7
146932 52.484466552734 -1.889773368835 -106.20 0.00 106.80 0.89 200 256 1 7
147115 52.484466552734 -1.889773368835 -106.00 0.00 107.51 0.89 200 261 1 7
147296 52.484466552734 -1.889773368835 -105.40 0.00 107.51 0.89 200 261 1 7
147478 52.484466552734 -1.889773368835 -104.40 0.00 107.86 0.89 200 262 1 7
147659 52.484466552734 -1.889773368835 -104.00 0.00 108.56 0.89 200 263 1 7
147842 52.484466552734 -1.889773368835 -104.00 0.00 107.16 0.89 200 265 1 7
148043 52.484466552734 -1.889773368835 -102.80 0.00 111.38 0.89 200 263 1 7
148225 52.484462738037 -1.889771652221 -106.60 0.00 121.94 0.89 200 269 1 7
148407 52.484462738037 -1.889771652221 -115.10 0.00 130.38 0.89 200 277 1 7
148588 52.484462738037 -1.889771652221 -122.40 0.00 131.79 0.89 200 277 1 7
148770 52.484462738037 -1.889771652221 -130.50 0.00 132.14 0.89 200 272 1 7
148952 52.484462738037 -1.889771652221 -136.20 0.00 130.38 0.89 200 263 1 7
149154 52.484462738037 -1.889771652221 -139.50 0.00 133.20 0.89 200 256 1 7
149336 52.484462738037 -1.889771652221 -144.80 0.00 133.55 0.89 200 255 1 7
149518 52.484462738037 -1.889771652221 -152.20 0.00 134.60 0.45 316 255 1 7
149699 52.484462738037 -1.889771652221 -163.30 0.00 134.60 0.45 318 255 1 7
149881 52.484462738037 -1.889771652221 -175.20 0.00 134.96 0.45 318 255 1 7
150063 52.484462738037 -1.889771652221 173.20 0.00 134.25 0.45 318 255 1 7
150245 52.484462738037 -1.889771652221 170.60 0.00 133.20 0.45 318 255 1 7
150426 52.484462738037 -1.889771652221 171.80 0.00 133.90 0.45 316 255 1 7
150608 52.484462738037 -1.889771652221 176.20 0.00 133.20 0.45 318 255 1 7
150790 52.484462738037 -1.889771652221 179.10 0.00 136.01 0.45 316 255 1 7
150972 52.484462738037 -1.889771652221 -179.50 0.00 139.53 0.45 318 255 1 7
151153 52.484462738037 -1.889771652221 -179.70 0.00 141.29 0.45 322 255 1 7
151334 52.484462738037 -1.889771652221 178.80 0.00 141.64 0.45 324 255 1 7
151517 52.484462738037 -1.889771652221 178.80 0.00 141.64 0.45 324 255 1 7
151699 52.484462738037 -1.889771652221 179.30 0.00 141.64 0.45 324 255 1 7
151880 52.484462738037 -1.889771652221 178.40 0.00 142.35 0.45 324 255 1 7
152062 52.484462738037 -1.889771652221 177.70 0.00 142.70 0.45 324 255 1 7
152244 52.484462738037 -1.889771652221 178.50 0.00 142.35 0.45 324 255 1 7
152425 52.484462738037 -1.889771652221 -180.00 0.00 142.70 0.45 324 255 1 7
152607 52.484462738037 -1.889771652221 -174.80 0.00 142.70 0.45 324 255 1 7
152788 52.484462738037 -1.889771652221 -165.70 0.00 144.46 0.45 324 255 1 7
152971 52.484462738037 -1.889771652221 -154.30 0.00 147.98 0.45 326 255 1 7
153152 52.484462738037 -1.889771652221 -143.00 0.00 152.20 0.45 200 255 1 7
153334 52.484462738037 -1.889771652221 -130.00 0.00 156.07 0.45 200 272 1 7
153516 52.484462738037 -1.889771652221 -117.30 0.00 162.76 0.45 200 290 1 7
153698 52.484462738037 -1.889771652221 -109.00 0.00 168.04 0.45 200 309 1 7
153879 52.484462738037 -1.889771652221 -105.20 0.00 169.09 0.45 200 323 1 7
154082 52.484462738037 -1.889771652221 -103.70 0.00 168.74 0.45 200 327 1 7
154263 52.484462738037 -1.889771652221 -99.60 0.00 169.44 0.45 200 327 1 7
154445 52.484462738037 -1.889771652221 -94.10 0.00 169.09 0.45 200 331 1 7
154627 52.484462738037 -1.889771652221 -83.20 0.00 168.39 0.45 200 336 1 7
154809 52.484462738037 -1.889771652221 -67.50 0.00 168.39 0.45 200 341 1 7
154990 52.484462738037 -1.889771652221 -50.90 0.00 168.39 0.45 200 347 1 7
155172 52.484455108642 -1.889776706695 -30.80 0.00 168.39 0.45 410 348 1 7
155354 52.484455108642 -1.889776706695 -9.80 0.00 168.04 0.45 410 343 1 7
155536 52.484455108642 -1.889776706695 9.00 0.00 168.39 0.45 410 329 1 7
155717 52.484455108642 -1.889776706695 23.90 0.00 168.39 0.45 410 311 1 7
155899 52.484455108642 -1.889776706695 34.40 0.00 169.44 0.45 377 295 1 7
156081 52.484455108642 -1.889776706695 37.20 0.00 169.79 0.45 368 283 1 7
156263 52.484455108642 -1.889776706695 32.30 0.00 169.79 0.45 366 279 1 7
156444 52.484455108642 -1.889776706695 18.90 0.00 168.74 0.45 371 284 1 7
156626 52.484455108642 -1.889776706695 0.80 0.00 164.52 0.45 410 301 1 7
156808 52.484455108642 -1.889776706695 -19.60 0.00 155.37 0.45 410 322 1 7
156990 52.484455108642 -1.889776706695 -37.40 0.00 140.23 0.45 410 343 1 7
157171 52.484455108642 -1.889776706695 -54.00 0.00 127.21 0.45 410 348 1 7
157353 52.484455108642 -1.889776706695 -68.70 0.00 119.12 0.45 410 336 1 7
157535 52.484455108642 -1.889776706695 -81.80 0.00 117.71 0.45 410 318 1 7
157717 52.484455108642 -1.889776706695 -93.40 0.00 117.71 0.45 200 302 1 7
157898 52.484455108642 -1.889776706695 -103.80 0.00 117.71 0.45 200 290 1 7
158081 52.484455108642 -1.889776706695 -113.50 0.00 118.06 0.45 200 279 1 7
158262 52.484455108642 -1.889776706695 -118.20 0.00 117.71 0.45 200 269 1 7
158443 52.484455108642 -1.889776706695 -116.70 0.00 117.71 0.45 200 263 1 7
158625 52.484455108642 -1.889776706695 -109.30 0.00 117.71 0.45 200 265 1 7
158807 52.484455108642 -1.889776706695 -98.20 0.00 117.71 0.45 200 273 1 7
158989 52.484455108642 -1.889776706695 -85.90 0.00 117.71 0.45 200 286 1 7
159170 52.484462738037 -1.889781761169 -74.50 0.00 117.71 0.45 200 298 1 7
159352 52.484462738037 -1.889781761169 -65.10 0.00 117.71 0.45 200 308 1 7
159534 52.484462738037 -1.889781761169 -57.70 0.00 117.71 0.45 410 316 1 7
159716 52.484462738037 -1.889781761169 -52.20 0.00 117.71 0.45 410 323 1 7
159897 52.484462738037 -1.889781761169 -48.00 0.00 117.71 0.45 410 329 1 7
160079 52.484462738037 -1.889781761169 -46.60 0.00 117.71 0.45 410 331 1 7
160261 52.484462738037 -1.889781761169 -48.50 0.00 117.71 0.45 410 333 1 7
160443 52.484462738037 -1.889781761169 -50.50 0.00 117.71 0.45 410 331 1 7
160624 52.484462738037 -1.889781761169 -52.60 0.00 117.71 0.89 410 329 1 7
160806 52.484462738037 -1.889781761169 -56.50 0.00 117.71 0.89 410 327 1 7
160988 52.484462738037 -1.889781761169 -60.90 0.00 117.36 0.89 410 325 1 7
161170 52.484462738037 -1.889781761169 -65.10 0.00 117.71 0.89 410 320 1 7
161351 52.484462738037 -1.889781761169 -69.50 0.00 117.36 0.89 410 316 1 7
161533 52.484462738037 -1.889781761169 -73.90 0.00 116.66 0.89 200 312 1 7
161715 52.484462738037 -1.889781761169 -77.70 0.00 117.01 0.89 200 306 1 7
161897 52.484462738037 -1.889781761169 -80.50 0.00 116.66 0.89 200 304 1 7
162078 52.484462738037 -1.889781761169 -81.20 0.00 116.66 0.89 200 300 1 7
162260 52.484462738037 -1.889781761169 -80.30 0.00 117.01 0.89 200 300 1 7
162442 52.484462738037 -1.889781761169 -78.30 0.00 116.66 0.89 200 301 1 7
162624 52.484462738037 -1.889781761169 -75.00 0.00 116.66 0.89 200 302 1 7
162805 52.484462738037 -1.889781761169 -71.50 0.00 116.66 0.89 200 305 1 7
162988 52.484462738037 -1.889781761169 -68.20 0.00 116.66 0.89 200 309 1 7
163169 52.484462738037 -1.889781761169 -65.00 0.00 116.66 0.89 200 312 1 7
163351 52.484462738037 -1.889781761169 -61.80 0.00 116.66 0.89 410 316 1 7
163532 52.484462738037 -1.889781761169 -59.00 0.00 116.66 0.89 410 319 1 7
163715 52.484462738037 -1.889781761169 -56.60 0.00 116.66 0.89 410 322 1 7
163896 52.484462738037 -1.889781761169 -55.30 0.00 116.66 0.89 410 323 1 7
164078 52.484462738037 -1.889781761169 -55.50 0.00 116.66 0.89 410 325 1 7
164259 52.484462738037 -1.889781761169 -58.00 0.00 116.66 0.89 410 325 1 7
164442 52.484462738037 -1.889781761169 -62.50 0.00 116.66 0.89 410 322 1 7
164623 52.484462738037 -1.889781761169 -67.50 0.00 116.66 0.89 410 318 1 7
164805 52.484462738037 -1.889781761169 -73.40 0.00 116.66 0.89 200 313 1 7
164986 52.484462738037 -1.889781761169 -78.60 0.00 117.01 0.89 200 308 1 7
165169 52.484462738037 -1.889781761169 -82.10 0.00 116.66 0.89 200 302 1 7
165350 52.484462738037 -1.889781761169 -83.60 0.00 115.60 0.89 200 298 1 7
165532 52.484462738037 -1.889781761169 -83.60 0.00 113.14 0.89 200 295 1 7
165713 52.484462738037 -1.889781761169 -83.10 0.00 107.86 0.89 200 293 1 7
165896 52.484462738037 -1.889781761169 -82.50 0.00 100.12 0.89 200 287 1 7
166077 52.484462738037 -1.889781761169 -82.10 0.00 93.78 0.89 200 280 1 7
166259 52.484462738037 -1.889781761169 -81.40 0.00 87.80 0.89 200 273 1 7
166440 52.484462738037 -1.889781761169 -81.20 0.00 84.28 0.89 200 268 1 7
166623 52.484462738037 -1.889781761169 -81.30 0.00 83.58 0.89 200 265 1 7
166804 52.484462738037 -1.889781761169 -80.90 0.00 83.23 0.89 200 263 1 7
166986 52.484462738037 -1.889781761169 -80.20 0.00 83.23 0.89 200 263 1 7
167168 52.484462738037 -1.889781761169 -79.70 0.00 83.23 0.89 200 265 1 7
167350 52.484462738037 -1.889781761169 -80.20 0.00 83.23 0.89 200 265 1 7
167531 52.484462738037 -1.889781761169 -80.60 0.00 83.23 0.00 200 265 1 7
167713 52.484462738037 -1.889781761169 -80.70 0.00 74.78 0.00 200 263 1 7
167895 52.484462738037 -1.889781761169 -81.80 0.00 9.68 0.00 200 255 1 7
168077 52.484462738037 -1.889781761169 -82.10 0.00 5.45 0.00 200 255 1 7
168258 52.484462738037 -1.889781761169 -81.50 0.00 7.21 0.00 200 255 1 7
168440 52.484462738037 -1.889781761169 -81.10 0.00 7.21 0.00 200 255 1 7
168622 52.484462738037 -1.889781761169 -80.80 0.00 13.20 0.00 200 255 1 7
168804 52.484462738037 -1.889781761169 -80.60 0.00 36.42 0.00 200 255 1 7
168985 52.484462738037 -1.889781761169 -80.70 0.00 72.67 0.00 236 255 1 7
169167 52.484462738037 -1.889781761169 -81.10 0.00 113.49 0.00 263 255 1 7
169349 52.484462738037 -1.889781761169 -80.60 0.00 141.99 0.00 200 295 1 7
169531 52.484462738037 -1.889781761169 -79.60 0.00 166.63 0.00 200 325 1 7
169712 52.484462738037 -1.889781761169 -79.30 0.00 180.00 0.45 200 343 1 7
169894 52.484462738037 -1.889781761169 -79.70 0.00 180.00 0.45 200 347 1 7
170076 52.484462738037 -1.889781761169 -79.90 0.00 -176.48 0.45 200 347 1 7
170258 52.484462738037 -1.889781761169 -80.20 0.00 -171.20 0.45 200 348 1 7
170439 52.484462738037 -1.889781761169 -80.70 0.00 -165.92 0.45 200 348 1 7
170621 52.484462738037 -1.889781761169 -81.00 0.00 -154.31 0.45 200 348 1 7
170803 52.484462738037 -1.889781761169 -80.50 0.00 -130.03 0.45 200 348 1 7
170985 52.484462738037 -1.889781761169 -80.00 0.00 -108.56 0.45 200 337 1 7
171166 52.484462738037 -1.889781761169 -79.80 0.00 -87.45 0.45 200 320 1 7
171348 52.484462738037 -1.889781761169 -79.80 0.00 -56.13 0.45 200 298 1 7
171530 52.484462738037 -1.889781761169 -79.70 0.00 -19.18 0.45 200 255 1 7
171712 52.484462738037 -1.889781761169 -79.80 0.00 20.94 0.45 200 255 1 7
171893 52.484462738037 -1.889781761169 -79.90 0.00 58.94 0.00 200 255 1 7
172076 52.484462738037 -1.889781761169 -80.30 0.00 108.56 0.00 253 255 1 7
172257 52.484462738037 -1.889781761169 -80.50 0.00 113.84 0.00 200 291 1 7
172439 52.484462738037 -1.889781761169 -80.50 0.00 120.88 0.00 200 297 1 7
172620 52.484462738037 -1.889781761169 -80.40 0.00 115.60 0.00 200 304 1 7
172803 52.484462738037 -1.889781761169 -80.60 0.00 66.69 0.00 200 298 1 7
172984 52.484462738037 -1.889781761169 -80.80 0.00 48.74 0.00 259 255 1 7
173166 52.484462738037 -1.889781761169 -80.80 0.00 38.18 0.00 245 255 1 7
173347 52.484462738037 -1.889781761169 -80.40 0.00 41.00 0.00 238 255 1 7
173529 52.484462738037 -1.889781761169 -80.20 0.00 43.46 0.00 240 255 1 7
173711 52.484462738037 -1.889781761169 -80.20 0.00 49.79 0.00 242 255 1 7
173892 52.484462738037 -1.889781761169 -80.00 0.00 59.30 0.00 247 255 1 7
174074 52.484462738037 -1.889781761169 -80.10 0.00 66.33 0.00 253 255 1 7
174256 52.484462738037 -1.889781761169 -80.00 0.00 76.89 0.45 259 255 1 7
174438 52.484462738037 -1.889781761169 -80.10 0.00 81.47 0.45 200 258 1 7
174619 52.484462738037 -1.889781761169 -80.10 0.00 86.04 0.45 200 262 1 7
174801 52.484462738037 -1.889781761169 -80.60 0.00 71.96 0.45 200 268 1 7
174983 52.484462738037 -1.889781761169 -81.20 0.00 54.02 0.45 263 255 1 7
175165 52.484462738037 -1.889781761169 -81.20 0.00 39.24 0.45 249 255 1 7
175346 52.484462738037 -1.889781761169 -81.10 0.00 30.79 0.45 238 255 1 7
175528 52.484462738037 -1.889781761169 -80.70 0.00 32.90 0.45 232 255 1 7
175710 52.484462738037 -1.889781761169 -80.50 0.00 48.39 0.45 234 255 1 7
175892 52.484462738037 -1.889781761169 -80.00 0.00 63.87 0.45 245 255 1 7
176073 52.484462738037 -1.889781761169 -79.90 0.00 71.96 0.45 257 255 1 7
176256 52.484462738037 -1.889781761169 -79.80 0.00 79.00 0.45 263 255 1 7
176437 52.484462738037 -1.889781761169 -79.90 0.00 80.06 0.89 200 261 1 7
176619 52.484462738037 -1.889781761169 -80.00 0.00 80.06 0.89 200 262 1 7
176800 52.484462738037 -1.889781761169 -80.20 0.00 75.48 0.89 200 261 1 7
176983 52.484462738037 -1.889781761169 -80.70 0.00 61.06 0.89 200 256 1 7
177164 52.484462738037 -1.889781761169 -81.10 0.00 49.79 0.89 255 255 1 7
177346 52.484462738037 -1.889781761169 -81.20 0.00 38.18 0.89 247 255 1 7
177527 52.484462738037 -1.889781761169 -81.20 0.00 37.48 0.89 238 255 1 7
177710 52.484462738037 -1.889781761169 -81.10 0.00 38.53 0.89 238 255 1 7
177891 52.484462738037 -1.889781761169 -81.10 0.00 42.05 0.89 238 255 1 7
178073 52.484462738037 -1.889781761169 -82.10 0.00 47.33 0.89 240 255 1 7
178254 52.484462738037 -1.889781761169 -87.10 0.00 47.68 0.89 245 255 1 7
178437 52.484462738037 -1.889781761169 -94.40 0.00 48.74 0.89 245 255 1 7
178618 52.484462738037 -1.889781761169 -102.30 0.00 59.65 0.89 245 255 1 7
178800 52.484462738037 -1.889781761169 -109.80 0.00 71.26 0.89 253 255 1 7
178981 52.484462738037 -1.889781761169 -118.10 0.00 81.47 0.89 263 255 1 7
179164 52.484462738037 -1.889781761169 -125.00 0.00 88.15 0.89 272 255 1 7
179345 52.484462738037 -1.889781761169 -131.20 0.00 90.62 0.89 278 255 1 7
179527 52.484462738037 -1.889781761169 -137.20 0.00 90.97 0.89 280 255 1 7
179708 52.484462738037 -1.889781761169 -143.00 0.00 84.28 0.89 280 255 1 7
179891 52.484462738037 -1.889781761169 -148.10 0.00 71.61 0.89 274 255 1 7
180072 52.484462738037 -1.889781761169 -153.00 0.00 79.00 0.89 263 255 1 7
180254 52.484462738037 -1.889781761169 -159.20 0.00 87.80 0.89 270 255 1 7
180435 52.484462738037 -1.889781761169 -166.10 0.00 97.30 0.89 278 255 1 7
180618 52.484462738037 -1.889781761169 -173.50 0.00 103.64 0.89 287 255 1 7
180799 52.484462738037 -1.889781761169 -179.30 0.00 102.58 0.89 291 255 1 7
180981 52.484462738037 -1.889781761169 177.80 0.00 101.88 1.34 291 255 1 7
181183 52.484462738037 -1.889781761169 177.40 0.00 101.88 1.34 291 255 1 7
181364 52.484462738037 -1.889781761169 179.00 0.00 101.88 1.34 291 255 1 7
181547 52.484462738037 -1.889781761169 -177.30 0.00 102.23 1.34 291 255 1 7
181728 52.484462738037 -1.889781761169 -171.70 0.00 102.93 1.34 291 255 1 7
181910 52.484462738037 -1.889781761169 -163.50 0.00 103.28 1.34 291 255 1 7
182091 52.484462738037 -1.889781761169 -153.60 0.00 103.28 1.34 291 255 1 7
182274 52.484462738037 -1.889781761169 -141.90 0.00 102.93 1.34 291 255 1 7
182475 52.484462738037 -1.889781761169 -128.50 0.00 102.58 1.34 291 255 1 7
182658 52.484462738037 -1.889781761169 -115.90 0.00 100.82 1.34 291 255 1 7
182839 52.484462738037 -1.889781761169 -105.50 0.00 97.30 1.34 289 255 1 7
183021 52.484462738037 -1.889781761169 -96.50 0.00 91.67 1.34 287 255 1 7
183202 52.484458923339 -1.889773368835 -89.40 0.00 86.04 1.34 200 256 1 7
183385 52.484458923339 -1.889773368835 -84.20 0.00 79.35 1.34 200 259 1 7
183566 52.484458923339 -1.889773368835 -81.80 0.00 73.02 1.34 200 258 1 7
183748 52.484458923339 -1.889773368835 -81.80 0.00 70.21 1.34 266 255 1 7
183929 52.484458923339 -1.889773368835 -83.50 0.00 65.63 1.34 261 255 1 7
184112 52.484458923339 -1.889773368835 -85.60 0.00 55.78 1.34 259 255 1 7
184293 52.484458923339 -1.889773368835 -87.20 0.00 45.92 1.34 251 255 1 7
184475 52.484458923339 -1.889773368835 -88.40 0.00 38.18 1.34 242 255 1 7
184656 52.484458923339 -1.889773368835 -89.50 0.00 34.31 1.34 238 255 1 7
184839 52.484458923339 -1.889773368835 -90.90 0.00 34.31 1.34 234 255 1 7
185020 52.484458923339 -1.889773368835 -92.60 0.00 33.96 1.34 234 255 1 7
185202 52.484458923339 -1.889773368835 -94.10 0.00 34.31 1.34 234 255 1 7
185383 52.484458923339 -1.889773368835 -95.30 0.00 34.31 0.89 234 255 1 7
185566 52.484458923339 -1.889773368835 -96.40 0.00 34.31 0.89 234 255 1 7
185747 52.484458923339 -1.889773368835 -97.40 0.00 34.31 0.89 234 255 1 7
185929 52.484458923339 -1.889773368835 -98.10 0.00 34.31 0.89 234 255 1 7
186131 52.484458923339 -1.889773368835 -98.30 0.00 34.31 0.89 234 255 1 7
186312 52.484458923339 -1.889773368835 -98.80 0.00 33.96 0.89 234 255 1 7
186494 52.484458923339 -1.889773368835 -99.80 0.00 33.96 0.89 234 255 1 7
186676 52.484458923339 -1.889773368835 -100.10 0.00 33.96 0.89 234 255 1 7
186858 52.484458923339 -1.889773368835 -98.80 0.00 32.55 0.89 234 255 1 7
187039 52.484458923339 -1.889773368835 -97.80 0.00 27.98 0.89 234 255 1 7
187222 52.484458923339 -1.889773368835 -98.70 0.00 41.70 0.89 200 255 1 7
187403 52.484458923339 -1.889773368835 -101.10 0.00 64.57 0.89 240 255 1 7
187585 52.484458923339 -1.889773368835 -102.10 0.00 79.00 0.89 257 255 1 7
187766 52.484458923339 -1.889773368835 -100.00 0.00 80.76 1.34 270 255 1 7
187949 52.484458923339 -1.889773368835 -93.20 0.00 72.32 1.34 272 255 1 7
188130 52.484458923339 -1.889773368835 -88.60 0.00 63.87 1.34 263 255 1 7
188312 52.484458923339 -1.889773368835 -87.10 0.00 47.33 1.34 257 255 1 7
188493 52.484458923339 -1.889773368835 -83.60 0.00 24.46 1.34 245 255 1 7
188676 52.484458923339 -1.889773368835 -75.60 0.00 30.44 1.34 200 255 1 7
188857 52.484458923339 -1.889773368835 -71.30 0.00 50.85 1.34 232 255 1 7
189039 52.484458923339 -1.889773368835 -67.80 0.00 60.00 1.34 247 255 1 7
189220 52.484458923339 -1.889773368835 -65.40 0.00 58.94 1.34 255 255 1 7
189403 52.484458923339 -1.889773368835 -66.30 0.00 56.83 1.34 410 256 1 7
189584 52.484458923339 -1.889773368835 -65.70 0.00 50.15 1.34 251 255 1 7
189766 52.484458923339 -1.889773368835 -62.40 0.00 35.37 1.34 247 255 1 7
189947 52.484458923339 -1.889773368835 -59.70 0.00 25.51 1.79 236 255 1 7
190130 52.484458923339 -1.889773368835 -58.80 0.00 23.75 1.79 200 255 1 7
190311 52.484458923339 -1.889773368835 -58.80 0.00 23.75 1.79 200 255 1 7
190493 52.484458923339 -1.889773368835 -59.00 0.00 23.40 1.79 200 255 1 7
190674 52.484458923339 -1.889773368835 -58.90 0.00 23.40 1.79 200 255 1 7
190857 52.484458923339 -1.889773368835 -58.40 0.00 23.75 1.79 200 255 1 7
191038 52.484458923339 -1.889773368835 -58.20 0.00 23.75 1.79 200 255 1 7
191220 52.484458923339 -1.889773368835 -58.10 0.00 19.53 1.79 200 255 1 7
191401 52.484458923339 -1.889773368835 -58.30 0.00 16.72 1.79 200 255 1 7
191584 52.484458923339 -1.889773368835 -58.50 0.00 17.77 1.79 200 255 1 7
191765 52.484458923339 -1.889773368835 -58.30 0.00 18.48 1.79 200 255 1 7
191947 52.484458923339 -1.889773368835 -57.90 0.00 20.94 1.79 200 255 1 7
192129 52.484458923339 -1.889773368835 -57.70 0.00 25.87 1.79 200 255 1 7
192330 52.484458923339 -1.889773368835 -57.80 0.00 30.79 1.79 200 255 1 7
192513 52.484458923339 -1.889773368835 -57.70 0.00 31.14 1.79 232 255 1 7
192694 52.484458923339 -1.889773368835 -58.30 0.00 31.50 1.79 232 255 1 7
192876 52.484458923339 -1.889773368835 -59.10 0.00 31.50 1.79 234 255 1 7
193057 52.484458923339 -1.889773368835 -58.80 0.00 31.50 1.79 234 255 1 7
193240 52.484458923339 -1.889773368835 -58.50 0.00 31.50 1.79 234 255 1 7
193421 52.484458923339 -1.889773368835 -58.20 0.00 31.14 1.79 234 255 1 7
193603 52.484458923339 -1.889773368835 -57.80 0.00 31.14 1.79 232 255 1 7
193784 52.484458923339 -1.889773368835 -57.20 0.00 31.14 1.79 232 255 1 7
193967 52.484458923339 -1.889773368835 -56.80 0.00 31.14 1.79 232 255 1 7
194148 52.484458923339 -1.889773368835 -56.30 0.00 31.14 1.79 232 255 1 7
194330 52.484458923339 -1.889773368835 -55.90 0.00 31.14 1.79 232 255 1 7
194511 52.484458923339 -1.889773368835 -55.60 0.00 30.79 1.34 232 255 1 7
194694 52.484458923339 -1.889773368835 -54.60 0.00 30.44 1.34 232 255 1 7
194875 52.484458923339 -1.889773368835 -53.60 0.00 27.98 1.34 232 255 1 7
195057 52.484458923339 -1.889773368835 -53.50 0.00 26.57 1.34 200 255 1 7
195238 52.484458923339 -1.889773368835 -53.50 0.00 26.57 1.34 200 255 1 7
