264171 52.49 -1.89 95.90 -93.96 0.00 286 230 1
264330 52.49 -1.89 95.90 -93.96 0.00 315 212 1
264471 52.49 -1.89 95.90 -93.96 0.00 315 212 1
264612 52.49 -1.89 95.90 -93.96 0.00 315 212 1
264754 52.49 -1.89 95.90 -93.96 0.00 315 212 1
264895 52.49 -1.89 95.70 -94.31 0.00 315 212 1
265036 52.49 -1.89 91.80 -96.77 0.00 315 213 1
265178 52.49 -1.89 81.00 -98.89 0.00 307 214 1
265319 52.49 -1.89 70.30 -98.18 0.00 286 216 1
265460 52.49 -1.89 63.10 -94.66 0.00 265 216 1
265603 52.49 -1.89 60.30 -89.03 0.00 250 213 1
265743 52.49 -1.89 60.40 -82.70 0.00 244 210 1
265884 52.49 -1.89 60.40 -79.53 0.00 244 204 1
266025 52.49 -1.89 60.40 -78.12 0.00 244 202 1
266167 52.49 -1.89 60.40 -77.77 0.00 244 201 1
266308 52.49 -1.89 60.40 -78.12 0.00 244 200 1
266450 52.49 -1.89 60.40 -78.12 0.00 244 201 1
266593 52.49 -1.89 60.40 -77.77 0.00 244 201 1
266732 52.49 -1.89 60.40 -77.77 0.00 244 200 1
266873 52.49 -1.89 60.40 -78.12 0.00 244 200 1
267015 52.49 -1.89 60.40 -78.12 0.00 244 201 1
267156 52.49 -1.89 60.40 -77.77 0.00 244 201 1
267297 52.49 -1.89 60.40 -78.12 0.00 244 200 1
267440 52.49 -1.89 60.40 -78.12 0.00 244 201 1
267582 52.49 -1.89 60.40 -78.12 0.00 244 201 1
267722 52.49 -1.89 60.40 -78.12 0.00 244 201 1
267864 52.49 -1.89 60.40 -78.12 0.00 244 201 1
268005 52.49 -1.89 60.40 -78.12 0.00 244 201 1
268146 52.49 -1.89 60.40 -78.12 0.00 244 201 1
268288 52.49 -1.89 60.40 -78.12 0.00 244 201 1
268429 52.49 -1.89 60.40 -77.77 0.00 244 201 1
268571 52.49 -1.89 60.40 -78.12 0.00 244 200 1
268711 52.49 -1.89 60.40 -78.12 0.00 244 201 1
268853 52.49 -1.89 60.40 -77.77 0.00 244 201 1
268994 52.49 -1.89 60.40 -77.77 0.00 244 200 1
269135 52.49 -1.89 60.40 -76.01 0.00 244 200 1
269277 52.49 -1.89 60.40 -78.12 0.00 244 200 1
269418 52.49 -1.89 60.40 -78.12 0.00 244 201 1
269560 52.49 -1.89 60.40 -78.12 0.00 244 201 1
269702 52.49 -1.89 60.40 -78.12 0.00 244 201 1
269842 52.49 -1.89 60.40 -77.77 0.00 244 201 1
269983 52.49 -1.89 60.40 -78.12 0.00 244 200 1
270125 52.49 -1.89 60.40 -78.12 0.00 244 201 1
270266 52.49 -1.89 60.40 -78.12 0.00 244 201 1
270407 52.49 -1.89 60.40 -78.12 0.00 244 201 1
270551 52.49 -1.89 60.40 -78.48 0.00 244 201 1
270691 52.49 -1.89 60.40 -78.12 0.00 244 201 1
270831 52.49 -1.89 60.40 -78.12 0.00 244 201 1
270972 52.49 -1.89 60.40 -78.12 0.00 244 201 1
271115 52.49 -1.89 60.40 -78.12 0.00 244 201 1
271256 52.49 -1.89 60.40 -78.12 0.00 244 201 1
271397 52.49 -1.89 60.40 -78.12 0.00 244 201 1
271540 52.49 -1.89 60.40 -78.48 0.00 244 201 1
271681 52.49 -1.89 60.40 -78.12 0.00 244 201 1
271821 52.49 -1.89 60.40 -78.12 0.00 244 201 1
271963 52.49 -1.89 60.40 -78.12 0.00 244 201 1
272104 52.49 -1.89 60.40 -77.77 0.00 244 201 1
272245 52.49 -1.89 60.40 -78.12 0.00 244 200 1
272387 52.49 -1.89 60.40 -78.12 0.00 244 201 1
272529 52.49 -1.89 60.40 -78.12 0.00 244 201 1
272670 52.49 -1.89 60.40 -78.12 0.00 244 201 1
272811 52.49 -1.89 60.40 -78.12 0.00 244 201 1
272952 52.49 -1.89 60.40 -78.12 0.00 244 201 1
273093 52.49 -1.89 60.40 -78.12 0.00 244 201 1
273234 52.49 -1.89 60.40 -78.12 0.00 244 201 1
273376 52.49 -1.89 60.40 -78.12 0.00 244 201 1
273518 52.49 -1.89 60.40 -77.77 0.00 244 201 1
273659 52.49 -1.89 60.40 -78.12 0.00 244 200 1
273800 52.49 -1.89 60.40 -78.48 0.00 244 201 1
273941 52.49 -1.89 60.40 -78.12 0.00 244 201 1
274082 52.49 -1.89 60.40 -77.77 0.00 244 201 1
274224 52.49 -1.89 60.40 -78.12 0.00 244 200 1
274365 52.49 -1.89 60.40 -78.12 0.00 244 201 1
274508 52.49 -1.89 60.40 -78.12 0.00 244 201 1
274649 52.49 -1.89 60.40 -78.48 0.00 244 201 1
274791 52.49 -1.89 60.40 -78.12 0.00 244 201 1
274931 52.49 -1.89 60.40 -78.12 0.00 244 201 1
275112 52.49 -1.89 60.40 -78.12 0.00 244 201 0
275294 52.49 -1.89 60.40 -78.12 0.00 244 201 0
275476 52.49 -1.89 60.40 -78.12 0.00 244 201 0
275659 52.49 -1.89 60.40 -78.12 0.00 244 201 0
275840 52.49 -1.89 60.40 -78.12 0.00 244 201 0
276021 52.49 -1.89 60.40 -78.12 0.00 244 201 0
276203 52.49 -1.89 60.40 -78.12 0.00 244 201 0
276384 52.49 -1.89 60.40 -78.12 0.00 244 201 0
276568 52.49 -1.89 60.40 -77.77 0.00 244 201 0
276749 52.49 -1.89 60.40 -78.12 0.00 244 201 0
276930 52.49 -1.89 60.40 -78.12 0.00 244 201 0
277111 52.49 -1.89 60.40 -78.48 0.00 244 201 0
277294 52.49 -1.89 60.40 -78.12 0.00 244 201 0
277476 52.49 -1.89 60.40 -78.48 0.00 244 201 0
277659 52.49 -1.89 60.40 -78.12 0.00 244 201 0
277838 52.49 -1.89 60.40 -78.48 0.00 244 201 0
278021 52.49 -1.89 60.40 -78.12 0.00 244 201 0
278202 52.49 -1.89 60.40 -78.12 0.00 244 201 0
278383 52.49 -1.89 60.40 -78.12 0.00 244 201 0
278566 52.49 -1.89 60.40 -78.48 0.00 244 201 0
278748 52.49 -1.89 60.40 -78.12 0.00 244 201 0
278929 52.49 -1.89 60.40 -78.12 0.00 244 201 0
279110 52.49 -1.89 60.40 -78.12 0.00 244 201 0
279292 52.49 -1.89 60.40 -78.48 0.00 244 201 0
279475 52.49 -1.89 60.40 -78.12 0.00 244 201 0
279659 52.49 -1.89 60.40 -78.48 0.00 244 201 0
279837 52.49 -1.89 60.40 -78.12 0.00 244 201 0
280019 52.49 -1.89 60.40 -78.48 0.00 244 201 0
280201 52.49 -1.89 60.40 -78.12 0.00 244 201 0
280382 52.49 -1.89 60.40 -78.12 0.00 244 201 0
280565 52.49 -1.89 60.40 -78.48 0.00 244 201 0
280747 52.49 -1.89 60.40 -78.83 0.00 244 201 0
280928 52.49 -1.89 60.40 -78.83 0.00 244 201 0
281110 52.49 -1.89 60.40 -78.83 0.00 244 201 0
281291 52.49 -1.89 60.40 -80.59 0.00 244 201 0
281474 52.49 -1.89 60.40 -82.70 0.00 244 201 0
281658 52.49 -1.89 60.40 -85.87 0.00 244 201 0
281836 52.49 -1.89 60.40 -89.38 0.00 244 201 0
282018 52.49 -1.89 60.40 -93.96 0.00 244 201 0
282200 52.49 -1.89 60.40 -98.89 0.00 244 201 0
282382 52.49 -1.89 60.40 -102.76 0.00 244 201 0
282565 52.49 -1.89 60.40 -105.57 0.00 244 201 0
282746 52.49 -1.89 60.40 -107.33 0.00 244 201 0
282927 52.49 -1.89 60.40 -107.68 0.00 244 201 0
283109 52.49 -1.89 60.40 -107.68 0.00 244 201 0
283290 52.49 -1.89 60.40 -108.04 0.00 244 201 0
283472 52.49 -1.89 60.40 -108.04 0.00 244 201 0
283657 52.49 -1.89 60.40 -107.68 0.00 244 201 0
283836 52.49 -1.89 60.40 -107.68 0.00 244 201 0
283977 52.49 -1.89 60.40 -108.04 0.00 244 223 1
284119 52.49 -1.89 60.40 -107.68 0.00 244 224 1
284260 52.49 -1.89 60.40 -108.04 0.00 244 223 1
284401 52.49 -1.89 60.40 -107.68 0.00 244 224 1
284544 52.49 -1.89 60.40 -108.04 0.00 244 223 1
284685 52.49 -1.89 60.40 -108.04 0.00 244 224 1
284825 52.49 -1.89 60.40 -108.04 0.00 244 224 1
284966 52.49 -1.89 60.40 -108.04 0.00 244 224 1
285108 52.49 -1.89 60.40 -108.04 0.00 244 224 1
285249 52.49 -1.89 60.40 -108.04 0.00 244 224 1
285390 52.49 -1.89 60.40 -108.04 0.00 244 224 1
285534 52.49 -1.89 60.40 -108.39 0.00 244 224 1
285675 52.49 -1.89 60.40 -109.09 0.00 244 224 1
285814 52.49 -1.89 60.40 -110.50 0.00 244 224 1
285957 52.49 -1.89 60.40 -111.20 0.00 244 225 1
286098 52.49 -1.89 60.40 -111.91 0.00 244 226 1
286239 52.49 -1.89 60.40 -112.26 0.00 244 226 1
286381 52.49 -1.89 60.40 -112.61 0.00 244 226 1
286523 52.49 -1.89 60.40 -112.61 0.00 244 226 1
286665 52.49 -1.89 60.40 -112.26 0.00 244 226 1
286804 52.49 -1.89 60.40 -112.61 0.00 244 226 1
286946 52.49 -1.89 60.40 -112.26 0.00 244 226 1
287087 52.49 -1.89 60.40 -112.26 0.00 244 226 1
287228 52.49 -1.89 60.40 -112.26 0.00 244 226 1
287370 52.49 -1.89 60.40 -112.26 0.00 244 226 1
287512 52.49 -1.89 60.40 -112.26 0.00 244 226 1
287652 52.49 -1.89 60.40 -112.26 0.00 244 226 1
287795 52.49 -1.89 60.40 -112.61 0.00 244 226 1
287935 52.49 -1.89 60.40 -112.61 0.00 244 226 1
288076 52.49 -1.89 60.40 -112.26 0.00 244 226 1
288218 52.49 -1.89 60.40 -112.61 0.00 244 226 1
288359 52.49 -1.89 60.40 -112.26 0.00 244 226 1
288501 52.49 -1.89 60.40 -112.61 0.00 244 226 1
288643 52.49 -1.89 60.40 -112.26 0.00 244 226 1
288784 52.49 -1.89 60.40 -112.26 0.00 244 226 1
288924 52.49 -1.89 60.40 -112.26 0.00 244 226 1
289065 52.49 -1.89 60.40 -112.61 0.00 244 226 1
289207 52.49 -1.89 60.40 -113.31 0.00 244 226 1
289348 52.49 -1.89 60.80 -112.96 0.00 244 227 1
289490 52.49 -1.89 65.60 -111.55 0.00 244 226 1
289632 52.49 -1.89 72.50 -112.26 0.00 254 226 1
289773 52.49 -1.89 77.10 -114.37 0.00 269 226 1
289914 52.49 -1.89 80.60 -116.13 0.00 279 228 1
290056 52.49 -1.89 83.90 -116.48 0.00 286 230 1
290199 52.49 -1.89 87.30 -116.83 0.00 292 230 1
290340 52.49 -1.89 87.70 -117.89 0.00 300 230 1
290483 52.49 -1.89 88.10 -117.54 0.00 300 231 1
290624 52.49 -1.89 88.50 -117.89 0.00 302 231 1
290764 52.49 -1.89 88.70 -117.89 0.00 302 231 1
290906 52.49 -1.89 88.70 -117.54 0.00 302 231 1
291047 52.49 -1.89 88.70 -117.89 0.00 302 231 1
291188 52.49 -1.89 88.70 -117.89 0.00 302 231 1
291330 52.49 -1.89 88.70 -117.54 0.00 302 231 1
291472 52.49 -1.89 88.70 -117.89 0.00 302 231 1
291613 52.49 -1.89 88.70 -117.54 0.00 302 231 1
291755 52.49 -1.89 88.70 -117.89 0.00 302 231 1
291895 52.49 -1.89 88.70 -117.89 0.00 302 231 1
292036 52.49 -1.89 88.70 -117.89 0.00 302 231 1
292177 52.49 -1.89 88.70 -117.89 0.00 302 231 1
292319 52.49 -1.89 88.70 -117.89 0.00 302 231 1
292461 52.49 -1.89 88.70 -117.89 0.00 302 231 1
292603 52.49 -1.89 88.70 -117.89 0.00 302 231 1
292744 52.49 -1.89 88.70 -117.89 0.00 302 231 1
292885 52.49 -1.89 88.70 -118.24 0.00 302 231 1
293026 52.49 -1.89 88.70 -119.65 0.00 302 232 1
293168 52.49 -1.89 88.70 -122.11 0.00 302 232 1
293309 52.49 -1.89 88.70 -124.57 0.00 302 234 1
293450 52.49 -1.89 88.70 -127.04 0.00 302 236 1
293593 52.49 -1.89 88.70 -128.45 0.00 302 238 1
293733 52.49 -1.89 88.70 -129.15 0.00 302 240 1
293874 52.49 -1.89 88.70 -129.15 0.00 302 240 1
294016 52.49 -1.89 88.70 -129.15 0.00 302 240 1
294157 52.49 -1.89 88.70 -129.15 0.00 302 240 1
294298 52.49 -1.89 88.70 -129.15 0.00 302 240 1
294439 52.49 -1.89 88.70 -129.15 0.00 302 240 1
294582 52.49 -1.89 88.70 -128.80 0.00 302 240 1
294723 52.49 -1.89 88.70 -128.80 0.00 302 240 1
294863 52.49 -1.89 88.70 -128.80 0.00 302 240 1
295005 52.49 -1.89 88.70 -128.80 0.00 302 240 1
295146 52.49 -1.89 88.70 -128.80 0.00 302 240 1
295287 52.49 -1.89 88.70 -128.80 0.00 302 240 1
295429 52.49 -1.89 88.70 -128.80 0.00 302 240 1
295572 52.49 -1.89 88.70 -128.80 0.00 302 240 1
295713 52.49 -1.89 88.70 -128.45 0.00 302 240 1
295853 52.49 -1.89 88.70 -127.74 0.00 302 240 1
295994 52.49 -1.89 88.70 -126.69 0.00 302 238 1
296135 52.49 -1.89 88.70 -125.63 0.00 302 237 1
296276 52.49 -1.89 88.70 -124.93 0.00 302 236 1
296418 52.49 -1.89 88.70 -124.93 0.00 302 236 1
296561 52.49 -1.89 88.70 -124.93 0.00 302 236 1
296702 52.49 -1.89 88.70 -124.57 0.00 302 236 1
296843 52.49 -1.89 88.70 -124.93 0.00 302 236 1
296984 52.49 -1.89 88.70 -124.57 0.00 302 236 1
297125 52.49 -1.89 88.70 -124.57 0.00 302 236 1
297267 52.49 -1.89 88.70 -124.57 0.00 302 236 1
297408 52.49 -1.89 88.70 -124.93 0.00 302 236 1
297550 52.49 -1.89 88.70 -124.57 0.00 302 236 1
297692 52.49 -1.89 88.70 -124.57 0.00 302 236 1
297832 52.49 -1.89 88.70 -124.57 0.00 302 236 1
297973 52.49 -1.89 88.70 -124.57 0.00 302 236 1
298115 52.49 -1.89 88.70 -124.57 0.00 302 236 1
298256 52.49 -1.89 88.70 -124.57 0.00 302 236 1
298397 52.49 -1.89 88.70 -124.57 0.00 302 236 1
298540 52.49 -1.89 88.70 -124.57 0.00 302 236 1
298681 52.49 -1.89 88.70 -124.22 0.00 302 236 1
298821 52.49 -1.89 88.70 -124.57 0.00 302 236 1
298962 52.49 -1.89 88.70 -124.22 0.00 302 236 1
299104 52.49 -1.89 88.60 -123.87 0.00 302 236 1
299245 52.49 -1.89 88.60 -123.87 0.00 302 235 1
299386 52.49 -1.89 88.60 -123.87 0.00 302 235 1
299530 52.49 -1.89 88.60 -124.22 0.00 302 235 1
299670 52.49 -1.89 88.60 -123.87 0.00 302 236 1
299811 52.49 -1.89 88.60 -123.87 0.00 302 235 1
299953 52.49 -1.89 88.60 -123.87 0.00 302 235 1
300094 52.49 -1.89 88.60 -123.87 0.00 302 235 1
300235 52.49 -1.89 88.60 -123.17 0.00 302 235 1
300377 52.49 -1.89 88.60 -131.96 0.00 302 235 1
300519 52.49 -1.89 88.60 -151.32 0.00 302 242 1
300659 52.49 -1.89 88.60 -160.82 0.00 302 256 1
300802 52.49 -1.89 88.60 -167.51 0.00 302 264 1
300942 52.49 -1.89 88.60 -165.04 0.00 302 270 1
301083 52.49 -1.89 88.60 -162.58 0.00 302 267 1
301224 52.49 -1.89 88.60 -159.77 0.00 302 265 1
301366 52.49 -1.89 88.60 -156.60 0.00 302 263 1
301508 52.49 -1.89 88.60 -153.78 0.00 302 261 1
301649 52.49 -1.89 88.60 -151.67 0.00 302 258 1
301790 52.49 -1.89 88.60 -151.32 0.00 302 256 1
301931 52.49 -1.89 88.60 -150.97 0.00 302 256 1
302072 52.49 -1.89 88.60 -150.97 0.00 302 256 1
302214 52.49 -1.89 88.60 -150.26 0.00 302 256 1
302355 52.49 -1.89 88.60 -148.86 0.00 302 256 1
302497 52.49 -1.89 88.70 -143.23 0.00 302 254 1
302639 52.49 -1.89 89.50 -135.48 0.00 302 251 1
302780 52.49 -1.89 89.00 -129.50 0.00 305 244 1
302920 52.49 -1.89 87.20 -126.69 0.00 302 240 1
303062 52.49 -1.89 85.50 -127.04 0.00 300 237 1
303203 52.49 -1.89 85.30 -127.74 0.00 296 238 1
303344 52.49 -1.89 85.00 -132.32 0.00 296 238 1
303486 52.49 -1.89 83.90 -142.87 0.00 294 242 1
303628 52.49 -1.89 81.60 -159.77 0.00 292 250 1
303769 52.49 -1.89 77.50 -177.36 0.00 288 263 1
303909 52.49 -1.89 70.70 166.80 0.00 279 276 1
304052 52.49 -1.89 61.40 151.67 0.00 265 268 1
304193 52.49 -1.89 48.30 135.48 0.00 246 256 1
304334 52.49 -1.89 35.20 123.17 0.00 218 244 1
304476 52.49 -1.89 23.50 118.59 0.00 200 235 1
304618 52.49 -1.89 13.70 120.70 0.00 200 232 1
304758 52.49 -1.89 4.40 122.11 0.00 200 233 1
304900 52.49 -1.89 -0.90 123.17 0.00 200 234 1
305041 52.49 -1.89 -1.50 126.33 0.00 200 235 1
305182 52.49 -1.89 0.60 129.15 0.00 200 237 1
305324 52.49 -1.89 5.60 131.96 0.00 200 240 1
305465 52.49 -1.89 11.30 131.96 0.00 200 242 1
305607 52.49 -1.89 14.50 131.61 0.00 200 242 1
305747 52.49 -1.89 16.50 131.61 0.00 200 242 1
305889 52.49 -1.89 17.80 131.61 0.00 200 242 1
306030 52.49 -1.89 18.80 130.91 0.00 200 242 1
306171 52.49 -1.89 18.70 130.56 0.00 200 241 1
306313 52.49 -1.89 18.30 129.85 0.00 200 241 1
306454 52.49 -1.89 15.50 129.50 0.00 200 240 1
306597 52.49 -1.89 11.90 129.85 0.00 200 240 1
306738 52.49 -1.89 11.10 130.56 0.00 200 240 1
306878 52.49 -1.89 11.50 130.91 0.00 200 241 1
307019 52.49 -1.89 11.90 130.56 0.00 200 241 1
307161 52.49 -1.89 12.40 130.21 0.00 200 241 1
307302 52.49 -1.89 11.50 130.21 0.00 200 241 1
307443 52.49 -1.89 11.70 130.21 0.00 200 241 1
307587 52.49 -1.89 12.20 131.96 0.00 200 241 1
307727 52.49 -1.89 13.50 132.67 0.00 200 242 1
307868 52.49 -1.89 15.70 133.02 0.00 200 242 1
308009 52.49 -1.89 20.10 133.72 0.00 200 243 1
308151 52.49 -1.89 26.20 134.43 0.00 200 243 1
308292 52.49 -1.89 34.10 136.89 0.00 200 244 1
308433 52.49 -1.89 42.60 140.76 0.00 200 245 1
308576 52.49 -1.89 50.60 142.17 0.00 206 248 1
308717 52.49 -1.89 54.20 143.58 0.00 223 250 1
308857 52.49 -1.89 56.70 144.63 0.00 231 251 1
308999 52.49 -1.89 57.30 144.28 0.00 235 252 1
309140 52.49 -1.89 54.70 143.23 0.00 237 252 1
309281 52.49 -1.89 50.40 143.23 0.00 231 251 1
309423 52.49 -1.89 46.70 143.58 0.00 223 251 1
309565 52.49 -1.89 43.80 142.52 0.00 214 251 1
309706 52.49 -1.89 41.90 144.28 0.00 208 250 1
309847 52.49 -1.89 40.70 146.04 0.00 204 252 1
309988 52.49 -1.89 39.30 146.04 0.00 202 253 1
310129 52.49 -1.89 39.30 147.80 0.00 200 253 1
310270 52.49 -1.89 40.30 148.15 0.00 200 254 1
310412 52.49 -1.89 41.60 148.50 0.00 202 254 1
310555 52.49 -1.89 43.40 148.86 0.00 204 254 1
310696 52.49 -1.89 44.10 147.45 0.00 208 254 1
310836 52.49 -1.89 42.20 146.39 0.00 210 254 1
310977 52.49 -1.89 39.30 146.04 0.00 206 253 1
311118 52.49 -1.89 37.00 147.10 0.00 200 253 1
311260 52.49 -1.89 35.00 147.80 0.00 200 254 1
311401 52.49 -1.89 34.30 151.67 0.00 200 254 1
311544 52.49 -1.89 34.90 155.89 0.00 200 256 1
311685 52.49 -1.89 35.50 157.65 0.00 200 260 1
311827 52.49 -1.89 36.30 158.71 0.00 200 262 1
311967 52.49 -1.89 37.10 159.06 0.00 200 262 1
312109 52.49 -1.89 39.00 161.17 0.00 200 263 1
312250 52.49 -1.89 40.80 161.88 0.00 200 264 1
312391 52.49 -1.89 42.80 165.04 0.00 202 264 1
312534 52.49 -1.89 46.10 167.16 0.00 206 267 1
312674 52.49 -1.89 50.10 170.32 0.00 214 270 1
312816 52.49 -1.89 52.40 170.67 0.00 223 272 1
312956 52.49 -1.89 53.40 170.32 0.00 227 272 1
313098 52.49 -1.89 54.00 170.32 0.00 229 272 1
313239 52.49 -1.89 54.60 170.67 0.00 229 272 1
313380 52.49 -1.89 56.20 170.67 0.00 231 272 1
313523 52.49 -1.89 58.80 171.03 0.00 235 272 1
313664 52.49 -1.89 61.90 171.73 0.00 239 272 1
313805 52.49 -1.89 63.30 169.27 0.00 246 272 1
313946 52.49 -1.89 63.90 169.62 0.00 250 271 1
314107 52.49 -1.89 65.50 169.97 0.00 250 271 1
314249 52.49 -1.89 67.50 170.32 0.00 254 271 1
314390 52.49 -1.89 70.10 171.73 0.00 258 272 1
314532 52.49 -1.89 74.30 176.30 0.00 265 272 1
314674 52.49 -1.89 78.60 -178.77 0.00 273 276 1
314815 52.49 -1.89 81.40 -177.01 0.00 281 277 1
314955 52.49 -1.89 83.90 -174.55 0.00 288 276 1
315097 52.49 -1.89 86.60 -171.38 0.00 292 274 1
315238 52.49 -1.89 87.60 -171.03 0.00 298 272 1
315379 52.49 -1.89 87.20 -170.32 0.00 300 272 1
315522 52.49 -1.89 87.00 -168.56 0.00 300 272 1
315663 52.49 -1.89 88.60 -164.34 0.00 298 270 1
315804 52.49 -1.89 88.80 -162.93 0.00 302 266 1
315944 52.49 -1.89 87.90 -161.52 0.00 302 265 1
316087 52.49 -1.89 85.30 -162.23 0.00 300 264 1
316228 52.49 -1.89 83.20 -159.06 0.00 296 265 1
316369 52.49 -1.89 83.50 -150.97 0.00 292 263 1
316511 52.49 -1.89 85.80 -140.06 0.00 292 256 1
316652 52.49 -1.89 89.30 -124.22 0.00 296 248 1
316793 52.49 -1.89 91.70 -109.79 0.00 305 236 1
316935 52.49 -1.89 91.50 -97.48 0.00 307 224 1
317076 52.49 -1.89 90.70 -85.87 0.00 307 215 1
317217 52.49 -1.89 88.30 -74.60 0.00 305 206 1
317359 52.49 -1.89 86.90 -61.94 0.00 302 197 1
317500 52.49 -1.89 86.80 -46.45 0.00 298 187 1
317642 52.49 -1.89 87.30 -29.21 0.00 298 280 1
317783 52.49 -1.89 88.40 -12.32 0.00 300 280 1
317924 52.49 -1.89 87.80 -0.00 0.00 302 280 1
318065 52.49 -1.89 86.00 0.00 0.00 300 280 1
318206 52.49 -1.89 83.00 7.04 0.00 296 280 1
318348 52.49 -1.89 81.80 9.85 0.00 290 280 1
318490 52.49 -1.89 80.00 14.08 0.00 288 280 1
318631 52.49 -1.89 80.80 15.84 0.00 284 280 1
318773 52.49 -1.89 83.70 14.78 0.00 286 280 1
318913 52.49 -1.89 84.50 10.21 0.00 292 280 1
319054 52.49 -1.89 84.30 6.69 0.00 294 280 1
319196 52.49 -1.89 83.10 12.67 0.00 294 280 1
319337 52.49 -1.89 82.30 3.87 0.00 292 280 1
319478 52.49 -1.89 80.50 4.22 0.00 290 280 1
319622 52.49 -1.89 80.00 4.22 0.00 286 280 1
319762 52.49 -1.89 81.40 3.17 0.00 284 280 1
319903 52.49 -1.89 80.90 2.46 0.00 288 280 1
320045 52.49 -1.89 79.30 2.11 0.00 286 280 1
320186 52.49 -1.89 77.20 2.11 0.00 284 280 1
320327 52.49 -1.89 76.00 0.00 0.00 279 280 1
320468 52.49 -1.89 75.10 0.00 0.00 275 280 1
320611 52.49 -1.89 77.20 0.00 0.00 275 280 1
320751 52.49 -1.89 81.70 0.00 0.00 279 280 1
320892 52.49 -1.89 85.10 0.00 0.00 288 280 1
321034 52.49 -1.89 85.90 11.26 0.00 296 280 1
321175 52.49 -1.89 86.80 -0.00 0.00 296 280 1
321316 52.49 -1.89 86.70 -0.00 0.00 298 280 1
321458 52.49 -1.89 86.90 -0.00 0.00 298 280 1
321600 52.49 -1.89 88.60 -0.00 0.00 298 280 1
321741 52.49 -1.89 91.80 -0.00 0.00 302 280 1
321882 52.49 -1.89 94.70 -0.00 0.00 307 280 1
322023 52.49 -1.89 93.60 -0.00 0.00 313 280 1
322164 52.49 -1.89 91.40 -0.00 0.00 311 280 1
322306 52.49 -1.89 88.90 -0.00 0.00 307 280 1
322447 52.49 -1.89 86.70 -0.00 0.00 302 280 1
322590 52.49 -1.89 84.10 -0.00 0.00 298 280 1
322731 52.49 -1.89 82.80 0.00 0.00 294 280 1
322871 52.49 -1.89 84.10 0.00 0.00 290 280 1
323012 52.49 -1.89 84.00 0.00 0.00 294 280 1
323153 52.49 -1.89 83.10 0.00 0.00 292 280 1
323295 52.49 -1.89 83.50 0.00 0.00 292 280 1
323436 52.49 -1.89 83.00 0.00 0.00 292 280 1
323579 52.49 -1.89 82.00 0.00 0.00 290 280 1
323721 52.49 -1.89 81.50 0.00 0.00 288 280 1
323861 52.49 -1.89 83.90 0.00 0.00 288 280 1
324002 52.49 -1.89 87.40 0.00 0.00 292 280 1
324144 52.49 -1.89 90.40 0.00 0.00 300 280 1
324285 52.49 -1.89 91.70 0.00 0.00 305 280 1
324426 52.49 -1.89 91.30 0.35 0.00 307 280 1
324569 52.49 -1.89 90.70 0.00 0.00 307 280 1
324710 52.49 -1.89 90.40 0.00 0.00 305 280 1
324850 52.49 -1.89 91.10 0.00 0.00 305 280 1
324992 52.49 -1.89 91.30 0.00 0.00 307 280 1
325133 52.49 -1.89 89.60 0.00 0.00 307 280 1
325274 52.49 -1.89 87.70 0.00 0.00 305 280 1
325415 52.49 -1.89 86.10 0.00 0.00 300 280 1
325558 52.49 -1.89 84.80 0.00 0.00 298 280 1
325699 52.49 -1.89 83.60 0.00 0.00 294 280 1
325839 52.49 -1.89 83.80 0.00 0.00 292 280 1
325981 52.49 -1.89 84.90 0.00 0.00 292 280 1
326122 52.49 -1.89 84.90 0.00 0.00 294 280 1
326263 52.49 -1.89 83.40 -0.00 0.00 294 280 1
326405 52.49 -1.89 81.60 -0.00 0.00 292 280 1
326548 52.49 -1.89 81.60 -0.00 0.00 288 280 1
326688 52.49 -1.89 81.40 -0.00 0.00 288 280 1
326830 52.49 -1.89 81.50 -0.00 0.00 288 280 1
326970 52.49 -1.89 83.00 -0.00 0.00 288 280 1
327111 52.49 -1.89 84.00 -0.00 0.00 290 280 1
327252 52.49 -1.89 83.90 -0.00 0.00 292 280 1
327394 52.49 -1.89 83.80 -0.00 0.00 292 280 1
327536 52.49 -1.89 83.10 -0.00 0.00 292 280 1
327677 52.49 -1.89 82.40 -0.00 0.00 292 280 1
327819 52.49 -1.89 84.20 -0.00 0.00 290 280 1
327960 52.49 -1.89 86.20 -0.00 0.00 294 280 1
328101 52.49 -1.89 87.40 -0.00 0.00 298 280 1
328243 52.49 -1.89 86.60 -0.00 0.00 300 280 1
328384 52.49 -1.89 84.70 0.00 0.00 298 280 1
328526 52.49 -1.89 83.30 0.00 0.00 294 280 1
328668 52.49 -1.89 82.80 0.00 0.00 292 280 1
328808 52.49 -1.89 82.40 0.00 0.00 290 280 1
328949 52.49 -1.89 83.00 0.00 0.00 290 280 1
329091 52.49 -1.89 84.20 0.00 0.00 290 280 1
329232 52.49 -1.89 84.60 0.00 0.00 294 280 1
329373 52.49 -1.89 83.50 0.00 0.00 294 280 1
329516 52.49 -1.89 82.80 0.00 0.00 292 280 1
329657 52.49 -1.89 83.00 0.00 0.00 290 280 1
329798 52.49 -1.89 82.00 0.00 0.00 290 280 1
329938 52.49 -1.89 82.40 0.00 0.00 288 280 1
330080 52.49 -1.89 82.70 0.00 0.00 290 280 1
330221 52.49 -1.89 82.70 0.00 0.00 290 280 1
330362 52.49 -1.89 82.40 -0.00 0.00 290 280 1
330505 52.49 -1.89 80.60 -0.35 0.00 290 280 1
330646 52.49 -1.89 80.50 0.00 0.00 286 280 1
330787 52.49 -1.89 80.90 0.00 0.00 286 280 1
330928 52.49 -1.89 82.20 0.00 0.00 286 280 1
331070 52.49 -1.89 82.80 0.00 0.00 290 280 1
331211 52.49 -1.89 81.40 0.00 0.00 290 280 1
331353 52.49 -1.89 80.30 0.00 0.00 288 280 1
331494 52.49 -1.89 78.70 0.00 0.00 286 280 1
331636 52.49 -1.89 78.20 0.00 0.00 281 280 1
331777 52.49 -1.89 79.00 0.00 0.00 281 280 1
331918 52.49 -1.89 79.70 0.00 0.00 281 280 1
332059 52.49 -1.89 82.00 0.00 0.00 284 280 1
332200 52.49 -1.89 81.70 0.00 0.00 288 280 1
332342 52.49 -1.89 81.50 0.00 0.00 288 280 1
332483 52.49 -1.89 80.80 0.00 0.00 288 280 1
332626 52.49 -1.89 79.70 0.00 0.00 286 280 1
332766 52.49 -1.89 79.60 0.00 0.00 284 280 1
332907 52.49 -1.89 79.80 0.00 0.00 284 280 1
333048 52.49 -1.89 81.20 0.00 0.00 284 280 1
333190 52.49 -1.89 81.80 0.00 0.00 288 280 1
333331 52.49 -1.89 81.50 0.00 0.00 288 280 1
333472 52.49 -1.89 80.80 0.00 0.00 288 280 1
333615 52.49 -1.89 80.10 0.00 0.00 286 280 1
333756 52.49 -1.89 80.30 0.00 0.00 286 280 1
333896 52.49 -1.89 82.10 0.35 0.00 286 280 1
334038 52.49 -1.89 85.00 0.00 0.00 290 280 1
334179 52.49 -1.89 87.40 0.00 0.00 294 280 1
334320 52.49 -1.89 87.90 0.00 0.00 300 280 1
334461 52.49 -1.89 87.70 0.00 0.00 300 280 1
334605 52.49 -1.89 86.30 0.00 0.00 300 280 1
334745 52.49 -1.89 86.00 0.00 0.00 298 280 1
334885 52.49 -1.89 86.50 0.00 0.00 296 280 1
335028 52.49 -1.89 88.90 0.00 0.00 298 280 1
335169 52.49 -1.89 90.70 0.00 0.00 302 280 1
335310 52.49 -1.89 90.60 0.35 0.00 305 280 1
335452 52.49 -1.89 90.20 0.00 0.00 305 280 1
335594 52.49 -1.89 89.10 0.00 0.00 305 280 1
335734 52.49 -1.89 87.30 0.00 0.00 305 280 1
335876 52.49 -1.89 86.40 0.00 0.00 300 280 1
336017 52.49 -1.89 86.20 0.35 0.00 298 280 1
336158 52.49 -1.89 87.50 0.00 0.00 298 280 1
336300 52.49 -1.89 87.50 0.00 0.00 300 280 1
336441 52.49 -1.89 87.10 0.00 0.00 300 280 1
336583 52.49 -1.89 86.70 0.00 0.00 300 280 1
336724 52.49 -1.89 85.10 0.00 0.00 298 280 1
336865 52.49 -1.89 83.60 0.00 0.00 296 280 1
337006 52.49 -1.89 83.20 0.00 0.00 292 280 1
337147 52.49 -1.89 84.50 0.00 0.00 292 280 1
337289 52.49 -1.89 84.60 0.00 0.00 294 280 1
337430 52.49 -1.89 83.90 0.00 0.00 294 280 1
337573 52.49 -1.89 83.10 0.00 0.00 292 280 1
337715 52.49 -1.89 82.20 0.00 0.00 292 280 1
337854 52.49 -1.89 81.30 0.00 0.00 290 280 1
337995 52.49 -1.89 81.30 0.00 0.00 288 280 1
338137 52.49 -1.89 83.50 0.00 0.00 288 280 1
338278 52.49 -1.89 85.20 0.00 0.00 292 280 1
338419 52.49 -1.89 85.10 0.00 0.00 296 280 1
338563 52.49 -1.89 84.40 0.00 0.00 296 280 1
338704 52.49 -1.89 83.50 0.00 0.00 294 280 1
338844 52.49 -1.89 82.80 0.35 0.00 292 280 1
339005 52.49 -1.89 82.70 0.00 0.00 290 280 1
339146 52.49 -1.89 84.50 0.00 0.00 290 280 1
339288 52.49 -1.89 86.00 0.00 0.00 294 280 1
339429 52.49 -1.89 86.10 0.00 0.00 296 280 1
339572 52.49 -1.89 85.90 0.00 0.00 298 280 1
339714 52.49 -1.89 84.90 0.00 0.00 296 280 1
339854 52.49 -1.89 83.60 0.00 0.00 294 280 1
339995 52.49 -1.89 82.50 1.06 0.00 292 280 1
340136 52.49 -1.89 82.80 2.46 0.00 290 280 1
340278 52.49 -1.89 84.00 2.46 0.00 290 280 1
340419 52.49 -1.89 83.50 2.82 0.00 292 280 1
340561 52.49 -1.89 82.30 2.11 0.00 292 280 1
340703 52.49 -1.89 81.50 2.11 0.00 290 280 1
340843 52.49 -1.89 80.00 2.82 0.00 288 280 1
340984 52.49 -1.89 79.00 3.52 0.00 284 280 1
341126 52.49 -1.89 78.80 4.22 0.00 281 280 1
341267 52.49 -1.89 80.10 4.57 0.00 281 280 1
341408 52.49 -1.89 81.00 3.17 0.00 286 280 1
341551 52.49 -1.89 81.20 3.17 0.00 286 280 1
341693 52.49 -1.89 79.00 0.00 0.00 288 280 1
341832 52.49 -1.89 70.30 0.00 0.00 281 280 1
341974 52.49 -1.89 63.60 0.00 0.00 265 280 1
342115 52.49 -1.89 61.20 0.00 0.00 250 280 1
342256 52.49 -1.89 60.80 0.00 0.00 246 280 1
342397 52.49 -1.89 63.90 0.00 0.00 244 280 1
342540 52.49 -1.89 70.30 -0.00 0.00 250 280 1
342681 52.49 -1.89 77.30 -3.87 0.00 265 280 1
342822 52.49 -1.89 83.30 -20.76 0.00 279 280 1
342963 52.49 -1.89 86.20 -41.52 0.00 292 280 1
343104 52.49 -1.89 87.30 -61.94 0.00 298 280 1
343245 52.49 -1.89 87.00 -79.88 0.00 300 187 1
343387 52.49 -1.89 88.00 -90.44 0.00 298 202 1
343530 52.49 -1.89 88.30 -97.48 0.00 300 210 1
343670 52.49 -1.89 87.60 -99.94 0.00 302 215 1
343812 52.49 -1.89 86.70 -99.24 0.00 300 216 1
343953 52.49 -1.89 85.50 -97.48 0.00 298 216 1
344094 52.49 -1.89 84.20 -95.01 0.00 296 215 1
344236 52.49 -1.89 83.00 -92.90 0.00 294 214 1
344377 52.49 -1.89 82.20 -89.38 0.00 290 212 1
344518 52.49 -1.89 83.00 -86.22 0.00 290 210 1
344660 52.49 -1.89 83.30 -85.51 0.00 290 206 1
344801 52.49 -1.89 82.70 -85.87 0.00 292 206 1
344942 52.49 -1.89 82.00 -85.51 0.00 290 206 1
345083 52.49 -1.89 81.20 -84.81 0.00 288 206 1
345225 52.49 -1.89 81.10 -82.70 0.00 288 205 1
345366 52.49 -1.89 81.20 -79.88 0.00 288 204 1
345508 52.49 -1.89 82.50 -78.12 0.00 288 202 1
345650 52.49 -1.89 85.20 -77.42 0.00 290 201 1
345790 52.49 -1.89 87.80 -76.36 0.00 296 200 1
345931 52.49 -1.89 88.30 -73.90 0.00 300 200 1
346073 52.49 -1.89 87.20 -69.33 0.00 302 196 1
346214 52.49 -1.89 85.70 -64.40 0.00 300 194 1
346355 52.49 -1.89 83.70 -59.12 0.00 296 190 1
346498 52.49 -1.89 83.20 -53.49 0.00 292 186 1
346640 52.49 -1.89 85.30 -48.56 0.00 292 182 1
346779 52.49 -1.89 87.70 -48.56 0.00 296 280 1
346920 52.49 -1.89 88.40 -48.91 0.00 300 280 1
347062 52.49 -1.89 89.40 -49.62 0.00 302 280 1
347203 52.49 -1.89 89.80 -49.27 0.00 305 280 1
347345 52.49 -1.89 89.20 -49.27 0.00 305 280 1
347487 52.49 -1.89 87.90 -49.27 0.00 305 280 1
347629 52.49 -1.89 88.50 -49.62 0.00 300 280 1
347769 52.49 -1.89 89.30 -52.43 0.00 302 280 1
347911 52.49 -1.89 87.90 -55.25 0.00 305 181 1
348052 52.49 -1.89 86.70 -56.66 0.00 300 183 1
348193 52.49 -1.89 84.50 -56.66 0.00 298 184 1
348335 52.49 -1.89 82.40 -55.25 0.00 294 184 1
348476 52.49 -1.89 81.10 -55.60 0.00 290 183 1
348618 52.49 -1.89 81.60 -55.25 0.00 288 183 1
348759 52.49 -1.89 83.80 -55.60 0.00 288 183 1
348900 52.49 -1.89 85.50 -59.47 0.00 292 183 1
349041 52.49 -1.89 85.90 -66.51 0.00 296 186 1
349182 52.49 -1.89 85.20 -74.96 0.00 296 192 1
349324 52.49 -1.89 85.10 -82.70 0.00 296 197 1
349465 52.49 -1.89 85.80 -87.27 0.00 296 204 1
349607 52.49 -1.89 87.10 -88.68 0.00 296 207 1
349749 52.49 -1.89 86.60 -89.38 0.00 300 208 1
349889 52.49 -1.89 87.20 -89.38 0.00 298 210 1
350030 52.49 -1.89 89.20 -89.38 0.00 300 210 1
350172 52.49 -1.89 92.00 -89.74 0.00 305 210 1
350313 52.49 -1.89 94.90 -90.09 0.00 309 210 1
350454 52.49 -1.89 96.50 -91.85 0.00 313 210 1
350598 52.49 -1.89 97.50 -92.55 0.00 317 211 1
350738 52.49 -1.89 98.50 -92.55 0.00 319 212 1
350878 52.49 -1.89 98.70 -92.55 0.00 321 212 1
351021 52.49 -1.89 98.80 -92.55 0.00 321 212 1
351162 52.49 -1.89 98.80 -92.55 0.00 321 212 1
351303 52.49 -1.89 98.90 -92.90 0.00 321 212 1
351444 52.49 -1.89 99.70 -92.90 0.00 321 212 1
351587 52.49 -1.89 100.70 -93.26 0.00 323 212 1
351727 52.49 -1.89 101.20 -93.26 0.00 326 212 1
351868 52.49 -1.89 101.60 -92.90 0.00 328 212 1
352010 52.49 -1.89 102.00 -93.26 0.00 328 212 1
352151 52.49 -1.89 102.80 -93.26 0.00 330 212 1
352292 52.49 -1.89 106.00 -92.55 0.00 330 212 1
352434 52.49 -1.89 112.50 -92.20 0.00 338 212 1
352576 52.49 -1.89 124.20 -91.50 0.00 351 212 1
352717 52.49 -1.89 137.90 -91.50 0.00 376 211 1
352858 52.49 -1.89 152.00 -90.44 0.00 403 211 1
352999 52.49 -1.89 165.20 -87.27 0.00 410 210 1
353140 52.49 -1.89 178.10 -80.23 0.00 410 207 1
353282 52.49 -1.89 -167.20 -66.51 0.00 410 202 1
353423 52.49 -1.89 -154.50 -53.49 0.00 200 192 1
353566 52.49 -1.89 -143.50 -39.77 0.00 200 182 1
353705 52.49 -1.89 -135.30 -25.69 0.00 200 280 1
353848 52.49 -1.89 -128.90 -14.43 0.00 200 280 1
353988 52.49 -1.89 -124.70 -3.87 0.00 200 280 1
354129 52.49 -1.89 -123.00 -0.00 0.00 200 280 1
354271 52.49 -1.89 -121.20 0.00 0.00 200 280 1
354412 52.49 -1.89 -121.30 0.00 0.00 200 280 1
354555 52.49 -1.89 -119.80 2.11 0.00 200 280 1
354697 52.49 -1.89 -117.50 6.33 0.00 200 280 1
354836 52.49 -1.89 -114.40 9.50 0.00 200 280 1
354978 52.49 -1.89 -111.70 9.15 0.00 200 280 1
355120 52.49 -1.89 -110.50 9.85 0.00 200 280 1
355261 52.49 -1.89 -110.30 14.08 0.00 200 280 1
355402 52.49 -1.89 -109.10 17.60 0.00 200 280 1
355545 52.49 -1.89 -110.80 23.93 0.00 200 280 1
355685 52.49 -1.89 -110.20 33.78 0.00 200 280 1
355827 52.49 -1.89 -107.70 36.60 0.00 200 280 1
355968 52.49 -1.89 -106.10 33.43 0.00 200 280 1
356109 52.49 -1.89 -104.90 34.13 0.00 200 280 1
356250 52.49 -1.89 -104.00 34.84 0.00 200 280 1
356391 52.49 -1.89 -103.00 35.89 0.00 200 280 1
356534 52.49 -1.89 -100.50 36.95 0.00 200 280 1
356674 52.49 -1.89 -98.10 42.23 0.00 200 280 1
356816 52.49 -1.89 -93.70 49.62 0.00 200 280 1
356957 52.49 -1.89 -87.00 53.14 0.00 200 280 1
357098 52.49 -1.89 -82.00 52.79 0.00 200 182 1
357239 52.49 -1.89 -76.30 53.14 0.00 200 181 1
357381 52.49 -1.89 -70.30 56.66 0.00 200 182 1
357523 52.49 -1.89 -64.30 65.10 0.00 200 184 1
357664 52.49 -1.89 -56.10 76.01 0.00 200 191 1
357805 52.49 -1.89 -46.40 91.14 0.00 200 200 1
357946 52.49 -1.89 -33.30 110.15 0.00 200 211 1
358087 52.49 -1.89 -17.70 129.85 0.00 200 225 1
358228 52.49 -1.89 -4.60 152.02 0.00 200 240 1
358370 52.49 -1.89 9.10 -176.66 0.00 200 257 1
358512 52.49 -1.89 22.10 -143.23 0.00 200 276 1
358653 52.49 -1.89 32.30 -112.26 0.00 200 251 1
358795 52.49 -1.89 40.20 -87.62 0.00 200 226 1
358936 52.49 -1.89 46.70 -73.90 0.00 202 207 1
359077 52.49 -1.89 51.80 -70.73 0.00 214 196 1
359219 52.49 -1.89 57.70 -71.44 0.00 225 194 1
359360 52.49 -1.89 63.60 -72.49 0.00 237 195 1
359501 52.49 -1.89 69.20 -74.60 0.00 250 196 1
359644 52.49 -1.89 74.00 -75.31 0.00 263 197 1
359784 52.49 -1.89 78.70 -75.31 0.00 271 198 1
359925 52.49 -1.89 81.30 -78.48 0.00 281 198 1
360067 52.49 -1.89 81.90 -80.59 0.00 288 201 1
360208 52.49 -1.89 82.50 -79.88 0.00 288 202 1
360349 52.49 -1.89 83.50 -78.12 0.00 290 202 1
360491 52.49 -1.89 86.00 -74.96 0.00 292 201 1
360633 52.49 -1.89 89.80 -73.90 0.00 296 197 1
360773 52.49 -1.89 93.90 -73.20 0.00 305 196 1
360914 52.49 -1.89 97.50 -73.20 0.00 311 196 1
361056 52.49 -1.89 98.30 -73.20 0.00 319 196 1
361197 52.49 -1.89 97.30 -72.84 0.00 321 196 1
361338 52.49 -1.89 96.20 -71.44 0.00 319 196 1
361480 52.49 -1.89 95.60 -70.38 0.00 317 195 1
361623 52.49 -1.89 95.90 -69.68 0.00 315 194 1
361763 52.49 -1.89 94.70 -69.68 0.00 315 194 1
361904 52.49 -1.89 93.10 -68.62 0.00 313 194 1
362045 52.49 -1.89 91.10 -67.57 0.00 311 193 1
362186 52.49 -1.89 88.40 -66.86 0.00 307 192 1
362328 52.49 -1.89 85.90 -66.16 0.00 302 192 1
362470 52.49 -1.89 85.60 -66.16 0.00 296 192 1
362612 52.49 -1.89 87.20 -67.21 0.00 296 192 1
362753 52.49 -1.89 88.20 -71.09 0.00 300 192 1
362894 52.49 -1.89 88.60 -77.42 0.00 302 195 1
363035 52.49 -1.89 88.70 -78.48 0.00 302 200 1
363196 52.49 -1.89 87.60 -79.18 0.00 302 201 1
363337 52.49 -1.89 86.70 -79.53 0.00 300 202 1
363480 52.49 -1.89 85.70 -79.18 0.00 298 202 1
363622 52.49 -1.89 85.70 -78.83 0.00 296 202 1
363762 52.49 -1.89 87.50 -76.72 0.00 296 201 1
363904 52.49 -1.89 88.80 -76.72 0.00 300 200 1
364045 52.49 -1.89 88.80 -77.77 0.00 302 200 1
364186 52.49 -1.89 88.20 -77.07 0.00 302 200 1
364327 52.49 -1.89 86.60 -77.42 0.00 302 200 1
364469 52.49 -1.89 85.30 -77.42 0.00 298 200 1
364611 52.49 -1.89 85.60 -77.07 0.00 296 200 1
364752 52.49 -1.89 87.50 -77.07 0.00 296 200 1
364893 52.49 -1.89 89.30 -79.88 0.00 300 200 1
365034 52.49 -1.89 88.90 -81.99 0.00 305 202 1
365175 52.49 -1.89 88.20 -83.05 0.00 302 203 1
365317 52.49 -1.89 87.50 -78.83 0.00 302 204 1
365458 52.49 -1.89 88.00 -71.79 0.00 300 201 1
365600 52.49 -1.89 89.60 -65.10 0.00 300 195 1
365742 52.49 -1.89 92.40 -59.12 0.00 305 191 1
365882 52.49 -1.89 95.50 -57.71 0.00 309 186 1
366023 52.49 -1.89 95.20 -61.58 0.00 315 184 1
366164 52.49 -1.89 92.90 -66.51 0.00 315 187 1
366306 52.49 -1.89 90.10 -70.38 0.00 309 192 1
366447 52.49 -1.89 89.40 -76.36 0.00 305 194 1
366590 52.49 -1.89 87.20 -81.29 0.00 305 200 1
366731 52.49 -1.89 87.40 -83.40 0.00 300 203 1
366871 52.49 -1.89 89.20 -81.64 0.00 300 204 1
367012 52.49 -1.89 89.90 -83.40 0.00 305 203 1
367154 52.49 -1.89 89.10 -85.51 0.00 305 204 1
367295 52.49 -1.89 88.00 -89.03 0.00 305 206 1
367436 52.49 -1.89 87.70 -92.20 0.00 300 210 1
367580 52.49 -1.89 86.60 -96.42 0.00 300 212 1
367721 52.49 -1.89 86.20 -95.37 0.00 298 214 1
367861 52.49 -1.89 88.10 -87.98 0.00 298 214 1
368003 52.49 -1.89 88.90 -80.94 0.00 302 207 1
368144 52.49 -1.89 88.60 -75.66 0.00 302 202 1
368285 52.49 -1.89 87.60 -72.84 0.00 302 198 1
368427 52.49 -1.89 85.40 -71.79 0.00 300 196 1
368569 52.49 -1.89 85.00 -67.21 0.00 296 195 1
368710 52.49 -1.89 84.20 -64.75 0.00 294 192 1
368850 52.49 -1.89 85.80 -59.82 0.00 294 190 1
368992 52.49 -1.89 88.40 -54.90 0.00 296 186 1
369133 52.49 -1.89 89.40 -51.03 0.00 302 182 1
369274 52.49 -1.89 90.00 -45.04 0.00 305 180 1
369416 52.49 -1.89 90.00 -41.17 0.00 305 280 1
369558 52.49 -1.89 89.70 -39.41 0.00 305 280 1
369698 52.49 -1.89 89.50 -39.77 0.00 305 280 1
369841 52.49 -1.89 91.00 -39.41 0.00 305 280 1
369981 52.49 -1.89 93.60 -39.77 0.00 307 280 1
370122 52.49 -1.89 94.80 -39.77 0.00 311 280 1
370264 52.49 -1.89 94.40 -39.77 0.00 313 280 1
370405 52.49 -1.89 93.40 -39.41 0.00 313 280 1
370547 52.49 -1.89 91.50 -38.71 0.00 311 280 1
370689 52.49 -1.89 90.10 -38.36 0.00 307 280 1
370830 52.49 -1.89 90.00 -38.01 0.00 305 280 1
370971 52.49 -1.89 91.80 -37.65 0.00 305 280 1
371111 52.49 -1.89 93.70 -39.77 0.00 307 280 1
371253 52.49 -1.89 93.30 -41.52 0.00 311 280 1
371394 52.49 -1.89 92.10 -42.23 0.00 311 280 1
371537 52.49 -1.89 91.00 -42.58 0.00 309 280 1
371678 52.49 -1.89 89.80 -42.93 0.00 307 280 1
371819 52.49 -1.89 89.40 -42.58 0.00 305 280 1
371960 52.49 -1.89 90.40 -42.23 0.00 305 280 1
372102 52.49 -1.89 91.80 -42.58 0.00 305 280 1
372243 52.49 -1.89 91.80 -43.28 0.00 307 280 1
372384 52.49 -1.89 90.80 -43.99 0.00 307 280 1
372526 52.49 -1.89 89.20 -43.99 0.00 305 280 1
372668 52.49 -1.89 88.70 -42.93 0.00 305 280 1
372808 52.49 -1.89 88.10 -43.28 0.00 302 280 1
372950 52.49 -1.89 88.60 -41.52 0.00 302 280 1
373091 52.49 -1.89 89.60 -41.52 0.00 302 280 1
373232 52.49 -1.89 90.40 -40.82 0.00 305 280 1
373373 52.49 -1.89 90.70 -40.47 0.00 305 280 1
373516 52.49 -1.89 89.80 -40.82 0.00 305 280 1
373657 52.49 -1.89 88.90 -40.82 0.00 305 280 1
373797 52.49 -1.89 88.10 -39.41 0.00 302 280 1
373939 52.49 -1.89 88.70 -38.36 0.00 302 280 1
374080 52.49 -1.89 90.80 -37.65 0.00 302 280 1
374221 52.49 -1.89 91.70 -37.65 0.00 305 280 1
374363 52.49 -1.89 91.00 -38.01 0.00 307 280 1
374505 52.49 -1.89 89.50 -38.01 0.00 307 280 1
374646 52.49 -1.89 89.90 -36.25 0.00 305 280 1
374788 52.49 -1.89 90.90 -35.54 0.00 305 280 1
374928 52.49 -1.89 91.80 -33.78 0.00 305 280 1
375070 52.49 -1.89 92.80 -31.67 0.00 307 280 1
375212 52.49 -1.89 93.70 -29.91 0.00 309 280 1
375352 52.49 -1.89 92.60 -26.74 0.00 311 280 1
375494 52.49 -1.89 90.50 -23.58 0.00 309 280 1
375636 52.49 -1.89 88.80 -17.95 0.00 305 280 1
375777 52.49 -1.89 87.90 -14.43 0.00 302 280 1
375918 52.49 -1.89 87.20 -5.28 0.00 300 280 1
376059 52.49 -1.89 88.70 -0.00 0.00 300 280 1
376201 52.49 -1.89 90.20 0.00 0.00 302 280 1
376342 52.49 -1.89 89.70 0.70 0.00 305 280 1
376483 52.49 -1.89 88.80 5.63 0.00 305 280 1
376626 52.49 -1.89 87.40 10.56 0.00 302 280 1
376766 52.49 -1.89 87.50 11.61 0.00 300 280 1
376907 52.49 -1.89 87.50 14.43 0.00 300 280 1
377049 52.49 -1.89 88.40 16.54 0.00 300 280 1
377190 52.49 -1.89 90.50 17.60 0.00 302 280 1
377331 52.49 -1.89 90.40 18.30 0.00 305 280 1
377473 52.49 -1.89 90.00 18.65 0.00 305 280 1
377615 52.49 -1.89 88.40 19.00 0.00 305 280 1
377757 52.49 -1.89 87.50 19.00 0.00 302 280 1
377896 52.49 -1.89 86.80 21.82 0.00 300 280 1
378038 52.49 -1.89 87.40 25.69 0.00 298 280 1
378179 52.49 -1.89 89.40 28.15 0.00 300 280 1
378320 52.49 -1.89 90.60 28.15 0.00 305 280 1
378462 52.49 -1.89 90.00 28.50 0.00 305 280 1
378605 52.49 -1.89 89.00 28.50 0.00 305 280 1
378745 52.49 -1.89 87.90 28.50 0.00 302 280 1
378886 52.49 -1.89 87.10 28.86 0.00 300 280 1
379027 52.49 -1.89 86.70 28.15 0.00 300 280 1
379169 52.49 -1.89 87.70 28.50 0.00 298 280 1
379311 52.49 -1.89 88.90 25.34 0.00 300 280 1
379452 52.49 -1.89 87.50 22.87 0.00 302 280 1
379594 52.49 -1.89 86.80 21.47 0.00 300 280 1
379736 52.49 -1.89 85.30 19.71 0.00 298 280 1
379876 52.49 -1.89 85.50 18.30 0.00 296 280 1
380017 52.49 -1.89 84.50 20.41 0.00 296 280 1
380158 52.49 -1.89 86.10 21.82 0.00 294 280 1
380300 52.49 -1.89 88.30 20.76 0.00 298 280 1
380441 52.49 -1.89 88.30 19.35 0.00 302 280 1
380583 52.49 -1.89 87.80 19.71 0.00 302 280 1
380725 52.49 -1.89 86.80 19.71 0.00 300 280 1
380865 52.49 -1.89 85.90 20.41 0.00 298 280 1
381006 52.49 -1.89 85.90 20.06 0.00 296 280 1
381148 52.49 -1.89 86.00 22.17 0.00 296 280 1
381289 52.49 -1.89 87.30 23.93 0.00 296 280 1
381430 52.49 -1.89 88.50 22.52 0.00 300 280 1
381573 52.49 -1.89 88.40 22.17 0.00 302 280 1
381714 52.49 -1.89 87.90 22.87 0.00 302 280 1
381854 52.49 -1.89 87.10 23.23 0.00 300 280 1
381996 52.49 -1.89 87.60 21.47 0.00 300 280 1
382137 52.49 -1.89 87.00 21.82 0.00 300 280 1
382278 52.49 -1.89 88.30 22.52 0.00 298 280 1
382419 52.49 -1.89 90.70 21.47 0.00 302 280 1
382563 52.49 -1.89 91.50 21.82 0.00 305 280 1
382703 52.49 -1.89 92.00 23.93 0.00 307 280 1
382845 52.49 -1.89 91.10 25.69 0.00 309 280 1
382985 52.49 -1.89 89.90 26.04 0.00 307 280 1
383127 52.49 -1.89 90.10 26.04 0.00 305 280 1
383268 52.49 -1.89 90.60 27.10 0.00 305 280 1
383410 52.49 -1.89 91.80 27.10 0.00 305 280 1
383552 52.49 -1.89 94.10 27.10 0.00 307 280 1
383692 52.49 -1.89 95.30 27.45 0.00 313 280 1
383834 52.49 -1.89 94.70 26.39 0.00 315 280 1
383975 52.49 -1.89 93.00 26.74 0.00 313 280 1
384116 52.49 -1.89 91.40 26.74 0.00 311 280 1
384258 52.49 -1.89 90.70 26.04 0.00 307 280 1
384399 52.49 -1.89 90.60 26.39 0.00 305 280 1
384541 52.49 -1.89 91.90 25.69 0.00 305 280 1
384683 52.49 -1.89 92.20 22.87 0.00 307 280 1
384824 52.49 -1.89 87.30 17.95 0.00 309 280 1
384964 52.49 -1.89 78.60 11.61 0.00 300 280 1
385105 52.49 -1.89 65.70 5.98 0.00 281 280 1
385247 52.49 -1.89 49.80 4.22 0.00 254 280 1
385388 52.49 -1.89 32.00 5.98 0.00 221 280 1
385530 52.49 -1.89 9.50 7.39 0.00 200 280 1
385672 52.49 -1.89 -12.20 5.63 0.00 200 280 1
385813 52.49 -1.89 -27.30 11.61 0.00 200 280 1
385953 52.49 -1.89 -44.00 14.78 0.00 200 280 1
386095 52.49 -1.89 -57.30 16.19 0.00 200 280 1
386236 52.49 -1.89 -70.40 15.84 0.00 200 280 1
386377 52.49 -1.89 -84.00 16.19 0.00 200 280 1
386520 52.49 -1.89 -95.40 16.19 0.00 200 280 1
386662 52.49 -1.89 -104.20 16.19 0.00 200 280 1
386802 52.49 -1.89 -110.10 15.48 0.00 200 280 1
386942 52.49 -1.89 -117.80 13.02 0.00 200 280 1
387085 52.49 -1.89 -122.50 14.43 0.00 200 280 1
387226 52.49 -1.89 -124.70 15.84 0.00 200 280 1
387367 52.49 -1.89 -124.80 14.43 0.00 200 280 1
387529 52.49 -1.89 -125.60 11.26 0.00 200 280 1
387671 52.49 -1.89 -127.10 5.28 0.00 200 280 1
