17866 52.487022399902 -1.890198230743 92.60 163.28 0.00 204 230 1
17970 52.487022399902 -1.890198230743 88.80 165.04 0.00 204 230 1
18104 52.487022399902 -1.890198230743 87.90 165.04 0.00 403 267 1
18151 52.487022399902 -1.890198230743 87.90 165.04 0.00 403 267 1
18286 52.487022399902 -1.890198230743 88.90 165.04 0.00 403 267 1
18334 52.487022399902 -1.890198230743 89.90 164.69 0.00 403 267 1
18469 52.487022399902 -1.890198230743 102.30 164.69 0.00 403 266 1
18514 52.487022399902 -1.890198230743 102.30 164.69 0.00 403 266 1
18654 52.487022399902 -1.890198230743 102.30 165.04 0.00 407 266 1
18697 52.487022399902 -1.890198230743 102.30 164.69 0.00 407 266 1
18831 52.487022399902 -1.890198230743 102.10 164.34 0.00 407 266 1
18878 52.487022399902 -1.890198230743 102.10 164.34 0.00 407 266 1
19013 52.487022399902 -1.890198230743 102.10 165.04 0.00 407 266 1
19060 52.487022399902 -1.890198230743 102.10 165.04 0.00 407 266 1
19194 52.487022399902 -1.890198230743 102.10 165.04 0.00 407 267 1
19241 52.487022399902 -1.890198230743 102.10 165.04 0.00 407 267 1
19379 52.487022399902 -1.890198230743 102.10 165.40 0.00 407 267 1
19424 52.487022399902 -1.890198230743 102.10 165.04 0.00 407 267 1
19558 52.487022399902 -1.890198230743 102.10 165.04 0.00 407 267 1
19605 52.487022399902 -1.890198230743 102.10 164.69 0.00 407 267 1
19740 52.487022399902 -1.890198230743 102.10 165.04 0.00 407 266 1
19787 52.487022399902 -1.890198230743 102.10 165.04 0.00 407 266 1
19921 52.487022399902 -1.890198230743 102.20 164.69 0.00 407 267 1
19969 52.487022399902 -1.890198230743 102.20 165.04 0.00 407 267 1
20104 52.487022399902 -1.890198230743 102.20 165.75 0.00 407 267 1
20151 52.487022399902 -1.890198230743 102.20 165.75 0.00 407 267 1
20287 52.487022399902 -1.890198230743 102.10 166.10 0.00 407 267 1
20333 52.487022399902 -1.890198230743 102.10 166.45 0.00 407 267 1
20467 52.487022399902 -1.890198230743 102.00 166.45 0.00 407 268 1
20514 52.487022399902 -1.890198230743 101.90 166.10 0.00 407 268 1
20648 52.487022399902 -1.890198230743 101.80 166.45 0.00 407 268 1
20696 52.487022399902 -1.890198230743 101.70 167.16 0.00 407 268 1
20831 52.487022399902 -1.890198230743 101.70 167.86 0.00 407 270 1
20878 52.487022399902 -1.890198230743 101.70 167.86 0.00 407 270 1
21012 52.487022399902 -1.890198230743 101.80 167.51 0.00 407 270 1
21059 52.487022399902 -1.890198230743 101.70 166.45 0.00 407 270 1
21194 52.487022399902 -1.890198230743 101.80 165.04 0.00 407 268 1
21243 52.486907958984 -1.890056610107 101.80 163.99 0.00 407 268 1
21382 52.486907958984 -1.890056610107 102.10 162.93 0.00 407 266 1
21423 52.486907958984 -1.890056610107 102.10 162.93 0.00 407 266 1
21558 52.486907958984 -1.890056610107 102.10 163.28 0.00 407 265 1
21605 52.486907958984 -1.890056610107 102.10 163.28 0.00 407 265 1
21739 52.486907958984 -1.890056610107 102.10 162.58 0.00 407 266 1
21786 52.486907958984 -1.890056610107 102.10 162.58 0.00 407 266 1
21921 52.486907958984 -1.890056610107 102.10 161.52 0.00 407 265 1
21968 52.486907958984 -1.890056610107 102.20 161.17 0.00 407 265 1
22106 52.486907958984 -1.890056610107 102.10 160.82 0.00 407 264 1
22150 52.486907958984 -1.890056610107 102.20 161.17 0.00 407 264 1
22286 52.486907958984 -1.890056610107 102.10 161.17 0.00 407 264 1
22332 52.486907958984 -1.890056610107 102.20 161.52 0.00 407 264 1
22467 52.486907958984 -1.890056610107 102.20 161.52 0.00 407 264 1
22513 52.486907958984 -1.890056610107 102.20 161.52 0.00 407 264 1
22648 52.486907958984 -1.890056610107 102.20 161.52 0.00 407 264 1
22694 52.486907958984 -1.890056610107 102.20 161.52 0.00 407 264 1
22830 52.486907958984 -1.890056610107 102.20 161.52 0.00 407 264 1
22877 52.486907958984 -1.890056610107 102.20 161.52 0.00 407 264 1
23011 52.486907958984 -1.890056610107 102.20 161.88 0.00 407 264 1
23058 52.486907958984 -1.890056610107 102.20 161.88 0.00 407 264 1
23194 52.486907958984 -1.890056610107 102.20 161.88 0.00 407 264 1
23242 52.486892700195 -1.890038299560 102.20 161.88 0.00 407 264 1
23379 52.486892700195 -1.890038299560 102.20 161.88 0.00 407 264 1
23422 52.486892700195 -1.890038299560 102.20 161.52 0.00 407 264 1
23557 52.486892700195 -1.890038299560 102.10 161.17 0.00 407 264 1
23604 52.486892700195 -1.890038299560 102.10 160.82 0.00 407 264 1
23738 52.486892700195 -1.890038299560 102.10 161.17 0.00 407 264 1
23785 52.486892700195 -1.890038299560 102.10 161.17 0.00 407 264 1
23920 52.486892700195 -1.890038299560 102.10 160.47 0.00 407 264 1
23967 52.486892700195 -1.890038299560 102.10 160.47 0.00 407 264 1
24104 52.486892700195 -1.890038299560 102.10 160.82 0.00 407 264 1
24148 52.486892700195 -1.890038299560 102.10 160.82 0.00 407 264 1
24285 52.486892700195 -1.890038299560 102.10 161.88 0.00 407 264 1
24331 52.486892700195 -1.890038299560 102.10 161.88 0.00 407 264 1
24466 52.486892700195 -1.890038299560 102.10 162.23 0.00 407 264 1
24512 52.486892700195 -1.890038299560 102.10 162.23 0.00 407 264 1
24647 52.486892700195 -1.890038299560 102.10 162.23 0.00 407 265 1
24694 52.486892700195 -1.890038299560 102.10 162.23 0.00 407 265 1
24832 52.486892700195 -1.890038299560 102.10 162.23 0.00 407 265 1
24876 52.486892700195 -1.890038299560 102.10 162.23 0.00 407 265 1
25011 52.486892700195 -1.890038299560 102.20 162.93 0.00 407 265 1
25058 52.486892700195 -1.890038299560 102.30 162.93 0.00 407 265 1
25193 52.486892700195 -1.890038299560 102.30 162.93 0.00 407 265 1
25240 52.486892700195 -1.890038299560 102.30 162.58 0.00 407 265 1
25378 52.486885070800 -1.890026569366 102.30 161.88 0.00 407 265 1
25421 52.486885070800 -1.890026569366 102.30 161.52 0.00 407 265 1
25555 52.486885070800 -1.890026569366 102.40 160.82 0.00 407 264 1
25603 52.486885070800 -1.890026569366 102.40 160.47 0.00 407 264 1
25738 52.486885070800 -1.890026569366 102.40 159.77 0.00 407 264 1
25785 52.486885070800 -1.890026569366 102.40 159.77 0.00 407 264 1
25919 52.486885070800 -1.890026569366 102.40 159.06 0.00 407 263 1
25966 52.486885070800 -1.890026569366 102.40 158.71 0.00 407 263 1
26101 52.486885070800 -1.890026569366 102.50 158.36 0.00 407 262 1
26148 52.486885070800 -1.890026569366 102.40 158.36 0.00 407 262 1
26285 52.486885070800 -1.890026569366 102.40 157.65 0.00 407 262 1
26331 52.486885070800 -1.890026569366 102.50 157.65 0.00 407 262 1
26466 52.486885070800 -1.890026569366 102.50 157.65 0.00 407 262 1
26512 52.486885070800 -1.890026569366 102.50 157.65 0.00 407 262 1
26647 52.486885070800 -1.890026569366 102.40 158.36 0.00 407 262 1
26693 52.486885070800 -1.890026569366 102.50 159.06 0.00 407 262 1
26831 52.486885070800 -1.890026569366 102.50 159.77 0.00 407 263 1
26875 52.486885070800 -1.890026569366 102.50 159.77 0.00 407 263 1
27010 52.486885070800 -1.890026569366 102.50 159.77 0.00 407 263 1
27057 52.486885070800 -1.890026569366 102.30 160.12 0.00 407 263 1
27193 52.486885070800 -1.890026569366 100.60 160.47 0.00 407 264 1
27241 52.486862182617 -1.889964866638 99.60 160.47 0.00 407 264 1
27378 52.486862182617 -1.889964866638 98.80 160.12 0.00 407 264 1
27420 52.486862182617 -1.889964866638 98.80 160.12 0.00 407 264 1
27558 52.486862182617 -1.889964866638 98.90 160.82 0.00 407 264 1
27602 52.486862182617 -1.889964866638 98.90 160.82 0.00 407 264 1
27737 52.486862182617 -1.889964866638 99.10 160.82 0.00 407 264 1
27784 52.486862182617 -1.889964866638 99.10 160.82 0.00 407 264 1
27919 52.486862182617 -1.889964866638 99.40 160.47 0.00 407 264 1
27966 52.486862182617 -1.889964866638 99.40 160.47 0.00 407 264 1
28100 52.486862182617 -1.889964866638 99.50 160.82 0.00 407 264 1
28147 52.486862182617 -1.889964866638 99.50 160.82 0.00 407 264 1
28286 52.486862182617 -1.889964866638 99.50 161.17 0.00 407 264 1
28331 52.486862182617 -1.889964866638 99.50 161.17 0.00 407 264 1
28465 52.486862182617 -1.889964866638 99.50 160.82 0.00 407 264 1
28511 52.486862182617 -1.889964866638 99.50 160.82 0.00 407 264 1
28646 52.486862182617 -1.889964866638 99.50 161.17 0.00 407 264 1
28693 52.486862182617 -1.889964866638 99.50 161.17 0.00 407 264 1
28827 52.486862182617 -1.889964866638 99.50 161.52 0.00 407 264 1
28877 52.486862182617 -1.889964866638 99.50 161.52 0.00 407 264 1
29014 52.486862182617 -1.889964866638 99.50 161.17 0.00 407 264 1
29059 52.486862182617 -1.889964866638 99.50 161.17 0.00 407 264 1
29197 52.486862182617 -1.889964866638 99.50 161.52 0.00 407 264 1
29241 52.486862182617 -1.889964866638 99.50 161.52 0.00 407 264 1
29381 52.486843109130 -1.889916610717 99.50 161.52 0.00 407 264 1
29422 52.486843109130 -1.889916610717 99.50 161.52 0.00 407 264 1
29559 52.486843109130 -1.889916610717 99.50 161.52 0.00 407 264 1
29603 52.486843109130 -1.889916610717 99.50 161.52 0.00 407 264 1
29741 52.486843109130 -1.889916610717 99.50 161.52 0.00 407 264 1
29786 52.486843109130 -1.889916610717 99.50 161.52 0.00 407 264 1
29923 52.486843109130 -1.889916610717 99.50 161.52 0.00 407 264 1
29967 52.486843109130 -1.889916610717 99.50 161.52 0.00 407 264 1
30104 52.486843109130 -1.889916610717 99.50 161.52 0.00 407 264 1
30149 52.486843109130 -1.889916610717 99.50 161.52 0.00 407 264 1
30287 52.486843109130 -1.889916610717 99.50 161.52 0.00 407 264 1
30331 52.486843109130 -1.889916610717 99.50 161.52 0.00 407 264 1
30469 52.486843109130 -1.889916610717 99.50 161.17 0.00 407 264 1
30513 52.486843109130 -1.889916610717 99.50 160.82 0.00 407 264 1
30650 52.486843109130 -1.889916610717 100.10 161.17 0.00 407 264 1
30694 52.486843109130 -1.889916610717 100.50 160.47 0.00 407 264 1
30831 52.486843109130 -1.889916610717 101.80 159.06 0.00 407 264 1
30876 52.486843109130 -1.889916610717 102.40 157.30 0.00 407 264 1
31015 52.486843109130 -1.889916610717 104.20 155.89 0.00 407 262 1
31057 52.486843109130 -1.889916610717 104.60 155.54 0.00 407 262 1
31196 52.486843109130 -1.889916610717 106.10 154.49 0.00 407 260 1
31241 52.486843109130 -1.889916610717 106.90 153.78 0.00 407 260 1
31380 52.486835479736 -1.889908218383 109.80 146.74 0.00 407 258 1
31421 52.486835479736 -1.889908218383 111.20 143.58 0.00 407 258 1
31558 52.486835479736 -1.889908218383 115.70 134.78 0.00 410 251 1
31603 52.486835479736 -1.889908218383 117.00 133.02 0.00 410 251 1
31742 52.486835479736 -1.889908218383 120.70 133.72 0.00 410 243 1
31784 52.486835479736 -1.889908218383 121.40 135.13 0.00 410 243 1
31922 52.486835479736 -1.889908218383 122.60 143.93 0.00 410 244 1
31967 52.486835479736 -1.889908218383 122.90 146.39 0.00 410 244 1
32104 52.486835479736 -1.889908218383 123.70 151.32 0.00 410 253 1
32148 52.486835479736 -1.889908218383 123.90 152.38 0.00 410 253 1
32286 52.486835479736 -1.889908218383 123.10 156.60 0.00 410 257 1
32331 52.486835479736 -1.889908218383 122.50 157.65 0.00 410 257 1
32467 52.486835479736 -1.889908218383 121.10 158.36 0.00 410 262 1
32512 52.486835479736 -1.889908218383 120.80 158.36 0.00 410 262 1
32649 52.486835479736 -1.889908218383 120.10 156.60 0.00 410 262 1
32694 52.486835479736 -1.889908218383 119.80 156.25 0.00 410 262 1
32831 52.486835479736 -1.889908218383 119.60 154.13 0.00 410 261 1
32875 52.486835479736 -1.889908218383 119.80 153.08 0.00 410 261 1
33012 52.486835479736 -1.889908218383 120.10 151.32 0.00 410 258 1
33057 52.486835479736 -1.889908218383 119.20 151.67 0.00 410 258 1
33195 52.486835479736 -1.889908218383 117.10 153.43 0.00 410 256 1
33240 52.486835479736 -1.889908218383 116.40 154.13 0.00 410 256 1
33380 52.486831665039 -1.889899826049 112.90 155.89 0.00 410 260 1
33421 52.486831665039 -1.889899826049 111.00 156.95 0.00 410 260 1
33558 52.486831665039 -1.889899826049 103.40 166.80 0.00 410 261 1
33602 52.486831665039 -1.889899826049 99.70 171.38 0.00 410 261 1
33742 52.486831665039 -1.889899826049 89.70 -174.19 0.00 407 272 1
33784 52.486831665039 -1.889899826049 85.70 -169.62 0.00 407 272 1
33922 52.486831665039 -1.889899826049 75.10 -153.78 0.00 401 271 1
33966 52.486831665039 -1.889899826049 71.70 -147.80 0.00 401 271 1
34103 52.486831665039 -1.889899826049 59.30 -128.45 0.00 410 254 1
34148 52.486831665039 -1.889899826049 56.00 -121.76 0.00 410 254 1
34286 52.486831665039 -1.889899826049 45.60 -98.18 0.00 410 234 1
34330 52.486831665039 -1.889899826049 41.70 -90.44 0.00 410 234 1
34470 52.486831665039 -1.889899826049 31.60 -76.01 0.00 389 210 1
34511 52.486831665039 -1.889899826049 29.20 -75.66 0.00 389 210 1
34648 52.486831665039 -1.889899826049 22.90 -85.51 0.00 330 198 1
34693 52.486831665039 -1.889899826049 21.10 -91.14 0.00 330 198 1
34830 52.486831665039 -1.889899826049 17.90 -107.68 0.00 328 211 1
34875 52.486831665039 -1.889899826049 17.60 -111.91 0.00 328 211 1
35012 52.486831665039 -1.889899826049 17.60 -117.89 0.00 351 226 1
35056 52.486831665039 -1.889899826049 17.60 -117.89 0.00 351 226 1
35194 52.486831665039 -1.889899826049 18.50 -117.18 0.00 361 231 1
35240 52.486827850341 -1.889906692504 18.80 -116.83 0.00 361 231 1
35379 52.486827850341 -1.889906692504 18.40 -112.96 0.00 363 230 1
35420 52.486827850341 -1.889906692504 17.60 -110.50 0.00 363 230 1
35557 52.486827850341 -1.889906692504 13.50 -99.94 0.00 349 225 1
35602 52.486827850341 -1.889906692504 11.80 -95.72 0.00 349 225 1
35866 52.486827850341 -1.889906692504 -1.40 -76.36 0.00 305 214 1
35924 52.486827850341 -1.889906692504 -3.90 -76.01 0.00 305 214 1
36062 52.486827850341 -1.889906692504 -8.60 -77.07 0.00 269 200 1
36107 52.486827850341 -1.889906692504 -9.80 -77.07 0.00 269 200 1
36245 52.486827850341 -1.889906692504 -12.80 -77.07 0.00 258 200 1
36289 52.486827850341 -1.889906692504 -13.30 -77.07 0.00 258 200 1
36427 52.486827850341 -1.889906692504 -13.00 -77.42 0.00 252 200 1
36470 52.486827850341 -1.889906692504 -12.40 -77.07 0.00 252 200 1
36608 52.486827850341 -1.889906692504 -9.60 -77.42 0.00 254 200 1
36652 52.486827850341 -1.889906692504 -8.70 -77.07 0.00 254 200 1
36789 52.486827850341 -1.889906692504 -5.10 -77.42 0.00 260 200 1
36834 52.486827850341 -1.889906692504 -4.00 -77.42 0.00 260 200 1
36970 52.486827850341 -1.889906692504 -0.40 -77.42 0.00 267 200 1
37015 52.486827850341 -1.889906692504 0.70 -77.42 0.00 267 200 1
37152 52.486827850341 -1.889906692504 3.90 -77.77 0.00 275 200 1
37197 52.486827850341 -1.889906692504 4.80 -78.12 0.00 275 200 1
37340 52.486820220947 -1.889888191223 7.90 -78.48 0.00 284 201 1
37379 52.486820220947 -1.889888191223 8.80 -78.83 0.00 284 201 1
37516 52.486820220947 -1.889888191223 11.90 -80.23 0.00 290 201 1
37561 52.486820220947 -1.889888191223 12.70 -80.94 0.00 290 201 1
37698 52.486820220947 -1.889888191223 15.50 -84.46 0.00 298 202 1
37742 52.486820220947 -1.889888191223 16.30 -85.51 0.00 298 202 1
37879 52.486820220947 -1.889888191223 18.10 -90.44 0.00 305 206 1
37924 52.486820220947 -1.889888191223 18.40 -92.90 0.00 305 206 1
38064 52.486820220947 -1.889888191223 19.00 -102.40 0.00 321 212 1
38106 52.486820220947 -1.889888191223 19.00 -105.22 0.00 321 212 1
38244 52.486820220947 -1.889888191223 19.00 -112.96 0.00 344 222 1
38289 52.486820220947 -1.889888191223 19.00 -115.07 0.00 344 222 1
38426 52.486820220947 -1.889888191223 18.60 -117.89 0.00 361 230 1
38469 52.486820220947 -1.889888191223 18.40 -117.89 0.00 361 230 1
38607 52.486820220947 -1.889888191223 17.70 -117.54 0.00 363 231 1
38651 52.486820220947 -1.889888191223 17.50 -117.54 0.00 363 231 1
38791 52.486820220947 -1.889888191223 16.50 -117.89 0.00 359 231 1
38833 52.486820220947 -1.889888191223 16.10 -117.54 0.00 359 231 1
38970 52.486820220947 -1.889888191223 14.10 -117.54 0.00 355 231 1
39015 52.486820220947 -1.889888191223 13.10 -117.54 0.00 355 231 1
39152 52.486820220947 -1.889888191223 10.30 -117.54 0.00 347 231 1
39197 52.486820220947 -1.889888191223 9.50 -117.18 0.00 347 231 1
39336 52.486804962158 -1.889876556396 7.00 -116.48 0.00 332 231 1
39378 52.486804962158 -1.889876556396 6.50 -116.13 0.00 332 231 1
39515 52.486804962158 -1.889876556396 5.00 -115.43 0.00 319 230 1
39560 52.486804962158 -1.889876556396 4.60 -115.07 0.00 319 230 1
39697 52.486804962158 -1.889876556396 3.40 -114.37 0.00 311 230 1
39742 52.486804962158 -1.889876556396 3.00 -114.02 0.00 311 230 1
39878 52.486804962158 -1.889876556396 2.20 -112.96 0.00 305 228 1
39923 52.486804962158 -1.889876556396 1.80 -111.91 0.00 305 228 1
40060 52.486804962158 -1.889876556396 -0.90 -104.87 0.00 298 226 1
40126 52.486804962158 -1.889876556396 -2.80 -100.65 0.00 298 226 1
40263 52.486804962158 -1.889876556396 -8.60 -91.85 0.00 269 217 1
40308 52.486804962158 -1.889876556396 -11.10 -89.03 0.00 269 217 1
40445 52.486804962158 -1.889876556396 -19.10 -81.64 0.00 256 210 1
40488 52.486804962158 -1.889876556396 -21.60 -80.23 0.00 256 210 1
40626 52.486804962158 -1.889876556396 -29.80 -77.77 0.00 239 202 1
40671 52.486804962158 -1.889876556396 -33.10 -77.42 0.00 239 202 1
40810 52.486804962158 -1.889876556396 -42.10 -76.36 0.00 225 200 1
40852 52.486804962158 -1.889876556396 -44.00 -74.96 0.00 225 200 1
40989 52.486804962158 -1.889876556396 -53.70 -67.21 0.00 214 197 1
41034 52.486804962158 -1.889876556396 -56.40 -63.70 0.00 214 197 1
41172 52.486804962158 -1.889876556396 -66.00 -52.43 0.00 206 190 1
41217 52.486804962158 -1.889876556396 -69.00 -48.91 0.00 206 190 1
41357 52.486785888671 -1.889868259429 -79.90 -42.23 0.00 202 280 1
41398 52.486785888671 -1.889868259429 -83.30 -40.82 0.00 202 280 1
41537 52.486785888671 -1.889868259429 -95.30 -39.06 0.00 200 280 1
41579 52.486785888671 -1.889868259429 -98.90 -38.36 0.00 200 280 1
41716 52.486785888671 -1.889868259429 -111.10 -36.60 0.00 200 280 1
41761 52.486785888671 -1.889868259429 -114.50 -35.54 0.00 200 280 1
41899 52.486785888671 -1.889868259429 -125.80 -33.08 0.00 200 280 1
41943 52.486785888671 -1.889868259429 -129.40 -32.38 0.00 200 280 1
42080 52.486785888671 -1.889868259429 -138.40 -30.97 0.00 200 280 1
42125 52.486785888671 -1.889868259429 -141.70 -30.62 0.00 200 280 1
42263 52.486785888671 -1.889868259429 -149.70 -28.50 0.00 200 280 1
42307 52.486785888671 -1.889868259429 -152.00 -27.45 0.00 200 280 1
42444 52.486785888671 -1.889868259429 -158.70 -24.99 0.00 202 280 1
42488 52.486785888671 -1.889868259429 -160.50 -24.28 0.00 202 280 1
42626 52.486785888671 -1.889868259429 -165.50 -22.52 0.00 200 280 1
42670 52.486785888671 -1.889868259429 -166.80 -22.52 0.00 200 280 1
42807 52.486785888671 -1.889868259429 -168.30 -22.52 0.00 206 280 1
42852 52.486785888671 -1.889868259429 -168.40 -22.17 0.00 206 280 1
42989 52.486785888671 -1.889868259429 -168.00 -19.35 0.00 204 280 1
43033 52.486785888671 -1.889868259429 -167.80 -17.95 0.00 204 280 1
43170 52.486785888671 -1.889868259429 -167.20 -11.96 0.00 204 280 1
43216 52.486785888671 -1.889868259429 -167.00 -9.50 0.00 204 280 1
43356 52.486782073974 -1.889871597290 -166.30 0.00 0.00 202 280 1
43397 52.486782073974 -1.889871597290 -166.00 0.00 0.00 202 280 1
43537 52.486782073974 -1.889871597290 -165.40 0.00 0.00 200 280 1
43579 52.486782073974 -1.889871597290 -165.20 3.52 0.00 200 280 1
43716 52.486782073974 -1.889871597290 -165.00 18.30 0.00 200 280 1
43760 52.486782073974 -1.889871597290 -165.00 22.52 0.00 200 280 1
43897 52.486782073974 -1.889871597290 -164.80 35.54 0.00 200 280 1
43942 52.486782073974 -1.889871597290 -164.80 39.41 0.00 200 280 1
44080 52.486782073974 -1.889871597290 -164.70 49.27 0.00 200 280 1
44124 52.486782073974 -1.889871597290 -164.70 52.08 0.00 200 280 1
44265 52.486782073974 -1.889871597290 -164.00 57.01 0.00 200 181 1
44307 52.486782073974 -1.889871597290 -163.50 57.71 0.00 200 181 1
44444 52.486782073974 -1.889871597290 -162.60 59.47 0.00 200 184 1
44487 52.486782073974 -1.889871597290 -162.20 59.12 0.00 200 184 1
44624 52.486782073974 -1.889871597290 -160.70 59.12 0.00 200 186 1
44669 52.486782073974 -1.889871597290 -160.30 59.12 0.00 200 186 1
44807 52.486782073974 -1.889871597290 -159.30 58.77 0.00 200 186 1
44851 52.486782073974 -1.889871597290 -159.10 58.77 0.00 200 186 1
44988 52.486782073974 -1.889871597290 -158.50 58.77 0.00 200 185 1
45033 52.486782073974 -1.889871597290 -158.50 58.77 0.00 200 185 1
45170 52.486782073974 -1.889871597290 -159.60 58.77 0.00 200 185 1
45215 52.486782073974 -1.889871597290 -160.20 59.12 0.00 200 185 1
45355 52.486782073974 -1.889878177642 -163.20 58.77 0.00 200 186 1
45396 52.486782073974 -1.889878177642 -164.80 59.12 0.00 200 186 1
45534 52.486782073974 -1.889878177642 -170.40 58.77 0.00 200 186 1
45578 52.486782073974 -1.889878177642 -172.20 59.12 0.00 200 186 1
45715 52.486782073974 -1.889878177642 -179.50 59.12 0.00 200 186 1
45760 52.486782073974 -1.889878177642 178.20 59.12 0.00 200 186 1
45896 52.486782073974 -1.889878177642 168.90 59.12 0.00 407 186 1
45941 52.486782073974 -1.889878177642 166.00 59.12 0.00 407 186 1
46078 52.486782073974 -1.889878177642 155.80 59.47 0.00 410 186 1
46124 52.486782073974 -1.889878177642 151.70 59.82 0.00 410 186 1
46264 52.486782073974 -1.889878177642 139.20 61.58 0.00 407 186 1
46306 52.486782073974 -1.889878177642 135.50 62.29 0.00 407 186 1
46444 52.486782073974 -1.889878177642 123.10 64.75 0.00 410 188 1
46487 52.486782073974 -1.889878177642 118.80 65.81 0.00 410 188 1
46623 52.486782073974 -1.889878177642 107.90 68.97 0.00 410 191 1
46668 52.486782073974 -1.889878177642 104.70 70.38 0.00 410 191 1
46806 52.486782073974 -1.889878177642 93.50 74.96 0.00 407 194 1
46851 52.486782073974 -1.889878177642 90.40 76.72 0.00 407 194 1
46990 52.486782073974 -1.889878177642 78.60 79.88 0.00 403 200 1
47032 52.486782073974 -1.889878177642 75.60 80.23 0.00 403 200 1
47169 52.486782073974 -1.889878177642 66.30 79.88 0.00 393 202 1
47215 52.486782073974 -1.889878177642 63.50 79.53 0.00 393 202 1
47354 52.486782073974 -1.889884853363 54.10 77.07 0.00 380 202 1
47395 52.486782073974 -1.889884853363 51.10 76.01 0.00 380 202 1
47533 52.486782073974 -1.889884853363 44.30 73.55 0.00 361 200 1
47578 52.486782073974 -1.889884853363 42.90 73.55 0.00 361 200 1
47717 52.486782073974 -1.889884853363 39.40 74.60 0.00 349 196 1
47759 52.486782073974 -1.889884853363 38.20 76.01 0.00 349 196 1
47896 52.486782073974 -1.889884853363 35.80 78.83 0.00 340 200 1
47941 52.486782073974 -1.889884853363 35.30 79.18 0.00 340 200 1
48077 52.486782073974 -1.889884853363 35.30 79.18 0.00 336 202 1
48122 52.486782073974 -1.889884853363 35.60 79.18 0.00 336 202 1
48261 52.486782073974 -1.889884853363 37.50 79.53 0.00 336 202 1
48305 52.486782073974 -1.889884853363 37.90 80.23 0.00 336 202 1
48446 52.486782073974 -1.889884853363 38.30 81.29 0.00 340 202 1
48486 52.486782073974 -1.889884853363 38.40 81.64 0.00 340 202 1
48623 52.486782073974 -1.889884853363 38.10 81.64 0.00 340 203 1
48668 52.486782073974 -1.889884853363 38.10 81.99 0.00 340 203 1
48804 52.486782073974 -1.889884853363 38.80 81.99 0.00 340 203 1
48849 52.486782073974 -1.889884853363 38.90 82.35 0.00 340 203 1
48987 52.486782073974 -1.889884853363 38.30 83.05 0.00 342 204 1
49032 52.486782073974 -1.889884853363 38.10 83.05 0.00 342 204 1
49168 52.486782073974 -1.889884853363 37.90 82.70 0.00 340 204 1
49213 52.486782073974 -1.889884853363 38.00 82.70 0.00 340 204 1
49352 52.486782073974 -1.889884853363 38.40 86.22 0.00 340 204 1
49395 52.486782073974 -1.889884853363 38.60 89.03 0.00 340 204 1
49531 52.486782073974 -1.889884853363 37.80 105.57 0.00 342 210 1
49576 52.486782073974 -1.889884853363 36.60 113.67 0.00 342 210 1
49714 52.486782073974 -1.889884853363 32.20 143.58 0.00 338 227 1
49759 52.486782073974 -1.889884853363 31.00 154.84 0.00 338 227 1
49895 52.486782073974 -1.889884853363 26.90 -169.27 0.00 328 260 1
49940 52.486782073974 -1.889884853363 25.60 -157.30 0.00 328 260 1
50077 52.486782073974 -1.889884853363 23.30 -123.17 0.00 407 262 1
50122 52.486782073974 -1.889884853363 22.70 -113.31 0.00 407 262 1
50260 52.486782073974 -1.889884853363 21.50 -87.62 0.00 370 227 1
50304 52.486782073974 -1.889884853363 21.30 -81.64 0.00 370 227 1
50443 52.486782073974 -1.889884853363 21.20 -70.38 0.00 311 203 1
50486 52.486782073974 -1.889884853363 21.30 -68.27 0.00 311 203 1
50622 52.486782073974 -1.889884853363 22.00 -67.92 0.00 311 193 1
50667 52.486782073974 -1.889884853363 22.30 -68.97 0.00 311 193 1
50804 52.486782073974 -1.889884853363 23.30 -72.49 0.00 313 193 1
50849 52.486782073974 -1.889884853363 23.60 -74.60 0.00 313 193 1
50985 52.486782073974 -1.889884853363 24.90 -83.05 0.00 315 197 1
51031 52.486782073974 -1.889884853363 25.20 -86.22 0.00 315 197 1
51178 52.486782073974 -1.889884853363 26.00 -99.94 0.00 334 206 1
51233 52.486782073974 -1.889884853363 26.10 -105.57 0.00 334 206 1
51372 52.486782073974 -1.889884853363 25.90 -119.65 0.00 368 222 1
51415 52.486782073974 -1.889884853363 25.70 -123.87 0.00 368 222 1
51552 52.486782073974 -1.889884853363 24.80 -134.78 0.00 391 235 1
51596 52.486782073974 -1.889884853363 24.20 -137.60 0.00 391 235 1
51734 52.486782073974 -1.889884853363 22.30 -142.52 0.00 399 246 1
51778 52.486782073974 -1.889884853363 21.50 -142.87 0.00 399 246 1
51917 52.486782073974 -1.889884853363 19.20 -142.87 0.00 399 250 1
51959 52.486782073974 -1.889884853363 18.30 -142.52 0.00 399 250 1
52097 52.486782073974 -1.889884853363 16.10 -142.17 0.00 393 250 1
52142 52.486782073974 -1.889884853363 15.30 -141.82 0.00 393 250 1
52280 52.486782073974 -1.889884853363 13.30 -140.41 0.00 386 250 1
52324 52.486782073974 -1.889884853363 12.60 -140.06 0.00 386 250 1
52461 52.486782073974 -1.889884853363 11.00 -139.00 0.00 378 248 1
52505 52.486782073974 -1.889884853363 10.60 -139.00 0.00 378 248 1
52642 52.486782073974 -1.889884853363 9.50 -137.60 0.00 372 247 1
52686 52.486782073974 -1.889884853363 9.00 -136.89 0.00 372 247 1
52824 52.486782073974 -1.889884853363 7.70 -134.43 0.00 363 245 1
52869 52.486782073974 -1.889884853363 7.30 -133.02 0.00 363 245 1
53005 52.486782073974 -1.889884853363 5.40 -129.15 0.00 353 243 1
53050 52.486782073974 -1.889884853363 4.60 -127.74 0.00 353 243 1
53187 52.486782073974 -1.889884853363 1.30 -122.46 0.00 334 238 1
53233 52.486782073974 -1.889884853363 0.10 -120.35 0.00 334 238 1
53372 52.486785888671 -1.889923191070 -4.40 -113.67 0.00 305 233 1
53413 52.486785888671 -1.889923191070 -6.00 -111.55 0.00 305 233 1
53551 52.486785888671 -1.889923191070 -10.10 -106.28 0.00 269 226 1
53596 52.486785888671 -1.889923191070 -11.50 -105.22 0.00 269 226 1
53733 52.486785888671 -1.889923191070 -14.60 -104.16 0.00 254 222 1
53777 52.486785888671 -1.889923191070 -15.50 -104.16 0.00 254 222 1
53917 52.486785888671 -1.889923191070 -17.10 -104.87 0.00 248 221 1
53959 52.486785888671 -1.889923191070 -17.10 -105.22 0.00 248 221 1
54095 52.486785888671 -1.889923191070 -15.10 -106.98 0.00 246 222 1
54140 52.486785888671 -1.889923191070 -13.90 -107.68 0.00 246 222 1
54279 52.486785888671 -1.889923191070 -10.70 -109.09 0.00 252 223 1
54323 52.486785888671 -1.889923191070 -9.50 -109.44 0.00 252 223 1
54461 52.486785888671 -1.889923191070 -6.40 -109.79 0.00 258 224 1
54504 52.486785888671 -1.889923191070 -5.60 -109.79 0.00 258 224 1
54644 52.486785888671 -1.889923191070 -2.80 -109.79 0.00 267 224 1
54686 52.486785888671 -1.889923191070 -2.20 -109.79 0.00 267 224 1
54822 52.486785888671 -1.889923191070 0.80 -109.79 0.00 279 224 1
54867 52.486785888671 -1.889923191070 1.50 -109.79 0.00 279 224 1
55005 52.486785888671 -1.889923191070 3.80 -109.79 0.00 292 224 1
55050 52.486785888671 -1.889923191070 4.50 -109.79 0.00 292 224 1
55187 52.486785888671 -1.889923191070 6.20 -109.79 0.00 302 224 1
55232 52.486785888671 -1.889923191070 6.60 -109.79 0.00 302 224 1
55368 52.486785888671 -1.889923191070 7.40 -109.79 0.00 309 224 1
55413 52.486785888671 -1.889923191070 7.50 -109.79 0.00 309 224 1
55550 52.486785888671 -1.889923191070 7.30 -109.79 0.00 313 224 1
55595 52.486785888671 -1.889923191070 7.20 -109.79 0.00 313 224 1
55732 52.486785888671 -1.889923191070 6.90 -109.79 0.00 311 224 1
55777 52.486785888671 -1.889923191070 6.70 -109.79 0.00 311 224 1
55913 52.486785888671 -1.889923191070 6.00 -109.79 0.00 309 224 1
55958 52.486785888671 -1.889923191070 5.70 -109.79 0.00 309 224 1
56095 52.486785888671 -1.889923191070 5.40 -109.44 0.00 307 224 1
56140 52.486785888671 -1.889923191070 5.30 -109.44 0.00 307 224 1
56279 52.486785888671 -1.889923191070 4.80 -109.09 0.00 305 224 1
56323 52.486785888671 -1.889923191070 4.70 -109.09 0.00 305 224 1
56460 52.486785888671 -1.889923191070 4.90 -109.09 0.00 302 224 1
56504 52.486785888671 -1.889923191070 5.40 -109.09 0.00 302 224 1
56640 52.486785888671 -1.889923191070 6.50 -108.74 0.00 305 224 1
56685 52.486785888671 -1.889923191070 6.90 -108.39 0.00 305 224 1
56822 52.486785888671 -1.889923191070 6.60 -106.28 0.00 307 224 1
56867 52.486785888671 -1.889923191070 6.30 -106.28 0.00 307 224 1
57004 52.486785888671 -1.889923191070 5.80 -106.28 0.00 305 222 1
57049 52.486785888671 -1.889923191070 5.50 -106.28 0.00 305 222 1
57186 52.486785888671 -1.889923191070 4.50 -106.28 0.00 300 222 1
57231 52.486785888671 -1.889923191070 4.30 -106.28 0.00 300 222 1
57373 52.486785888671 -1.889923191070 3.90 -106.28 0.00 296 222 1
57412 52.486785888671 -1.889923191070 3.90 -106.28 0.00 296 222 1
57549 52.486785888671 -1.889923191070 5.50 -106.28 0.00 294 222 1
57594 52.486785888671 -1.889923191070 6.20 -106.28 0.00 294 222 1
57731 52.486785888671 -1.889923191070 8.60 -105.57 0.00 302 222 1
57776 52.486785888671 -1.889923191070 9.40 -105.92 0.00 302 222 1
57913 52.486785888671 -1.889923191070 12.30 -105.92 0.00 313 222 1
57957 52.486785888671 -1.889923191070 12.90 -105.92 0.00 313 222 1
58097 52.486785888671 -1.889923191070 14.10 -105.22 0.00 326 222 1
58139 52.486785888671 -1.889923191070 13.90 -104.87 0.00 326 222 1
58277 52.486785888671 -1.889923191070 12.30 -102.76 0.00 326 221 1
58321 52.486785888671 -1.889923191070 11.50 -102.05 0.00 326 221 1
58459 52.486785888671 -1.889923191070 8.90 -101.35 0.00 313 220 1
58503 52.486785888671 -1.889923191070 8.20 -101.35 0.00 313 220 1
58640 52.486785888671 -1.889923191070 7.20 -101.00 0.00 302 218 1
58685 52.486785888671 -1.889923191070 7.10 -101.35 0.00 302 218 1
58824 52.486785888671 -1.889923191070 6.70 -100.65 0.00 298 218 1
58866 52.486785888671 -1.889923191070 6.90 -100.65 0.00 298 218 1
59003 52.486785888671 -1.889923191070 8.20 -100.65 0.00 296 217 1
59047 52.486785888671 -1.889923191070 8.80 -100.65 0.00 296 217 1
59185 52.486785888671 -1.889923191070 10.10 -99.94 0.00 302 217 1
59231 52.486785888671 -1.889923191070 10.00 -98.89 0.00 302 217 1
59370 52.486785888671 -1.889923191070 10.30 -98.53 0.00 305 216 1
59411 52.486785888671 -1.889923191070 10.40 -98.18 0.00 305 216 1
59548 52.486785888671 -1.889923191070 9.50 -97.13 0.00 305 216 1
59593 52.486785888671 -1.889923191070 9.10 -97.13 0.00 305 216 1
59731 52.486785888671 -1.889923191070 8.40 -97.13 0.00 296 215 1
59774 52.486785888671 -1.889923191070 8.10 -97.48 0.00 296 215 1
59912 52.486785888671 -1.889923191070 6.80 -96.07 0.00 294 215 1
59957 52.486785888671 -1.889923191070 6.50 -95.72 0.00 294 215 1
60094 52.486785888671 -1.889923191070 7.20 -96.42 0.00 286 214 1
60138 52.486785888671 -1.889923191070 7.80 -96.42 0.00 286 214 1
60276 52.486785888671 -1.889923191070 9.60 -96.07 0.00 292 214 1
60320 52.486785888671 -1.889923191070 10.00 -96.07 0.00 292 214 1
60459 52.486785888671 -1.889923191070 10.70 -93.61 0.00 298 214 1
60502 52.486785888671 -1.889923191070 10.70 -95.37 0.00 298 214 1
60639 52.486785888671 -1.889923191070 10.40 -95.01 0.00 300 214 1
60684 52.486785888671 -1.889923191070 10.10 -95.01 0.00 300 214 1
60821 52.486785888671 -1.889923191070 9.10 -95.01 0.00 296 214 1
60865 52.486785888671 -1.889923191070 8.80 -95.01 0.00 296 214 1
61002 52.486785888671 -1.889923191070 8.60 -95.01 0.00 292 214 1
61047 52.486785888671 -1.889923191070 8.60 -93.96 0.00 292 214 1
61185 52.486785888671 -1.889923191070 8.10 -93.96 0.00 290 212 1
61230 52.486785888671 -1.889923191070 8.10 -94.31 0.00 290 212 1
61368 52.486785888671 -1.889923191070 9.20 -94.31 0.00 290 213 1
61412 52.486785888671 -1.889923191070 9.30 -94.31 0.00 290 213 1
61551 52.486785888671 -1.889923191070 10.40 -94.31 0.00 292 213 1
61592 52.486785888671 -1.889923191070 10.80 -94.31 0.00 292 213 1
61729 52.486785888671 -1.889923191070 11.50 -93.96 0.00 298 213 1
61774 52.486785888671 -1.889923191070 11.30 -93.96 0.00 298 213 1
61911 52.486785888671 -1.889923191070 10.30 -93.96 0.00 298 212 1
61956 52.486785888671 -1.889923191070 10.00 -93.96 0.00 298 212 1
62093 52.486785888671 -1.889923191070 9.00 -94.31 0.00 294 212 1
62138 52.486785888671 -1.889923191070 8.70 -94.31 0.00 294 212 1
62287 52.486785888671 -1.889923191070 8.40 -93.96 0.00 290 213 1
62341 52.486785888671 -1.889923191070 8.30 -93.61 0.00 290 213 1
62478 52.486785888671 -1.889923191070 7.70 -93.96 0.00 290 212 1
62522 52.486785888671 -1.889923191070 7.70 -93.96 0.00 290 212 1
62658 52.486785888671 -1.889923191070 9.30 -94.31 0.00 288 212 1
62703 52.486785888671 -1.889923191070 9.90 -94.66 0.00 288 212 1
62840 52.486785888671 -1.889923191070 13.00 -95.01 0.00 296 213 1
62885 52.486785888671 -1.889923191070 13.80 -94.66 0.00 296 213 1
63025 52.486785888671 -1.889923191070 15.10 -94.31 0.00 307 213 1
63067 52.486785888671 -1.889923191070 15.20 -94.31 0.00 307 213 1
63204 52.486785888671 -1.889923191070 15.00 -93.96 0.00 313 213 1
63249 52.486785888671 -1.889923191070 14.70 -93.61 0.00 313 213 1
63389 52.486766815185 -1.889941596984 12.70 -93.26 0.00 309 212 1
63430 52.486766815185 -1.889941596984 12.10 -93.26 0.00 309 212 1
63567 52.486766815185 -1.889941596984 11.00 -93.26 0.00 300 212 1
63612 52.486766815185 -1.889941596984 11.00 -92.90 0.00 300 212 1
63749 52.486766815185 -1.889941596984 10.60 -92.90 0.00 296 212 1
63794 52.486766815185 -1.889941596984 10.60 -92.90 0.00 296 212 1
63931 52.486766815185 -1.889941596984 11.10 -92.90 0.00 294 212 1
63975 52.486766815185 -1.889941596984 11.30 -93.26 0.00 294 212 1
64112 52.486766815185 -1.889941596984 14.10 -93.26 0.00 298 212 1
64157 52.486766815185 -1.889941596984 15.30 -93.26 0.00 298 212 1
64295 52.486766815185 -1.889941596984 18.30 -93.61 0.00 311 212 1
64339 52.486766815185 -1.889941596984 18.80 -93.61 0.00 311 212 1
64477 52.486766815185 -1.889941596984 19.90 -93.61 0.00 323 212 1
64521 52.486766815185 -1.889941596984 20.00 -93.61 0.00 323 212 1
64658 52.486766815185 -1.889941596984 19.10 -93.61 0.00 328 212 1
64703 52.486766815185 -1.889941596984 18.70 -93.61 0.00 328 212 1
64839 52.486766815185 -1.889941596984 17.20 -94.31 0.00 323 212 1
64884 52.486766815185 -1.889941596984 16.80 -94.66 0.00 323 212 1
65021 52.486766815185 -1.889941596984 15.20 -96.07 0.00 319 213 1
65065 52.486766815185 -1.889941596984 14.50 -96.77 0.00 319 213 1
65203 52.486766815185 -1.889941596984 10.90 -98.53 0.00 315 214 1
65249 52.486766815185 -1.889941596984 9.70 -99.59 0.00 315 214 1
65388 52.486755371093 -1.889943218231 5.70 -99.24 0.00 305 216 1
65429 52.486755371093 -1.889943218231 4.80 -99.24 0.00 305 216 1
65566 52.486755371093 -1.889943218231 2.30 -99.24 0.00 286 216 1
65611 52.486755371093 -1.889943218231 1.90 -99.59 0.00 286 216 1
65751 52.486755371093 -1.889943218231 1.30 -100.29 0.00 277 216 1
65793 52.486755371093 -1.889943218231 1.30 -100.65 0.00 277 216 1
65930 52.486755371093 -1.889943218231 1.50 -101.70 0.00 277 217 1
65975 52.486755371093 -1.889943218231 1.80 -101.70 0.00 277 217 1
66112 52.486755371093 -1.889943218231 3.00 -102.05 0.00 279 218 1
66156 52.486755371093 -1.889943218231 3.80 -101.70 0.00 279 218 1
66295 52.486755371093 -1.889943218231 6.40 -102.05 0.00 286 218 1
66339 52.486755371093 -1.889943218231 7.20 -102.05 0.00 286 218 1
66480 52.486755371093 -1.889943218231 9.80 -102.05 0.00 298 220 1
66520 52.486755371093 -1.889943218231 10.40 -102.05 0.00 298 220 1
66657 52.486755371093 -1.889943218231 11.80 -102.05 0.00 309 220 1
66702 52.486755371093 -1.889943218231 12.10 -102.05 0.00 309 220 1
66839 52.486755371093 -1.889943218231 12.30 -102.05 0.00 315 220 1
66883 52.486755371093 -1.889943218231 12.30 -102.05 0.00 315 220 1
67020 52.486755371093 -1.889943218231 11.80 -102.76 0.00 315 220 1
67065 52.486755371093 -1.889943218231 11.50 -102.76 0.00 315 220 1
67206 52.486755371093 -1.889943218231 10.30 -102.76 0.00 315 220 1
67248 52.486755371093 -1.889943218231 9.80 -102.76 0.00 315 220 1
67388 52.486755371093 -1.889968109130 7.90 -103.11 0.00 309 220 1
67429 52.486755371093 -1.889968109130 7.30 -103.11 0.00 309 220 1
67567 52.486755371093 -1.889968109130 5.50 -104.16 0.00 302 220 1
67610 52.486755371093 -1.889968109130 5.00 -104.16 0.00 302 220 1
67747 52.486755371093 -1.889968109130 4.10 -104.16 0.00 294 221 1
67792 52.486755371093 -1.889968109130 3.90 -104.16 0.00 294 221 1
67930 52.486755371093 -1.889968109130 3.70 -103.46 0.00 292 221 1
67974 52.486755371093 -1.889968109130 3.70 -103.81 0.00 292 221 1
68111 52.486755371093 -1.889968109130 3.70 -101.70 0.00 290 220 1
68156 52.486755371093 -1.889968109130 3.80 -100.65 0.00 290 220 1
68294 52.486755371093 -1.889968109130 4.20 -100.29 0.00 284 217 1
68338 52.486755371093 -1.889968109130 4.30 -99.94 0.00 284 217 1
68475 52.486755371093 -1.889968109130 4.70 -102.05 0.00 286 216 1
68519 52.486755371093 -1.889968109130 4.70 -102.40 0.00 286 216 1
68657 52.486755371093 -1.889968109130 5.00 -102.05 0.00 290 220 1
68701 52.486755371093 -1.889968109130 5.00 -102.05 0.00 290 220 1
68838 52.486755371093 -1.889968109130 5.20 -101.00 0.00 292 220 1
68883 52.486755371093 -1.889968109130 5.30 -99.59 0.00 292 220 1
69020 52.486755371093 -1.889968109130 5.40 -95.37 0.00 288 216 1
69064 52.486755371093 -1.889968109130 5.40 -94.66 0.00 288 216 1
69201 52.486755371093 -1.889968109130 5.50 -94.66 0.00 284 213 1
69248 52.486755371093 -1.889968109130 5.60 -93.96 0.00 284 213 1
69387 52.486755371093 -1.889973163604 6.60 -92.55 0.00 284 212 1
69428 52.486755371093 -1.889973163604 7.10 -92.20 0.00 284 212 1
69565 52.486755371093 -1.889973163604 9.00 -90.79 0.00 288 212 1
69610 52.486755371093 -1.889973163604 9.70 -90.79 0.00 288 212 1
69746 52.486755371093 -1.889973163604 11.20 -93.96 0.00 292 210 1
69791 52.486755371093 -1.889973163604 11.70 -90.79 0.00 292 210 1
69932 52.486755371093 -1.889973163604 12.60 -90.09 0.00 296 210 1
69974 52.486755371093 -1.889973163604 12.80 -90.44 0.00 296 210 1
70111 52.486755371093 -1.889973163604 13.10 -90.44 0.00 298 210 1
70155 52.486755371093 -1.889973163604 13.10 -90.44 0.00 298 210 1
70294 52.486755371093 -1.889973163604 13.10 -90.79 0.00 300 210 1
70338 52.486755371093 -1.889973163604 13.10 -90.79 0.00 300 210 1
70474 52.486755371093 -1.889973163604 13.00 -90.79 0.00 300 210 1
70518 52.486755371093 -1.889973163604 12.90 -91.14 0.00 300 210 1
70659 52.486755371093 -1.889973163604 12.80 -91.50 0.00 300 211 1
70701 52.486755371093 -1.889973163604 12.80 -91.85 0.00 300 211 1
70837 52.486755371093 -1.889973163604 12.60 -91.85 0.00 300 211 1
70882 52.486755371093 -1.889973163604 12.50 -91.85 0.00 300 211 1
71019 52.486755371093 -1.889973163604 12.30 -91.85 0.00 300 211 1
71064 52.486755371093 -1.889973163604 12.30 -91.85 0.00 300 211 1
71201 52.486755371093 -1.889973163604 12.00 -92.20 0.00 298 211 1
71246 52.486755371093 -1.889973163604 12.10 -92.55 0.00 298 211 1
71389 52.486755371093 -1.889973163604 12.10 -93.96 0.00 300 212 1
71428 52.486755371093 -1.889973163604 12.10 -93.96 0.00 300 212 1
71565 52.486755371093 -1.889973163604 12.40 -95.72 0.00 302 212 1
71609 52.486755371093 -1.889973163604 12.60 -96.42 0.00 302 212 1
71746 52.486755371093 -1.889973163604 12.40 -98.18 0.00 307 214 1
71791 52.486755371093 -1.889973163604 12.20 -99.24 0.00 307 214 1
71928 52.486755371093 -1.889973163604 12.10 -103.81 0.00 311 216 1
71972 52.486755371093 -1.889973163604 11.90 -105.22 0.00 311 216 1
72110 52.486755371093 -1.889973163604 11.60 -108.04 0.00 319 222 1
72155 52.486755371093 -1.889973163604 11.60 -109.09 0.00 319 222 1
72293 52.486755371093 -1.889973163604 11.70 -109.79 0.00 326 224 1
72337 52.486755371093 -1.889973163604 11.90 -110.15 0.00 326 224 1
72475 52.486755371093 -1.889973163604 12.30 -110.15 0.00 330 225 1
72518 52.486755371093 -1.889973163604 12.10 -109.79 0.00 330 225 1
72655 52.486755371093 -1.889973163604 12.20 -110.15 0.00 330 224 1
72699 52.486755371093 -1.889973163604 12.50 -110.15 0.00 330 224 1
72837 52.486755371093 -1.889973163604 13.90 -110.15 0.00 332 225 1
72882 52.486755371093 -1.889973163604 14.40 -110.15 0.00 332 225 1
73019 52.486755371093 -1.889973163604 15.10 -109.79 0.00 338 225 1
73063 52.486755371093 -1.889973163604 15.10 -109.79 0.00 338 225 1
73200 52.486755371093 -1.889973163604 14.90 -109.09 0.00 340 224 1
73246 52.486755371093 -1.889973163604 14.70 -109.09 0.00 340 224 1
73396 52.486755371093 -1.889973163604 14.30 -109.09 0.00 336 224 1
73447 52.486755371093 -1.889973163604 14.20 -109.09 0.00 336 224 1
73584 52.486755371093 -1.889973163604 14.20 -109.09 0.00 336 224 1
73628 52.486755371093 -1.889973163604 14.40 -109.09 0.00 336 224 1
73765 52.486755371093 -1.889973163604 15.40 -109.79 0.00 336 224 1
73810 52.486755371093 -1.889973163604 15.80 -110.15 0.00 336 224 1
73948 52.486755371093 -1.889973163604 17.10 -109.79 0.00 342 225 1
73992 52.486755371093 -1.889973163604 17.20 -109.79 0.00 342 225 1
74132 52.486755371093 -1.889973163604 17.50 -110.15 0.00 347 224 1
74174 52.486755371093 -1.889973163604 17.50 -110.15 0.00 347 224 1
74312 52.486755371093 -1.889973163604 17.50 -109.79 0.00 349 225 1
74356 52.486755371093 -1.889973163604 17.40 -109.79 0.00 349 225 1
74493 52.486755371093 -1.889973163604 17.00 -109.79 0.00 347 224 1
74537 52.486755371093 -1.889973163604 16.80 -109.79 0.00 347 224 1
74675 52.486755371093 -1.889973163604 16.40 -110.15 0.00 344 224 1
74719 52.486755371093 -1.889973163604 16.30 -109.79 0.00 344 224 1
74856 52.486755371093 -1.889973163604 15.90 -110.15 0.00 344 224 1
74901 52.486755371093 -1.889973163604 15.80 -109.79 0.00 344 224 1
75038 52.486755371093 -1.889973163604 15.90 -109.79 0.00 342 224 1
75082 52.486755371093 -1.889973163604 16.00 -109.79 0.00 342 224 1
75220 52.486755371093 -1.889973163604 16.00 -109.79 0.00 342 224 1
75267 52.486755371093 -1.889973163604 16.00 -109.44 0.00 342 224 1
75405 52.486755371093 -1.889973163604 16.40 -109.44 0.00 342 224 1
75447 52.486755371093 -1.889973163604 16.60 -109.09 0.00 342 224 1
75583 52.486755371093 -1.889973163604 16.60 -109.09 0.00 342 224 1
75628 52.486755371093 -1.889973163604 16.60 -108.74 0.00 342 224 1
75765 52.486755371093 -1.889973163604 16.90 -109.09 0.00 342 224 1
75809 52.486755371093 -1.889973163604 16.90 -109.09 0.00 342 224 1
75947 52.486755371093 -1.889973163604 16.90 -109.09 0.00 344 224 1
75992 52.486755371093 -1.889973163604 16.90 -109.09 0.00 344 224 1
76131 52.486755371093 -1.889973163604 17.20 -109.09 0.00 344 224 1
76173 52.486755371093 -1.889973163604 17.20 -109.09 0.00 344 224 1
76312 52.486755371093 -1.889973163604 17.10 -109.44 0.00 344 224 1
76355 52.486755371093 -1.889973163604 17.00 -109.44 0.00 344 224 1
76492 52.486755371093 -1.889973163604 16.40 -109.44 0.00 344 224 1
76536 52.486755371093 -1.889973163604 16.20 -109.44 0.00 344 224 1
76674 52.486755371093 -1.889973163604 15.70 -109.44 0.00 342 224 1
76719 52.486755371093 -1.889973163604 15.60 -109.44 0.00 342 224 1
76858 52.486755371093 -1.889973163604 15.70 -109.79 0.00 340 224 1
76900 52.486755371093 -1.889973163604 15.80 -109.44 0.00 340 224 1
77037 52.486755371093 -1.889973163604 16.00 -109.79 0.00 340 224 1
77082 52.486755371093 -1.889973163604 16.10 -109.79 0.00 340 224 1
77219 52.486755371093 -1.889973163604 16.10 -109.79 0.00 342 224 1
77265 52.486755371093 -1.889973163604 16.20 -109.79 0.00 342 224 1
77406 52.486755371093 -1.889973163604 16.60 -109.44 0.00 342 224 1
77446 52.486755371093 -1.889973163604 16.70 -109.44 0.00 342 224 1
77585 52.486755371093 -1.889973163604 16.50 -109.44 0.00 344 224 1
77627 52.486755371093 -1.889973163604 16.40 -109.44 0.00 344 224 1
77764 52.486755371093 -1.889973163604 15.80 -109.79 0.00 342 224 1
77809 52.486755371093 -1.889973163604 15.50 -109.44 0.00 342 224 1
77946 52.486755371093 -1.889973163604 14.70 -109.79 0.00 340 224 1
77990 52.486755371093 -1.889973163604 14.60 -109.79 0.00 340 224 1
78129 52.486755371093 -1.889973163604 14.50 -110.50 0.00 338 224 1
78173 52.486755371093 -1.889973163604 14.60 -110.50 0.00 338 224 1
78311 52.486755371093 -1.889973163604 14.90 -110.85 0.00 338 225 1
78355 52.486755371093 -1.889973163604 14.90 -110.50 0.00 338 225 1
78491 52.486755371093 -1.889973163604 15.00 -110.85 0.00 340 225 1
78536 52.486755371093 -1.889973163604 15.00 -110.85 0.00 340 225 1
78673 52.486755371093 -1.889973163604 15.10 -110.85 0.00 340 225 1
78717 52.486755371093 -1.889973163604 15.10 -110.50 0.00 340 225 1
78855 52.486755371093 -1.889973163604 14.60 -110.15 0.00 340 225 1
78900 52.486755371093 -1.889973163604 14.40 -110.15 0.00 340 225 1
79037 52.486755371093 -1.889973163604 13.50 -110.15 0.00 338 225 1
79081 52.486755371093 -1.889973163604 13.30 -110.15 0.00 338 225 1
79219 52.486755371093 -1.889973163604 12.80 -110.15 0.00 334 225 1
79387 52.486755371093 -1.889973163604 13.20 -110.15 0.00 334 225 1
79539 52.486755371093 -1.889973163604 14.20 -110.15 0.00 334 225 1
79586 52.486755371093 -1.889973163604 14.30 -110.15 0.00 334 225 1
79726 52.486755371093 -1.889973163604 14.70 -110.15 0.00 338 225 1
79768 52.486755371093 -1.889973163604 14.70 -110.15 0.00 338 225 1
79905 52.486755371093 -1.889973163604 14.70 -110.15 0.00 338 225 1
79949 52.486755371093 -1.889973163604 14.60 -110.15 0.00 338 225 1
80087 52.486755371093 -1.889973163604 14.50 -112.26 0.00 338 225 1
