3228 52.487865447998 -1.888126564025 2.95 0.00 0.00 0.00 225 287 1
3306 52.487865447998 -1.888126564025 3.05 0.00 0.00 0.00 225 287 1
3444 52.487865447998 -1.888126564025 -2.83 0.00 0.00 0.00 391 273 1
3487 52.487865447998 -1.888126564025 -2.63 0.00 0.00 0.00 391 273 1
3625 52.487865447998 -1.888126564025 -2.23 0.00 0.00 0.00 397 273 1
3668 52.487865447998 -1.888126564025 -2.03 0.00 0.00 0.00 397 273 1
3809 52.487865447998 -1.888126564025 -2.03 0.00 0.00 0.00 397 273 1
3851 52.487865447998 -1.888126564025 -2.03 0.00 0.00 0.00 397 273 1
3993 52.487865447998 -1.888126564025 -1.73 0.00 0.00 0.00 397 273 1
4033 52.487865447998 -1.888126564025 -1.73 0.00 0.00 0.00 397 273 1
4173 52.487865447998 -1.888126564025 -1.63 0.00 0.00 0.00 397 273 1
4214 52.487865447998 -1.888126564025 -1.63 0.00 0.00 0.00 397 273 1
4353 52.487865447998 -1.888126564025 -1.53 0.00 0.00 0.00 395 273 1
4396 52.487865447998 -1.888126564025 -1.53 0.00 0.00 0.00 395 273 1
4534 52.487865447998 -1.888126564025 -1.43 0.00 0.00 0.00 395 273 1
4577 52.487865447998 -1.888126564025 -1.43 0.00 0.00 0.00 395 273 1
4717 52.487865447998 -1.888126564025 -1.33 0.00 0.00 0.00 395 273 1
4759 52.487865447998 -1.888126564025 -1.43 0.00 0.00 0.00 395 273 1
4899 52.487865447998 -1.888126564025 -1.43 0.00 0.00 0.00 395 273 1
4941 52.487865447998 -1.888126564025 -1.43 0.00 0.00 0.00 395 273 1
5081 52.487865447998 -1.888126564025 -1.43 0.00 0.00 0.00 395 273 1
5123 52.487865447998 -1.888126564025 -1.43 0.00 0.00 0.00 395 273 1
5261 52.487865447998 -1.888126564025 -1.43 0.00 0.00 0.00 395 273 1
5304 52.487865447998 -1.888126564025 -1.43 0.00 0.00 0.00 395 273 1
5442 52.487865447998 -1.888126564025 -1.43 0.00 0.00 0.00 395 273 1
5485 52.487865447998 -1.888126564025 -1.43 0.00 0.00 0.00 395 273 1
5624 52.487865447998 -1.888126564025 -1.43 0.00 0.00 0.00 395 273 1
5667 52.487865447998 -1.888126564025 -1.43 0.00 0.00 0.00 395 273 1
5808 52.487865447998 -1.888126564025 -1.43 0.00 0.00 0.00 395 273 1
5850 52.487865447998 -1.888126564025 -1.43 0.00 0.00 0.00 395 273 1
5992 52.487865447998 -1.888126564025 -1.43 0.00 0.00 0.00 395 273 1
6031 52.487865447998 -1.888126564025 -1.43 0.00 0.00 0.00 395 273 1
6171 52.487865447998 -1.888126564025 -1.43 0.00 0.00 0.00 395 273 1
6212 52.487865447998 -1.888126564025 -1.43 0.00 0.00 0.00 395 273 1
6350 52.487865447998 -1.888126564025 -1.43 0.00 0.00 0.00 395 273 1
6393 52.487865447998 -1.888126564025 -1.43 0.00 0.00 0.00 395 273 1
6533 52.487865447998 -1.888126564025 -1.43 0.00 0.00 0.00 395 273 1
6576 52.487865447998 -1.888126564025 -1.43 0.00 0.00 0.00 395 273 1
6718 52.487865447998 -1.888126564025 -1.43 0.00 0.00 0.00 395 273 1
6758 52.487865447998 -1.888126564025 -1.43 0.00 0.00 0.00 395 273 1
6897 52.487865447998 -1.888126564025 -1.43 0.00 0.00 0.00 395 273 1
6939 52.487865447998 -1.888126564025 -1.43 0.00 0.00 0.00 395 273 1
7078 52.487865447998 -1.888126564025 -1.43 0.00 0.00 0.00 395 273 1
7120 52.487865447998 -1.888126564025 -1.43 0.00 0.00 0.00 395 273 1
7259 52.487865447998 -1.888126564025 -1.43 0.00 0.00 0.00 395 273 1
7302 52.487865447998 -1.888126564025 -1.43 0.00 0.00 0.00 395 273 1
7441 52.487865447998 -1.888126564025 -1.43 0.00 0.00 0.00 395 273 1
7484 52.487865447998 -1.888126564025 -1.23 0.00 0.00 0.00 395 273 1
7622 52.487865447998 -1.888126564025 -0.43 0.00 0.00 0.00 395 273 1
7666 52.487865447998 -1.888126564025 -1.53 0.00 0.00 0.00 395 273 1
7806 52.487865447998 -1.888126564025 -0.73 0.00 0.00 0.00 395 273 1
7847 52.487865447998 -1.888126564025 -1.13 0.00 0.00 0.00 395 273 1
7990 52.487865447998 -1.888126564025 -2.13 0.00 0.00 0.00 395 273 1
8029 52.487865447998 -1.888126564025 -2.83 0.00 0.00 0.00 395 273 1
8167 52.487865447998 -1.888126564025 2.85 0.00 0.00 0.00 397 273 1
8210 52.487865447998 -1.888126564025 1.55 0.00 0.00 0.00 397 273 1
8348 52.487865447998 -1.888126564025 2.35 0.00 0.00 0.00 393 273 1
8392 52.487865447998 -1.888126564025 -2.23 0.00 0.00 0.00 393 273 1
8530 52.487865447998 -1.888126564025 -2.83 0.00 0.00 0.00 397 273 1
8573 52.487865447998 -1.888126564025 -2.63 0.00 0.00 0.00 397 273 1
8716 52.487865447998 -1.888126564025 -0.43 0.00 0.00 0.00 397 273 1
8756 52.487865447998 -1.888126564025 3.01 0.00 0.00 0.00 397 273 1
8895 52.487865447998 -1.888126564025 -0.04 0.00 0.00 0.00 391 273 1
8937 52.487865447998 -1.888126564025 0.68 0.00 0.00 0.00 391 273 1
9077 52.487865447998 -1.888126564025 2.03 0.00 0.00 0.00 395 273 1
9118 52.487865447998 -1.888126564025 0.15 0.00 0.00 0.00 395 273 1
9256 52.487865447998 -1.888126564025 0.70 0.00 0.00 0.00 395 273 1
9300 52.487865447998 -1.888126564025 -0.09 0.00 0.00 0.00 395 273 1
9439 52.487865447998 -1.888126564025 1.45 0.00 0.00 0.00 395 273 1
9482 52.487865447998 -1.888126564025 -0.54 0.00 0.00 0.00 395 273 1
9620 52.487865447998 -1.888126564025 -0.62 0.00 0.00 0.00 395 273 1
9663 52.487865447998 -1.888126564025 -0.32 0.00 0.00 0.00 395 273 1
9803 52.487865447998 -1.888126564025 1.56 0.00 0.00 0.00 395 273 1
9845 52.487865447998 -1.888126564025 1.66 0.00 0.00 0.00 395 273 1
9986 52.487865447998 -1.888126564025 1.56 0.00 0.00 0.00 393 273 1
10028 52.487865447998 -1.888126564025 0.56 0.00 0.00 0.00 393 273 1
10167 52.487865447998 -1.888126564025 -0.44 0.00 0.00 0.00 395 273 1
10209 52.487865447998 -1.888126564025 1.46 0.00 0.00 0.00 395 273 1
10347 52.487865447998 -1.888126564025 -0.72 0.00 0.00 0.00 393 273 1
10390 52.487865447998 -1.888126564025 0.68 0.00 0.00 0.00 393 273 1
10529 52.487865447998 -1.888126564025 -1.20 0.00 0.00 0.00 395 273 1
10572 52.487865447998 -1.888126564025 2.80 0.00 0.00 0.00 395 273 1
10715 52.487865447998 -1.888126564025 3.03 0.00 0.00 0.00 393 273 1
10754 52.487865447998 -1.888126564025 -0.85 0.00 0.00 0.00 393 273 1
10893 52.487865447998 -1.888126564025 0.97 0.00 0.00 0.00 395 273 1
10936 52.487865447998 -1.888126564025 -2.52 0.00 0.00 0.00 395 273 1
11075 52.487865447998 -1.888126564025 -1.58 0.00 0.00 0.00 397 273 1
11117 52.487865447998 -1.888126564025 3.02 0.00 0.00 0.00 397 273 1
11255 52.487865447998 -1.888126564025 0.85 0.00 0.00 0.00 391 273 1
11298 52.487865447998 -1.888126564025 -1.53 0.00 0.00 0.00 391 273 1
11440 52.487865447998 -1.888126564025 1.60 0.00 0.00 0.00 395 273 1
11480 52.487865447998 -1.888126564025 0.52 0.00 0.00 0.00 395 273 1
11619 52.487865447998 -1.888126564025 0.57 0.00 0.00 0.00 395 273 1
11662 52.487865447998 -1.888126564025 2.77 0.00 0.00 0.00 395 273 1
11802 52.487865447998 -1.888126564025 -1.32 0.00 0.00 0.00 393 273 1
11844 52.487865447998 -1.888126564025 0.27 0.00 0.00 0.00 393 273 1
11983 52.487865447998 -1.888126564025 2.88 0.00 0.00 0.00 395 273 1
12025 52.487865447998 -1.888126564025 -0.03 0.00 0.00 0.00 395 273 1
12164 52.487865447998 -1.888126564025 -0.20 0.00 0.00 0.00 395 273 1
12207 52.487865447998 -1.888126564025 -0.02 0.00 0.00 0.00 395 273 1
12345 52.487865447998 -1.888126564025 -2.25 0.00 0.00 0.00 395 273 1
12388 52.487865447998 -1.888126564025 -1.07 0.00 0.00 0.00 395 273 1
12527 52.487865447998 -1.888126564025 0.96 0.00 0.00 0.00 395 273 1
12570 52.487865447998 -1.888126564025 -0.25 0.00 0.00 0.00 395 273 1
12712 52.487865447998 -1.888126564025 -2.75 0.00 0.00 0.00 395 273 1
12752 52.487865447998 -1.888126564025 2.73 0.00 0.00 0.00 395 273 1
12892 52.487865447998 -1.888126564025 1.31 0.00 0.00 0.00 393 273 1
12934 52.487865447998 -1.888126564025 1.41 0.00 0.00 0.00 393 273 1
13073 52.487865447998 -1.888126564025 2.83 0.00 0.00 0.00 393 273 1
13115 52.487865447998 -1.888126564025 -0.03 0.00 0.00 0.00 393 273 1
13253 52.487865447998 -1.888126564025 1.70 0.00 0.00 0.00 395 273 1
13296 52.487865447998 -1.888126564025 -2.80 0.00 0.00 0.00 395 273 1
13437 52.487865447998 -1.888126564025 -1.12 0.00 0.00 0.00 397 273 1
13478 52.487865447998 -1.888126564025 -1.82 0.00 0.00 0.00 397 273 1
13617 52.487865447998 -1.888126564025 -0.13 0.00 0.00 0.00 397 273 1
13661 52.487865447998 -1.888126564025 -2.93 0.00 0.00 0.00 397 273 1
13800 52.487865447998 -1.888126564025 -1.47 0.00 0.00 0.00 397 273 1
13842 52.487865447998 -1.888126564025 2.80 0.00 0.00 0.00 397 273 1
13981 52.487865447998 -1.888126564025 1.57 0.00 0.00 0.00 393 273 1
14023 52.487865447998 -1.888126564025 -1.43 0.00 0.00 0.00 393 273 1
14161 52.487865447998 -1.888126564025 2.73 0.00 0.00 0.00 395 273 1
14204 52.487865447998 -1.888126564025 0.23 0.00 0.00 0.00 395 273 1
14343 52.487865447998 -1.888126564025 -2.28 0.00 0.00 0.00 395 273 1
14387 52.487865447998 -1.888126564025 1.10 0.00 0.00 0.00 395 273 1
14525 52.487865447998 -1.888126564025 -1.92 0.00 0.00 0.00 393 273 1
14568 52.487865447998 -1.888126564025 1.37 0.00 0.00 0.00 393 273 1
14709 52.487865447998 -1.888126564025 -0.35 0.00 0.00 0.00 393 273 1
14750 52.487865447998 -1.888126564025 -2.85 0.00 0.00 0.00 393 273 1
14891 52.487865447998 -1.888126564025 -2.57 0.00 0.00 0.00 397 273 1
14931 52.487865447998 -1.888126564025 3.12 0.00 0.00 0.00 397 273 1
15072 52.487865447998 -1.888126564025 -0.97 0.00 0.00 0.00 391 273 1
15113 52.487865447998 -1.888126564025 0.03 0.00 0.00 0.00 391 273 1
15251 52.487865447998 -1.888126564025 -1.47 0.00 0.00 0.00 395 273 1
15295 52.487865447998 -1.888126564025 -1.67 0.00 0.00 0.00 395 273 1
15436 52.487865447998 -1.888126564025 0.60 0.00 0.00 0.00 397 273 1
15476 52.487865447998 -1.888126564025 2.48 0.00 0.00 0.00 397 273 1
15614 52.487865447998 -1.888126564025 -0.85 0.00 0.00 0.00 393 273 1
15659 52.487865447998 -1.888126564025 -0.87 0.00 0.00 0.00 393 273 1
15799 52.487865447998 -1.888126564025 -0.44 0.00 0.00 0.00 395 273 1
15840 52.487865447998 -1.888126564025 -1.05 0.00 0.00 0.00 395 273 1
15980 52.487865447998 -1.888126564025 2.96 0.00 0.00 0.00 395 273 1
16022 52.487865447998 -1.888126564025 1.05 0.00 0.00 0.00 395 273 1
16160 52.487865447998 -1.888126564025 0.87 0.00 0.00 0.00 393 273 1
16203 52.487865447998 -1.888126564025 -2.43 0.00 0.00 0.00 393 273 1
16342 52.487865447998 -1.888126564025 2.34 0.00 0.00 0.00 397 273 1
16385 52.487865447998 -1.888126564025 0.34 0.00 0.00 0.00 397 273 1
16523 52.487865447998 -1.888126564025 -0.48 0.00 0.00 0.00 395 273 1
16567 52.487865447998 -1.888126564025 -2.88 0.00 0.00 0.00 395 273 1
16706 52.487865447998 -1.888126564025 1.69 0.00 0.00 0.00 397 273 1
16748 52.487865447998 -1.888126564025 1.29 0.00 0.00 0.00 397 273 1
16888 52.487865447998 -1.888126564025 -1.51 0.00 0.00 0.00 393 273 1
16930 52.487865447998 -1.888126564025 -2.31 0.00 0.00 0.00 393 273 1
17070 52.487865447998 -1.888126564025 0.05 0.00 0.00 0.00 397 273 1
17112 52.487865447998 -1.888126564025 2.54 0.00 0.00 0.00 397 273 1
17250 52.487865447998 -1.888126564025 0.50 0.00 0.00 0.00 393 273 1
17293 52.487865447998 -1.888126564025 2.69 0.00 0.00 0.00 393 273 1
17434 52.487865447998 -1.888126564025 -2.03 0.00 0.00 0.00 393 273 1
17474 52.487865447998 -1.888126564025 2.55 0.00 0.00 0.00 393 273 1
17613 52.487865447998 -1.888126564025 2.65 0.00 0.00 0.00 393 273 1
17656 52.487865447998 -1.888126564025 -2.83 0.00 0.00 0.00 393 273 1
17797 52.487865447998 -1.888126564025 -0.76 0.00 0.00 0.00 397 273 1
17839 52.487865447998 -1.888126564025 0.52 0.00 0.00 0.00 397 273 1
17978 52.487865447998 -1.888126564025 3.02 0.00 0.00 0.00 395 273 1
18020 52.487865447998 -1.888126564025 -2.36 0.00 0.00 0.00 395 273 1
18158 52.487865447998 -1.888126564025 0.14 0.00 0.00 0.00 397 273 1
18201 52.487865447998 -1.888126564025 -1.16 0.00 0.00 0.00 397 273 1
18339 52.487865447998 -1.888126564025 0.30 0.00 0.00 0.00 395 273 1
18382 52.487865447998 -1.888126564025 0.28 0.00 0.00 0.00 395 273 1
18522 52.487865447998 -1.888126564025 -1.95 0.00 0.00 0.00 395 273 1
18565 52.487865447998 -1.888126564025 0.23 0.00 0.00 0.00 395 273 1
18704 52.487865447998 -1.888126564025 2.70 0.00 0.00 0.00 395 273 1
18747 52.487865447998 -1.888126564025 2.40 0.00 0.00 0.00 395 273 1
18886 52.487865447998 -1.888126564025 0.00 0.00 0.00 0.00 393 273 1
18928 52.487865447998 -1.888126564025 -1.90 0.00 0.00 0.00 393 273 1
19068 52.487865447998 -1.888126564025 2.15 0.00 0.00 0.00 397 273 1
19109 52.487865447998 -1.888126564025 -2.45 0.00 0.00 0.00 397 273 1
19248 52.487865447998 -1.888126564025 0.90 0.00 0.00 0.00 397 273 1
19291 52.487865447998 -1.888126564025 -2.60 0.00 0.00 0.00 397 273 1
19432 52.487865447998 -1.888126564025 -3.02 0.00 0.00 0.00 397 273 1
19473 52.487865447998 -1.888126564025 2.37 0.00 0.00 0.00 397 273 1
19611 52.487865447998 -1.888126564025 -1.13 0.00 0.00 0.00 393 273 1
19654 52.487865447998 -1.888126564025 -2.93 0.00 0.00 0.00 393 273 1
19794 52.487865447998 -1.888126564025 -0.05 0.00 0.00 0.00 397 273 1
19836 52.487865447998 -1.888126564025 0.05 0.00 0.00 0.00 397 273 1
19976 52.487865447998 -1.888126564025 -1.65 0.00 0.00 0.00 395 273 1
20018 52.487865447998 -1.888126564025 -2.85 0.00 0.00 0.00 395 273 1
20157 52.487865447998 -1.888126564025 1.63 0.00 0.00 0.00 397 273 1
20199 52.487865447998 -1.888126564025 0.93 0.00 0.00 0.00 397 273 1
20338 52.487865447998 -1.888126564025 -0.97 0.00 0.00 0.00 393 273 1
20381 52.487865447998 -1.888126564025 -1.87 0.00 0.00 0.00 393 273 1
20519 52.487865447998 -1.888126564025 -2.37 0.00 0.00 0.00 397 273 1
20562 52.487865447998 -1.888126564025 -2.27 0.00 0.00 0.00 397 273 1
20703 52.487865447998 -1.888126564025 0.53 0.00 0.00 0.00 397 273 1
20745 52.487865447998 -1.888126564025 0.83 0.00 0.00 0.00 397 273 1
20885 52.487865447998 -1.888126564025 -0.15 0.00 0.00 0.00 393 273 1
20926 52.487865447998 -1.888126564025 0.95 0.00 0.00 0.00 393 273 1
21066 52.487865447998 -1.888126564025 -2.62 0.00 0.00 0.00 393 273 1
21108 52.487865447998 -1.888126564025 -2.62 0.00 0.00 0.00 393 273 1
21246 52.487865447998 -1.888126564025 1.70 0.00 0.00 0.00 397 273 1
21289 52.487865447998 -1.888126564025 2.70 0.00 0.00 0.00 397 273 1
21431 52.487865447998 -1.888126564025 2.55 0.00 0.00 0.00 393 273 1
21471 52.487865447998 -1.888126564025 -0.22 0.00 0.00 0.00 393 273 1
21609 52.487865447998 -1.888126564025 -1.42 0.00 0.00 0.00 395 273 1
21653 52.487865447998 -1.888126564025 0.00 0.00 0.00 0.00 395 273 1
21792 52.487865447998 -1.888126564025 1.87 0.00 0.00 0.00 395 273 1
21834 52.487865447998 -1.888126564025 0.09 0.00 0.00 0.00 395 273 1
21975 52.487865447998 -1.888126564025 -0.05 0.00 0.00 0.00 395 273 1
22017 52.487865447998 -1.888126564025 0.77 0.00 0.00 0.00 395 273 1
22158 52.487865447998 -1.888126564025 -2.88 0.00 0.00 0.00 393 273 1
22198 52.487865447998 -1.888126564025 -1.18 0.00 0.00 0.00 393 273 1
22336 52.487865447998 -1.888126564025 1.62 0.00 0.00 0.00 395 273 1
22379 52.487865447998 -1.888126564025 -1.76 0.00 0.00 0.00 395 273 1
22518 52.487865447998 -1.888126564025 -0.33 0.00 0.00 0.00 397 273 1
22561 52.487865447998 -1.888126564025 2.31 0.00 0.00 0.00 397 273 1
22700 52.487865447998 -1.888126564025 -2.32 0.00 0.00 0.00 393 273 1
22744 52.487865447998 -1.888126564025 -2.90 0.00 0.00 0.00 393 273 1
22883 52.487865447998 -1.888126564025 3.11 0.00 0.00 0.00 397 273 1
22925 52.487865447998 -1.888126564025 0.93 0.00 0.00 0.00 397 273 1
23064 52.487865447998 -1.888126564025 -2.62 0.00 0.00 0.00 393 273 1
23106 52.487865447998 -1.888126564025 0.68 0.00 0.00 0.00 393 273 1
23244 52.487865447998 -1.888126564025 -2.49 0.00 0.00 0.00 395 273 1
23287 52.487865447998 -1.888126564025 1.21 0.00 0.00 0.00 395 273 1
23429 52.487865447998 -1.888126564025 -2.25 0.00 0.00 0.00 393 273 1
23469 52.487865447998 -1.888126564025 0.65 0.00 0.00 0.00 393 273 1
23608 52.487865447998 -1.888126564025 -0.04 0.00 0.00 0.00 395 273 1
23651 52.487865447998 -1.888126564025 0.26 0.00 0.00 0.00 395 273 1
23791 52.487865447998 -1.888126564025 1.06 0.00 0.00 0.00 395 273 1
23833 52.487865447998 -1.888126564025 1.26 0.00 0.00 0.00 395 273 1
23972 52.487865447998 -1.888126564025 1.66 0.00 0.00 0.00 393 273 1
24014 52.487865447998 -1.888126564025 1.76 0.00 0.00 0.00 393 273 1
24157 52.487865447998 -1.888126564025 -2.22 0.00 0.00 0.00 393 273 1
24196 52.487865447998 -1.888126564025 -1.82 0.00 0.00 0.00 393 273 1
24334 52.487865447998 -1.888126564025 -1.72 0.00 0.00 0.00 397 273 1
24377 52.487865447998 -1.888126564025 -2.72 0.00 0.00 0.00 397 273 1
24516 52.487865447998 -1.888126564025 1.25 0.00 0.00 0.00 397 273 1
24559 52.487865447998 -1.888126564025 2.73 0.00 0.00 0.00 397 273 1
24698 52.487865447998 -1.888126564025 0.33 0.00 0.00 0.00 393 273 1
24741 52.487865447998 -1.888126564025 0.33 0.00 0.00 0.00 393 273 1
24881 52.487865447998 -1.888126564025 -1.44 0.00 0.00 0.00 395 273 1
24923 52.487865447998 -1.888126564025 -2.12 0.00 0.00 0.00 395 273 1
25063 52.487865447998 -1.888126564025 0.53 0.00 0.00 0.00 397 273 1
25104 52.487865447998 -1.888126564025 2.73 0.00 0.00 0.00 397 273 1
25242 52.487865447998 -1.888126564025 1.03 0.00 0.00 0.00 393 273 1
25285 52.487865447998 -1.888126564025 -0.27 0.00 0.00 0.00 393 273 1
25426 52.487865447998 -1.888126564025 -2.37 0.00 0.00 0.00 395 273 1
25467 52.487865447998 -1.888126564025 2.42 0.00 0.00 0.00 395 273 1
25606 52.487865447998 -1.888126564025 -1.57 0.00 0.00 0.00 393 273 1
25649 52.487865447998 -1.888126564025 -1.97 0.00 0.00 0.00 393 273 1
25789 52.487865447998 -1.888126564025 2.02 0.00 0.00 0.00 397 273 1
25831 52.487865447998 -1.888126564025 1.32 0.00 0.00 0.00 397 273 1
25970 52.487865447998 -1.888126564025 0.72 0.00 0.00 0.00 393 273 1
26012 52.487865447998 -1.888126564025 0.92 0.00 0.00 0.00 393 273 1
26153 52.487865447998 -1.888126564025 1.22 0.00 0.00 0.00 393 273 1
26193 52.487865447998 -1.888126564025 1.22 0.00 0.00 0.00 393 273 1
26333 52.487865447998 -1.888126564025 1.12 0.00 0.00 0.00 393 273 1
26376 52.487865447998 -1.888126564025 1.02 0.00 0.00 0.00 393 273 1
26514 52.487865447998 -1.888126564025 0.92 0.00 0.00 0.00 393 273 1
26557 52.487865447998 -1.888126564025 0.82 0.00 0.00 0.00 393 273 1
26696 52.487865447998 -1.888126564025 0.82 0.00 0.00 0.00 393 273 1
26739 52.487865447998 -1.888126564025 0.82 0.00 0.00 0.00 393 273 1
26880 52.487865447998 -1.888126564025 0.72 0.00 0.00 0.00 393 273 1
26920 52.487865447998 -1.888126564025 0.72 0.00 0.00 0.00 393 273 1
27061 52.487865447998 -1.888126564025 0.42 0.00 0.00 0.00 393 273 1
27102 52.487865447998 -1.888126564025 0.12 0.00 0.00 0.00 393 273 1
27241 52.487865447998 -1.888126564025 -0.38 0.00 0.00 0.00 395 273 1
27284 52.487865447998 -1.888126564025 -0.38 0.00 0.00 0.00 395 273 1
27422 52.487865447998 -1.888126564025 -0.88 0.00 0.00 0.00 395 273 1
27465 52.487865447998 -1.888126564025 -1.08 0.00 0.00 0.00 395 273 1
27603 52.487865447998 -1.888126564025 -1.98 0.00 0.00 0.00 395 273 1
27648 52.487865447998 -1.888126564025 -2.38 0.00 0.00 0.00 395 273 1
27788 52.487865447998 -1.888126564025 -2.68 0.00 0.00 0.00 397 273 1
27830 52.487865447998 -1.888126564025 -2.18 0.00 0.00 0.00 397 273 1
27969 52.487865447998 -1.888126564025 -1.30 0.00 0.00 0.00 397 273 1
28011 52.487865447998 -1.888126564025 1.78 0.00 0.00 0.00 397 273 1
28152 52.487865447998 -1.888126564025 -2.95 0.00 0.00 0.00 393 273 1
28192 52.487865447998 -1.888126564025 -0.34 0.00 0.00 0.00 393 273 1
28331 52.487865447998 -1.888126564025 -0.61 0.00 0.00 0.00 395 273 1
28374 52.487865447998 -1.888126564025 1.67 0.00 0.00 0.00 395 273 1
28512 52.487865447998 -1.888126564025 3.05 0.00 0.00 0.00 393 273 1
28556 52.487865447998 -1.888126564025 2.05 0.00 0.00 0.00 393 273 1
28695 52.487865447998 -1.888126564025 0.85 0.00 0.00 0.00 393 273 1
28737 52.487865447998 -1.888126564025 1.35 0.00 0.00 0.00 393 273 1
28877 52.487865447998 -1.888126564025 -2.13 0.00 0.00 0.00 393 273 1
28919 52.487865447998 -1.888126564025 0.37 0.00 0.00 0.00 393 273 1
29060 52.487865447998 -1.888126564025 0.39 0.00 0.00 0.00 395 273 1
29101 52.487865447998 -1.888126564025 1.79 0.00 0.00 0.00 395 273 1
29239 52.487865447998 -1.888126564025 -1.20 0.00 0.00 0.00 393 273 1
29282 52.487865447998 -1.888126564025 -0.50 0.00 0.00 0.00 393 273 1
29420 52.487865447998 -1.888126564025 1.10 0.00 0.00 0.00 395 273 1
29464 52.487865447998 -1.888126564025 1.10 0.00 0.00 0.00 395 273 1
29602 52.487865447998 -1.888126564025 2.60 0.00 0.00 0.00 393 273 1
29645 52.487865447998 -1.888126564025 -2.78 0.00 0.00 0.00 393 273 1
29786 52.487865447998 -1.888126564025 -0.58 0.00 0.00 0.00 397 273 1
29828 52.487865447998 -1.888126564025 0.22 0.00 0.00 0.00 397 273 1
29967 52.487865447998 -1.888126564025 3.02 0.00 0.00 0.00 395 273 1
30009 52.487865447998 -1.888126564025 -2.36 0.00 0.00 0.00 395 273 1
30150 52.487865447998 -1.888126564025 0.14 0.00 0.00 0.00 397 273 1
30190 52.487865447998 -1.888126564025 0.44 0.00 0.00 0.00 397 273 1
30328 52.487865447998 -1.888126564025 -0.16 0.00 0.00 0.00 395 273 1
30371 52.487865447998 -1.888126564025 -0.26 0.00 0.00 0.00 395 273 1
30511 52.487865447998 -1.888126564025 -0.66 0.00 0.00 0.00 395 273 1
30554 52.487865447998 -1.888126564025 -0.76 0.00 0.00 0.00 395 273 1
30692 52.487865447998 -1.888126564025 0.74 0.00 0.00 0.00 395 273 1
30736 52.487865447998 -1.888126564025 1.04 0.00 0.00 0.00 395 273 1
30876 52.487865447998 -1.888126564025 2.04 0.00 0.00 0.00 393 273 1
30917 52.487865447998 -1.888126564025 2.94 0.00 0.00 0.00 393 273 1
31057 52.487865447998 -1.888126564025 3.14 0.00 0.00 0.00 391 273 1
31098 52.487865447998 -1.888126564025 2.64 0.00 0.00 0.00 391 273 1
31237 52.487865447998 -1.888126564025 1.04 0.00 0.00 0.00 393 273 1
31280 52.487865447998 -1.888126564025 1.04 0.00 0.00 0.00 393 273 1
31419 52.487865447998 -1.888126564025 -0.86 0.00 0.00 0.00 393 273 1
31462 52.487865447998 -1.888126564025 -2.26 0.00 0.00 0.00 393 273 1
31600 52.487865447998 -1.888126564025 1.42 0.00 0.00 0.00 397 273 1
31643 52.487865447998 -1.888126564025 0.72 0.00 0.00 0.00 397 273 1
31784 52.487865447998 -1.888126564025 -2.16 0.00 0.00 0.00 393 273 1
31825 52.487865447998 -1.888126564025 -3.06 0.00 0.00 0.00 393 273 1
31966 52.487865447998 -1.888126564025 -2.76 0.00 0.00 0.00 397 273 1
32008 52.487865447998 -1.888126564025 -2.76 0.00 0.00 0.00 397 273 1
32149 52.487865447998 -1.888126564025 -2.66 0.00 0.00 0.00 397 273 1
32189 52.487865447998 -1.888126564025 -2.66 0.00 0.00 0.00 397 273 1
32327 52.487865447998 -1.888126564025 -2.56 0.00 0.00 0.00 397 273 1
32370 52.487865447998 -1.888126564025 -2.56 0.00 0.00 0.00 397 273 1
32508 52.487865447998 -1.888126564025 -2.56 0.00 0.00 0.00 397 273 1
32551 52.487865447998 -1.888126564025 -2.56 0.00 0.00 0.00 397 273 1
32692 52.487865447998 -1.888126564025 -2.56 0.00 0.00 0.00 397 273 1
32734 52.487865447998 -1.888126564025 -2.36 0.00 0.00 0.00 397 273 1
32874 52.487865447998 -1.888126564025 -2.36 0.00 0.00 0.00 397 273 1
32916 52.487865447998 -1.888126564025 -2.36 0.00 0.00 0.00 397 273 1
33055 52.487865447998 -1.888126564025 -2.26 0.00 0.00 0.00 397 273 1
33096 52.487865447998 -1.888126564025 -2.26 0.00 0.00 0.00 397 273 1
33235 52.487865447998 -1.888126564025 -2.26 0.00 0.00 0.00 397 273 1
33278 52.487865447998 -1.888126564025 -2.26 0.00 0.00 0.00 397 273 1
33417 52.487865447998 -1.888126564025 -2.26 0.00 0.00 0.00 397 273 1
33460 52.487865447998 -1.888126564025 -2.26 0.00 0.00 0.00 397 273 1
33599 52.487865447998 -1.888126564025 -2.26 0.00 0.00 0.00 397 273 1
33642 52.487865447998 -1.888126564025 -2.26 0.00 0.00 0.00 397 273 1
33782 52.487865447998 -1.888126564025 -2.26 0.00 0.00 0.00 397 273 1
33824 52.487865447998 -1.888126564025 -2.26 0.00 0.00 0.00 397 273 1
33964 52.487865447998 -1.888126564025 -2.26 0.00 0.00 0.00 397 273 1
34006 52.487865447998 -1.888126564025 -2.26 0.00 0.00 0.00 397 273 1
34147 52.487865447998 -1.888126564025 -2.26 0.00 0.00 0.00 397 273 1
34187 52.487865447998 -1.888126564025 -2.26 0.00 0.00 0.00 397 273 1
34325 52.487865447998 -1.888126564025 -2.26 0.00 0.00 0.00 397 273 1
34368 52.487865447998 -1.888126564025 -2.26 0.00 0.00 0.00 397 273 1
34507 52.487865447998 -1.888126564025 -2.26 0.00 0.00 0.00 397 273 1
34550 52.487865447998 -1.888126564025 -2.26 0.00 0.00 0.00 397 273 1
34690 52.487865447998 -1.888126564025 -2.26 0.00 0.00 0.00 397 273 1
34733 52.487865447998 -1.888126564025 -2.26 0.00 0.00 0.00 397 273 1
34872 52.487865447998 -1.888126564025 -2.26 0.00 0.00 0.00 397 273 1
34914 52.487865447998 -1.888126564025 -2.26 0.00 0.00 0.00 397 273 1
35053 52.487865447998 -1.888126564025 -2.26 0.00 0.00 0.00 397 273 1
35095 52.487865447998 -1.888126564025 -2.26 0.00 0.00 0.00 397 273 1
35233 52.487865447998 -1.888126564025 -2.26 0.00 0.00 0.00 397 273 1
35276 52.487865447998 -1.888126564025 -2.26 0.00 0.00 0.00 397 273 1
35415 52.487865447998 -1.888126564025 -2.26 0.00 0.00 0.00 397 273 1
35459 52.487865447998 -1.888126564025 -2.26 0.00 0.00 0.00 397 273 1
35597 52.487865447998 -1.888126564025 -2.26 0.00 0.00 0.00 397 273 1
35640 52.487865447998 -1.888126564025 -2.26 0.00 0.00 0.00 397 273 1
35779 52.487865447998 -1.888126564025 -1.96 0.00 0.00 0.00 397 273 1
35822 52.487865447998 -1.888126564025 -1.96 0.00 0.00 0.00 397 273 1
35961 52.487865447998 -1.888126564025 -1.96 0.00 0.00 0.00 397 273 1
36003 52.487865447998 -1.888126564025 -1.96 0.00 0.00 0.00 397 273 1
36145 52.487865447998 -1.888126564025 -1.96 0.00 0.00 0.00 397 273 1
36185 52.487865447998 -1.888126564025 -1.96 0.00 0.00 0.00 397 273 1
36324 52.487865447998 -1.888126564025 -1.96 0.00 0.00 0.00 397 273 1
36367 52.487865447998 -1.888126564025 -1.96 0.00 0.00 0.00 397 273 1
36505 52.487865447998 -1.888126564025 -1.96 0.00 0.00 0.00 397 273 1
36548 52.487865447998 -1.888126564025 -1.96 0.00 0.00 0.00 397 273 1
36687 52.487865447998 -1.888126564025 -1.96 0.00 0.00 0.00 397 273 1
36730 52.487865447998 -1.888126564025 -1.96 0.00 0.00 0.00 397 273 1
36871 52.487865447998 -1.888126564025 -1.96 0.00 0.00 0.00 397 273 1
36912 52.487865447998 -1.888126564025 -1.96 0.00 0.00 0.00 397 273 1
37053 52.487865447998 -1.888126564025 -1.96 0.00 0.00 0.00 397 273 1
37093 52.487865447998 -1.888126564025 -1.96 0.00 0.00 0.00 397 273 1
37232 52.487865447998 -1.888126564025 -1.96 0.00 0.00 0.00 397 273 1
37275 52.487865447998 -1.888126564025 -1.96 0.00 0.00 0.00 397 273 1
37413 52.487865447998 -1.888126564025 -1.96 0.00 0.00 0.00 397 273 1
37456 52.487865447998 -1.888126564025 -1.96 0.00 0.00 0.00 397 273 1
37595 52.487865447998 -1.888126564025 -1.96 0.00 0.00 0.00 397 273 1
37639 52.487865447998 -1.888126564025 -1.96 0.00 0.00 0.00 397 273 1
37778 52.487865447998 -1.888126564025 -1.96 0.00 0.00 0.00 397 273 1
37820 52.487865447998 -1.888126564025 -1.96 0.00 0.00 0.00 397 273 1
37960 52.487865447998 -1.888126564025 -1.96 0.00 0.00 0.00 397 273 1
38001 52.487865447998 -1.888126564025 -1.96 0.00 0.00 0.00 397 273 1
38142 52.487865447998 -1.888126564025 -1.96 0.00 0.00 0.00 397 273 1
38183 52.487865447998 -1.888126564025 -1.96 0.00 0.00 0.00 397 273 1
38322 52.487865447998 -1.888126564025 -1.96 0.00 0.00 0.00 397 273 1
38365 52.487865447998 -1.888126564025 -1.96 0.00 0.00 0.00 397 273 1
38503 52.487865447998 -1.888126564025 -1.96 0.00 0.00 0.00 397 273 1
38546 52.487865447998 -1.888126564025 -1.96 0.00 0.00 0.00 397 273 1
38685 52.487865447998 -1.888126564025 -1.96 0.00 0.00 0.00 397 273 1
38729 52.487865447998 -1.888126564025 -1.96 0.00 0.00 0.00 397 273 1
38868 52.487865447998 -1.888126564025 -1.96 0.00 0.00 0.00 397 273 1
38910 52.487865447998 -1.888126564025 -1.96 0.00 0.00 0.00 397 273 1
39050 52.487865447998 -1.888126564025 -1.96 0.00 0.00 0.00 397 273 1
39092 52.487865447998 -1.888126564025 -1.96 0.00 0.00 0.00 397 273 1
39230 52.487865447998 -1.888126564025 -1.96 0.00 0.00 0.00 397 273 1
39273 52.487865447998 -1.888126564025 -1.96 0.00 0.00 0.00 397 273 1
39411 52.487865447998 -1.888126564025 -1.96 0.00 0.00 0.00 397 273 1
39454 52.487865447998 -1.888126564025 -1.96 0.00 0.00 0.00 397 273 1
39593 52.487865447998 -1.888126564025 -1.96 0.00 0.00 0.00 397 273 1
39636 52.487865447998 -1.888126564025 -1.96 0.00 0.00 0.00 397 273 1
39777 52.487865447998 -1.888126564025 -1.96 0.00 0.00 0.00 397 273 1
39819 52.487865447998 -1.888126564025 -1.96 0.00 0.00 0.00 397 273 1
39958 52.487865447998 -1.888126564025 -1.96 0.00 0.00 0.00 397 273 1
40000 52.487865447998 -1.888126564025 -1.96 0.00 0.00 0.00 397 273 1
40141 52.487865447998 -1.888126564025 -1.96 0.00 0.00 0.00 397 273 1
40181 52.487865447998 -1.888126564025 -1.96 0.00 0.00 0.00 397 273 1
40320 52.487865447998 -1.888126564025 -1.96 0.00 0.00 0.00 397 273 1
40363 52.487865447998 -1.888126564025 -1.96 0.00 0.00 0.00 397 273 1
40502 52.487865447998 -1.888126564025 -1.96 0.00 0.00 0.00 397 273 1
40545 52.487865447998 -1.888126564025 -1.96 0.00 0.00 0.00 397 273 1
40683 52.487865447998 -1.888126564025 -1.96 0.00 0.00 0.00 397 273 1
40727 52.487865447998 -1.888126564025 -1.96 0.00 0.00 0.00 397 273 1
40866 52.487865447998 -1.888126564025 -1.96 0.00 0.00 0.00 397 273 1
40908 52.487865447998 -1.888126564025 -1.96 0.00 0.00 0.00 397 273 1
41048 52.487865447998 -1.888126564025 -1.96 0.00 0.00 0.00 397 273 1
41090 52.487865447998 -1.888126564025 -1.96 0.00 0.00 0.00 397 273 1
41228 52.487865447998 -1.888126564025 -1.96 0.00 0.00 0.00 397 273 1
41271 52.487865447998 -1.888126564025 -1.96 0.00 0.00 0.00 397 273 1
41410 52.487865447998 -1.888126564025 -2.06 0.00 0.00 0.00 397 273 1
41453 52.487865447998 -1.888126564025 -1.96 0.00 0.00 0.00 397 273 1
41591 52.487865447998 -1.888126564025 -2.06 0.00 0.00 0.00 397 273 1
41634 52.487865447998 -1.888126564025 -2.06 0.00 0.00 0.00 397 273 1
41775 52.487865447998 -1.888126564025 -2.06 0.00 0.00 0.00 397 273 1
41817 52.487865447998 -1.888126564025 -2.06 0.00 0.00 0.00 397 273 1
41956 52.487865447998 -1.888126564025 -2.06 0.00 0.00 0.00 397 273 1
41998 52.487865447998 -1.888126564025 -2.06 0.00 0.00 0.00 397 273 1
42139 52.487865447998 -1.888126564025 -2.06 0.00 0.00 0.00 397 273 1
42179 52.487865447998 -1.888126564025 -1.96 0.00 0.00 0.00 397 273 1
42318 52.487865447998 -1.888126564025 -1.96 0.00 0.00 0.00 397 273 1
42361 52.487865447998 -1.888126564025 -1.96 0.00 0.00 0.00 397 273 1
42500 52.487865447998 -1.888126564025 -1.96 0.00 0.00 0.00 397 273 1
42543 52.487865447998 -1.888126564025 -1.96 0.00 0.00 0.00 397 273 1
42682 52.487865447998 -1.888126564025 -1.96 0.00 0.00 0.00 397 273 1
42725 52.487865447998 -1.888126564025 -1.96 0.00 0.00 0.00 397 273 1
42865 52.487865447998 -1.888126564025 -1.96 0.00 0.00 0.00 397 273 1
42906 52.487865447998 -1.888126564025 -1.96 0.00 0.00 0.00 397 273 1
43046 52.487865447998 -1.888126564025 -1.96 0.00 0.00 0.00 397 273 1
43087 52.487865447998 -1.888126564025 -1.96 0.00 0.00 0.00 397 273 1
43227 52.487865447998 -1.888126564025 -1.96 0.00 0.00 0.00 397 273 1
43270 52.487865447998 -1.888126564025 -1.96 0.00 0.00 0.00 397 273 1
43411 52.487865447998 -1.888126564025 -1.96 0.00 0.00 0.00 397 273 1
43451 52.487865447998 -1.888126564025 -1.96 0.00 0.00 0.00 397 273 1
43589 52.487865447998 -1.888126564025 -1.96 0.00 0.00 0.00 397 273 1
43632 52.487865447998 -1.888126564025 -1.96 0.00 0.00 0.00 397 273 1
43772 52.487865447998 -1.888126564025 -1.96 0.00 0.00 0.00 397 273 1
43814 52.487865447998 -1.888126564025 -1.96 0.00 0.00 0.00 397 273 1
43955 52.487865447998 -1.888126564025 -1.96 0.00 0.00 0.00 397 273 1
43997 52.487865447998 -1.888126564025 -1.96 0.00 0.00 0.00 397 273 1
44138 52.487865447998 -1.888126564025 -1.96 0.00 0.00 0.00 397 273 1
44178 52.487865447998 -1.888126564025 -1.96 0.00 0.00 0.00 397 273 1
44316 52.487865447998 -1.888126564025 -1.96 0.00 0.00 0.00 397 273 1
44359 52.487865447998 -1.888126564025 -1.96 0.00 0.00 0.00 397 273 1
44497 52.487865447998 -1.888126564025 -1.96 0.00 0.00 0.00 397 273 1
44540 52.487865447998 -1.888126564025 -1.96 0.00 0.00 0.00 397 273 1
44680 52.487865447998 -1.888126564025 -1.96 0.00 0.00 0.00 397 273 1
44724 52.487865447998 -1.888126564025 -1.96 0.00 0.00 0.00 397 273 1
44863 52.487865447998 -1.888126564025 -1.96 0.00 0.00 0.00 397 273 1
44905 52.487865447998 -1.888126564025 -1.96 0.00 0.00 0.00 397 273 1
45045 52.487865447998 -1.888126564025 -1.96 0.00 0.00 0.00 397 273 1
45086 52.487865447998 -1.888126564025 -1.96 0.00 0.00 0.00 397 273 1
45224 52.487865447998 -1.888126564025 -1.96 0.00 0.00 0.00 397 273 1
45267 52.487865447998 -1.888126564025 -1.96 0.00 0.00 0.00 397 273 1
45409 52.487865447998 -1.888126564025 -1.96 0.00 0.00 0.00 397 273 1
45449 52.487865447998 -1.888126564025 -1.96 0.00 0.00 0.00 397 273 1
45588 52.487865447998 -1.888126564025 -1.96 0.00 0.00 0.00 397 273 1
45631 52.487865447998 -1.888126564025 -1.96 0.00 0.00 0.00 397 273 1
45770 52.487865447998 -1.888126564025 -1.96 0.00 0.00 0.00 397 273 1
45813 52.487865447998 -1.888126564025 -1.96 0.00 0.00 0.00 397 273 1
45953 52.487865447998 -1.888126564025 -1.96 0.00 0.00 0.00 397 273 1
45995 52.487865447998 -1.888126564025 -1.96 0.00 0.00 0.00 397 273 1
46146 52.487865447998 -1.888126564025 -1.96 0.00 0.00 0.00 397 273 1
46198 52.487865447998 -1.888126564025 -1.96 0.00 0.00 0.00 397 273 1
46339 52.487865447998 -1.888126564025 -1.96 0.00 0.00 0.00 397 273 1
46380 52.487865447998 -1.888126564025 -1.96 0.00 0.00 0.00 397 273 1
46521 52.487865447998 -1.888126564025 -1.96 0.00 0.00 0.00 397 273 1
46562 52.487865447998 -1.888126564025 -1.96 0.00 0.00 0.00 397 273 1
46703 52.487865447998 -1.888126564025 -1.96 0.00 0.00 0.00 397 273 1
46765 52.487865447998 -1.888126564025 -1.96 0.00 0.00 0.00 397 273 1
46906 52.487865447998 -1.888126564025 -1.96 0.00 0.00 0.00 397 273 1
46943 52.487865447998 -1.888126564025 -1.96 0.00 0.00 0.00 397 273 1
47083 52.487865447998 -1.888126564025 -1.96 0.00 0.00 0.00 397 273 1
47126 52.487865447998 -1.888126564025 -1.96 0.00 0.00 0.00 397 273 1
47267 52.487865447998 -1.888126564025 -1.96 0.00 0.00 0.00 397 273 1
47308 52.487865447998 -1.888126564025 -1.96 0.00 0.00 0.00 397 273 1
47452 52.487865447998 -1.888126564025 -1.96 0.00 0.00 0.00 397 273 1
47488 52.487865447998 -1.888126564025 -1.96 0.00 0.00 0.00 397 273 1
47629 52.487865447998 -1.888126564025 -1.96 0.00 0.00 0.00 397 273 1
47673 52.487865447998 -1.888126564025 -1.96 0.00 0.00 0.00 397 273 1
47814 52.487865447998 -1.888126564025 -1.96 0.00 0.00 0.00 397 273 1
47851 52.487865447998 -1.888126564025 -1.96 0.00 0.00 0.00 397 273 1
47993 52.487865447998 -1.888126564025 -1.96 0.00 0.00 0.00 397 273 1
48034 52.487865447998 -1.888126564025 -1.96 0.00 0.00 0.00 397 273 1
48180 52.487865447998 -1.888126564025 -1.96 0.00 0.00 0.00 397 273 1
48237 52.487865447998 -1.888126564025 -1.96 0.00 0.00 0.00 397 273 1
48377 52.487865447998 -1.888126564025 -1.96 0.00 0.00 0.00 397 273 1
48418 52.487865447998 -1.888126564025 -1.96 0.00 0.00 0.00 397 273 1
48559 52.487865447998 -1.888126564025 -1.96 0.00 0.00 0.00 397 273 1
48600 52.487865447998 -1.888126564025 -1.96 0.00 0.00 0.00 397 273 1
48742 52.487865447998 -1.888126564025 -1.96 0.00 0.00 0.00 397 273 1
48802 52.487865447998 -1.888126564025 -1.96 0.00 0.00 0.00 397 273 1
48945 52.487865447998 -1.888126564025 -1.96 0.00 0.00 0.00 397 273 1
48980 52.487865447998 -1.888126564025 -1.96 0.00 0.00 0.00 397 273 1
49122 52.487865447998 -1.888126564025 -1.96 0.00 0.00 0.00 397 273 1
49165 52.487865447998 -1.888126564025 -1.96 0.00 0.00 0.00 397 273 1
49306 52.487865447998 -1.888126564025 -1.96 0.00 0.00 0.00 397 273 1
49347 52.487865447998 -1.888126564025 -1.96 0.00 0.00 0.00 397 273 1
49490 52.487865447998 -1.888126564025 -1.96 0.00 0.00 0.00 397 273 1
49525 52.487865447998 -1.888126564025 -1.96 0.00 0.00 0.00 397 273 1
49667 52.487865447998 -1.888126564025 -1.96 0.00 0.00 0.00 397 273 1
49711 52.487865447998 -1.888126564025 -1.96 0.00 0.00 0.00 397 273 1
49853 52.487865447998 -1.888126564025 -1.96 0.00 0.00 0.00 397 273 1
49890 52.487865447998 -1.888126564025 -1.96 0.00 0.00 0.00 397 273 1
50031 52.487865447998 -1.888126564025 -1.96 0.00 0.00 0.00 397 273 1
50073 52.487865447998 -1.888126564025 -1.96 0.00 0.00 0.00 397 273 1
50217 52.487865447998 -1.888126564025 -1.96 0.00 0.00 0.00 397 273 1
50275 52.487865447998 -1.888126564025 -1.96 0.00 0.00 0.00 397 273 1
50416 52.487865447998 -1.888126564025 -1.96 0.00 0.00 0.00 397 273 1
50457 52.487865447998 -1.888126564025 -1.96 0.00 0.00 0.00 397 273 1
50597 52.487865447998 -1.888126564025 -1.96 0.00 0.00 0.00 397 273 1
50639 52.487865447998 -1.888126564025 -1.96 0.00 0.00 0.00 397 273 1
50781 52.487865447998 -1.888126564025 -1.96 0.00 0.00 0.00 397 273 1
50841 52.487865447998 -1.888126564025 -1.96 0.00 0.00 0.00 397 273 1
50982 52.487865447998 -1.888126564025 -1.96 0.00 0.00 0.00 397 273 1
51019 52.487865447998 -1.888126564025 -1.96 0.00 0.00 0.00 397 273 1
51160 52.487865447998 -1.888126564025 -1.96 0.00 0.00 0.00 397 273 1
51204 52.487865447998 -1.888126564025 -1.96 0.00 0.00 0.00 397 273 1
51344 52.487865447998 -1.888126564025 -1.96 0.00 0.00 0.00 397 273 1
51385 52.487865447998 -1.888126564025 -1.96 0.00 0.00 0.00 397 273 1
51529 52.487865447998 -1.888126564025 -1.96 0.00 0.00 0.00 397 273 1
51564 52.487865447998 -1.888126564025 -1.96 0.00 0.00 0.00 397 273 1
51705 52.487865447998 -1.888126564025 -1.96 0.00 0.00 0.00 397 273 1
51749 52.487865447998 -1.888126564025 -1.96 0.00 0.00 0.00 397 273 1
51892 52.487865447998 -1.888126564025 -1.96 0.00 0.00 0.00 397 273 1
51928 52.487865447998 -1.888126564025 -1.96 0.00 0.00 0.00 397 273 1
52070 52.487865447998 -1.888126564025 -1.96 0.00 0.00 0.00 397 273 1
52112 52.487865447998 -1.888126564025 -1.96 0.00 0.00 0.00 397 273 1
52256 52.487865447998 -1.888126564025 -1.96 0.00 0.00 0.00 397 273 1
52314 52.487865447998 -1.888126564025 -1.96 0.00 0.00 0.00 397 273 1
52455 52.487865447998 -1.888126564025 -1.96 0.00 0.00 0.00 397 273 1
52496 52.487865447998 -1.888126564025 -1.96 0.00 0.00 0.00 397 273 1
52636 52.487865447998 -1.888126564025 -1.96 0.00 0.00 0.00 397 273 1
52678 52.487865447998 -1.888126564025 -1.96 0.00 0.00 0.00 397 273 1
52819 52.487865447998 -1.888126564025 -1.96 0.00 0.00 0.00 397 273 1
52880 52.487865447998 -1.888126564025 -1.96 0.00 0.00 0.00 397 273 1
53023 52.487865447998 -1.888126564025 -1.96 0.00 0.00 0.00 397 273 1
53058 52.487865447998 -1.888126564025 -1.96 0.00 0.00 0.00 397 273 1
53198 52.487865447998 -1.888126564025 -1.96 0.00 0.00 0.00 397 273 1
53242 52.487865447998 -1.888126564025 -1.96 0.00 0.00 0.00 397 273 1
53383 52.487865447998 -1.888126564025 -1.96 0.00 0.00 0.00 397 273 1
53424 52.487865447998 -1.888126564025 -1.96 0.00 0.00 0.00 397 273 1
53567 52.487865447998 -1.888126564025 -2.06 0.00 0.00 0.00 397 273 1
53603 52.487865447998 -1.888126564025 -2.06 0.00 0.00 0.00 397 273 1
53745 52.487865447998 -1.888126564025 -2.06 0.00 0.00 0.00 397 273 1
53788 52.487865447998 -1.888126564025 -2.06 0.00 0.00 0.00 397 273 1
53929 52.487865447998 -1.888126564025 -2.06 0.00 0.00 0.00 397 273 1
53966 52.487865447998 -1.888126564025 -2.06 0.00 0.00 0.00 397 273 1
54107 52.487865447998 -1.888126564025 -2.06 0.00 0.00 0.00 397 273 1
54151 52.487865447998 -1.888126564025 -2.06 0.00 0.00 0.00 397 273 1
54295 52.487865447998 -1.888126564025 -2.06 0.00 0.00 0.00 397 273 1
54352 52.487865447998 -1.888126564025 -2.06 0.00 0.00 0.00 397 273 1
54493 52.487865447998 -1.888126564025 -2.06 0.00 0.00 0.00 397 273 1
54534 52.487865447998 -1.888126564025 -2.06 0.00 0.00 0.00 397 273 1
54676 52.487865447998 -1.888126564025 -2.06 0.00 0.00 0.00 397 273 1
54716 52.487865447998 -1.888126564025 -2.06 0.00 0.00 0.00 397 273 1
54858 52.487865447998 -1.888126564025 -2.06 0.00 0.00 0.00 397 273 1
54919 52.487865447998 -1.888126564025 -2.06 0.00 0.00 0.00 397 273 1
55060 52.487865447998 -1.888126564025 -2.06 0.00 0.00 0.00 397 273 1
55096 52.487865447998 -1.888126564025 -2.06 0.00 0.00 0.00 397 273 1
55237 52.487865447998 -1.888126564025 -2.06 0.00 0.00 0.00 397 273 1
55281 52.487865447998 -1.888126564025 -2.06 0.00 0.00 0.00 397 273 1
