8658 -0.00 ovf 27.30 -78.48 0.00 315 230 1
8859 -0.00 ovf 26.60 -78.48 0.00 315 230 0
9041 -0.00 ovf 24.90 -78.48 0.00 315 230 0
9223 -0.00 ovf 25.20 -78.48 0.00 315 230 0
9404 -0.00 ovf 26.00 -78.48 0.00 315 230 0
9585 -0.00 ovf 26.30 -78.48 0.00 315 230 0
9767 -0.00 ovf 25.90 -78.48 0.00 315 230 0
9950 -0.00 ovf 26.40 -78.48 0.00 315 230 0
10132 -0.00 ovf 26.70 -78.48 0.00 315 230 0
10312 -0.00 ovf 26.70 -78.48 0.00 315 230 0
10494 -0.00 ovf 26.60 -78.48 0.00 315 230 0
10676 -0.00 ovf 26.60 -78.48 0.00 315 230 0
10859 -0.00 ovf 26.60 -78.48 0.00 315 230 0
11040 -0.00 ovf 26.60 -78.48 0.00 315 230 0
11222 -0.00 ovf 26.50 -78.48 0.00 315 230 0
11403 -0.00 ovf 26.50 -78.48 0.00 315 230 0
11585 -0.00 ovf 26.50 -78.48 0.00 315 230 0
11766 -0.00 ovf 26.50 -78.48 0.00 315 230 0
11949 -0.00 ovf 26.50 -78.48 0.00 315 230 0
12131 -0.00 ovf 26.50 -78.48 0.00 315 230 0
12312 -0.00 ovf 26.50 -78.48 0.00 315 230 0
12493 -0.00 ovf 26.50 -78.48 0.00 315 230 0
12676 -0.00 ovf 26.50 -78.48 0.00 315 230 0
12858 -0.00 ovf 26.50 -78.48 0.00 315 230 0
13039 -0.00 ovf 26.50 -78.48 0.00 315 230 0
13220 -0.00 ovf 26.50 -78.48 0.00 315 230 0
13403 -0.00 ovf 26.50 -78.48 0.00 315 230 0
13584 -0.00 ovf 26.50 -78.12 0.00 315 230 0
13766 -0.00 ovf 26.50 -78.48 0.00 315 230 0
13948 -0.00 ovf 26.50 -78.48 0.00 315 230 0
14130 -0.00 ovf 26.50 -78.48 0.00 315 230 0
14311 -0.00 ovf 26.50 -78.48 0.00 315 230 0
14492 -0.00 ovf 26.50 -78.48 0.00 315 230 0
14674 -0.00 ovf 26.50 -78.48 0.00 315 230 0
14858 -0.00 ovf 26.50 -78.48 0.00 315 230 0
15039 -0.00 ovf 26.50 -78.48 0.00 315 230 0
15219 -0.00 ovf 26.50 -78.48 0.00 315 230 0
15401 -0.00 ovf 26.50 -78.48 0.00 315 230 0
15583 -0.00 ovf 26.50 -78.48 0.00 315 230 0
15765 -0.00 ovf 26.50 -78.48 0.00 315 230 0
15947 -0.00 ovf 26.50 -78.48 0.00 315 230 0
16129 -0.00 ovf 26.50 -78.48 0.00 315 230 0
16310 -0.00 ovf 26.50 -78.48 0.00 315 230 0
16492 -0.00 ovf 26.50 -78.48 0.00 315 230 0
16673 -0.00 ovf 26.50 -78.48 0.00 315 230 0
16857 -0.00 ovf 26.50 -78.48 0.00 315 230 0
17038 -0.00 ovf 26.50 -78.48 0.00 315 230 0
17219 -0.00 ovf 26.50 -78.48 0.00 315 230 0
17400 -0.00 ovf 26.50 -78.48 0.00 315 230 0
17582 -0.00 ovf 26.50 -78.48 0.00 315 230 0
17764 -0.00 ovf 26.50 -78.83 0.00 315 230 0
17946 -0.00 ovf 26.50 -78.48 0.00 315 230 0
18128 -0.00 ovf 26.50 -78.48 0.00 315 230 0
18309 -0.00 ovf 26.50 -78.48 0.00 315 230 0
18491 -0.00 ovf 26.50 -78.48 0.00 315 230 0
18672 -0.00 ovf 26.50 -78.48 0.00 315 230 0
18855 -0.00 ovf 26.50 -78.48 0.00 315 230 0
19037 -0.00 ovf 26.50 -78.83 0.00 315 230 0
19218 -0.00 ovf 26.50 -78.48 0.00 315 230 0
19399 -0.00 ovf 26.50 -78.48 0.00 315 230 0
19581 -0.00 ovf 26.50 -78.48 0.00 315 230 0
19763 -0.00 ovf 26.50 -78.48 0.00 315 230 0
19946 -0.00 ovf 26.50 -78.48 0.00 315 230 0
20127 -0.00 ovf 26.50 -78.48 0.00 315 230 0
20308 -0.00 ovf 26.50 -78.48 0.00 315 230 0
20490 -0.00 ovf 26.50 -78.48 0.00 315 230 0
20672 -0.00 ovf 26.50 -78.48 0.00 315 230 0
20854 -0.00 ovf 26.50 -78.48 0.00 315 230 0
21036 -0.00 ovf 26.50 -78.48 0.00 315 230 0
21217 -0.00 ovf 26.50 -78.48 0.00 315 230 0
21399 -0.00 ovf 26.50 -78.48 0.00 315 230 0
21580 -0.00 ovf 26.50 -78.48 0.00 315 230 0
21763 -0.00 ovf 26.50 -78.48 0.00 315 230 0
21945 -0.00 ovf 26.50 -78.48 0.00 315 230 0
22126 -0.00 ovf 26.50 -78.48 0.00 315 230 0
22307 -0.00 ovf 26.50 -78.48 0.00 315 230 0
22489 -0.00 ovf 26.50 -78.48 0.00 315 230 0
22671 -0.00 ovf 26.50 -78.48 0.00 315 230 0
22853 -0.00 ovf 26.50 -78.48 0.00 315 230 0
23034 -0.00 ovf 26.50 -78.48 0.00 315 230 0
23216 -0.00 ovf 26.50 -78.48 0.00 315 230 0
23398 -0.00 ovf 26.50 -78.48 0.00 315 230 0
23579 -0.00 ovf 26.50 -78.48 0.00 315 230 0
23761 -0.00 ovf 26.50 -78.48 0.00 315 230 0
23944 -0.00 ovf 26.50 -78.48 0.00 315 230 0
24125 -0.00 ovf 26.50 -78.48 0.00 315 230 0
24306 -0.00 ovf 26.50 -78.48 0.00 315 230 0
24488 -0.00 ovf 26.50 -78.48 0.00 315 230 0
24670 -0.00 ovf 26.50 -78.48 0.00 315 230 0
24853 -0.00 ovf 26.50 -78.48 0.00 315 230 0
25033 -0.00 ovf 26.50 -78.48 0.00 315 230 0
25216 -0.00 ovf 26.50 -78.48 0.00 315 230 0
25397 -0.00 ovf 26.50 -78.48 0.00 315 230 0
25578 -0.00 ovf 26.50 -78.12 0.00 315 230 0
25760 -0.00 ovf 26.50 -78.48 0.00 315 230 0
25943 -0.00 ovf 26.50 -78.48 0.00 315 230 0
26125 -0.00 ovf 26.50 -78.48 0.00 315 230 0
26305 -0.00 ovf 26.50 -78.48 0.00 315 230 0
26487 -0.00 ovf 26.50 -78.48 0.00 315 230 0
26669 -0.00 ovf 26.50 -78.48 0.00 315 230 0
26852 -0.00 ovf 26.50 -78.48 0.00 315 230 0
27033 -0.00 ovf 26.50 -78.48 0.00 315 230 0
27214 -0.00 ovf 26.50 -78.48 0.00 315 230 0
27396 -0.00 ovf 26.50 -78.48 0.00 315 230 0
27578 -0.00 ovf 26.50 -78.48 0.00 315 230 0
27759 -0.00 ovf 26.50 -78.48 0.00 315 230 0
27943 -0.00 ovf 26.50 -78.48 0.00 315 230 0
28124 -0.00 ovf 26.50 -78.48 0.00 315 230 0
28305 -0.00 ovf 26.50 -78.48 0.00 315 230 0
28486 -0.00 ovf 26.50 -78.48 0.00 315 230 0
28668 -0.00 ovf 26.50 -78.48 0.00 315 230 0
28851 -0.00 ovf 26.50 -78.48 0.00 315 230 0
29032 -0.00 ovf 26.50 -78.48 0.00 315 230 0
29213 -0.00 ovf 26.50 -78.48 0.00 315 230 0
29394 -0.00 ovf 26.50 -78.48 0.00 315 230 0
29577 -0.00 ovf 26.50 -78.48 0.00 315 230 0
29758 -0.00 ovf 26.50 -78.48 0.00 315 230 0
29942 -0.00 ovf 26.50 -78.48 0.00 315 230 0
30121 -0.00 ovf 26.50 -78.48 0.00 315 230 0
30304 -0.00 ovf 26.50 -78.48 0.00 315 230 0
30485 -0.00 ovf 26.50 -78.48 0.00 315 230 0
30667 -0.00 ovf 26.50 -78.48 0.00 315 230 0
30850 -0.00 ovf 26.50 -78.48 0.00 315 230 0
31031 -0.00 ovf 26.50 -78.48 0.00 315 230 0
31212 -0.00 ovf 26.50 -78.48 0.00 315 230 0
31394 -0.00 ovf 26.50 -78.48 0.00 315 230 0
31576 -0.00 ovf 26.50 -78.48 0.00 315 230 0
31758 -0.00 ovf 26.50 -78.48 0.00 315 230 0
31941 -0.00 ovf 26.50 -78.48 0.00 315 230 0
32121 -0.00 ovf 26.50 -78.48 0.00 315 230 0
32303 -0.00 ovf 26.50 -78.48 0.00 315 230 0
32485 -0.00 ovf 26.50 -78.48 0.00 315 230 0
32666 -0.00 ovf 26.50 -78.48 0.00 315 230 0
32848 -0.00 ovf 26.50 -78.48 0.00 315 230 0
33031 -0.00 ovf 26.50 -78.48 0.00 315 230 0
33212 -0.00 ovf 26.50 -78.48 0.00 315 230 0
33393 -0.00 ovf 26.50 -78.48 0.00 315 230 0
33574 -0.00 ovf 26.50 -78.48 0.00 315 230 0
33757 -0.00 ovf 26.50 -78.48 0.00 315 230 0
33940 -0.00 ovf 26.50 -78.83 0.00 315 230 0
34120 -0.00 ovf 26.50 -78.48 0.00 315 230 0
34301 -0.00 ovf 26.50 -78.83 0.00 315 230 0
34484 -0.00 ovf 26.50 -78.48 0.00 315 230 0
34665 -0.00 ovf 26.50 -78.48 0.00 315 230 0
34848 -0.00 ovf 26.50 -78.48 0.00 315 230 0
35030 -0.00 ovf 26.50 -78.48 0.00 315 230 0
35211 -0.00 ovf 26.50 -78.48 0.00 315 230 0
35392 -0.00 ovf 26.50 -78.48 0.00 315 230 0
35574 -0.00 ovf 26.50 -78.48 0.00 315 230 0
35756 -0.00 ovf 26.50 -78.48 0.00 315 230 0
35940 -0.00 ovf 26.50 -78.48 0.00 315 230 0
36119 -0.00 ovf 26.50 -78.48 0.00 315 230 0
36301 -0.00 ovf 26.50 -78.48 0.00 315 230 0
36483 -0.00 ovf 26.50 -78.48 0.00 315 230 0
36665 -0.00 ovf 26.50 -78.48 0.00 315 230 0
36847 -0.00 ovf 26.50 -78.83 0.00 315 230 0
37028 -0.00 ovf 26.50 -78.48 0.00 315 230 0
37210 -0.00 ovf 26.50 -78.48 0.00 315 230 0
37392 -0.00 ovf 26.50 -78.48 0.00 315 230 0
37573 -0.00 ovf 26.50 -78.48 0.00 315 230 0
37755 -0.00 ovf 26.50 -78.48 0.00 315 230 0
37939 -0.00 ovf 26.50 -78.48 0.00 315 230 0
38119 -0.00 ovf 26.50 -78.48 0.00 315 230 0
38300 -0.00 ovf 26.50 -78.48 0.00 315 230 0
38482 -0.00 ovf 26.50 -78.48 0.00 315 230 0
38664 -0.00 ovf 26.50 -78.48 0.00 315 230 0
38847 -0.00 ovf 26.50 -78.48 0.00 315 230 0
39028 -0.00 ovf 26.50 -78.48 0.00 315 230 0
39208 -0.00 ovf 26.50 -78.48 0.00 315 230 0
39391 -0.00 ovf 26.50 -78.48 0.00 315 230 0
39572 -0.00 ovf 26.50 -78.48 0.00 315 230 0
39754 -0.00 ovf 26.50 -78.48 0.00 315 230 0
39938 -0.00 ovf 26.50 -78.48 0.00 315 230 0
40118 -0.00 ovf 26.50 -78.48 0.00 315 230 0
40299 -0.00 ovf 26.50 -78.48 0.00 315 230 0
40481 -0.00 ovf 26.50 -78.48 0.00 315 230 0
40663 -0.00 ovf 26.50 -78.48 0.00 315 230 0
40846 -0.00 ovf 26.50 -78.48 0.00 315 230 0
41027 -0.00 ovf 26.50 -78.48 0.00 315 230 0
41208 -0.00 ovf 26.50 -78.83 0.00 315 230 0
41390 -0.00 ovf 26.50 -78.83 0.00 315 230 0
41572 -0.00 ovf 26.50 -78.48 0.00 315 230 0
41753 -0.00 ovf 26.50 -78.48 0.00 315 230 0
41939 -0.00 ovf 26.50 -78.48 0.00 315 230 0
42119 -0.00 ovf 26.50 -78.48 0.00 315 230 0
42301 -0.00 ovf 26.50 -78.48 0.00 315 230 0
42482 -0.00 ovf 26.50 -78.48 0.00 315 230 0
42664 -0.00 ovf 26.50 -78.48 0.00 315 230 0
42847 -0.00 ovf 26.50 -78.48 0.00 315 230 0
43029 -0.00 ovf 26.50 -78.48 0.00 315 230 0
43209 -0.00 ovf 26.50 -78.48 0.00 315 230 0
43392 -0.00 ovf 26.50 -78.83 0.00 315 230 0
43573 -0.00 ovf 26.50 -78.48 0.00 315 230 0
43755 -0.00 ovf 26.50 -78.48 0.00 315 230 0
43938 -0.00 ovf 26.50 -78.83 0.00 315 230 0
44118 -0.00 ovf 26.50 -78.48 0.00 315 230 0
44300 -0.00 ovf 26.50 -78.83 0.00 315 230 0
44481 -0.00 ovf 26.50 -78.48 0.00 315 230 0
44663 -0.00 ovf 26.50 -78.48 0.00 315 230 0
44846 -0.00 ovf 26.50 -78.48 0.00 315 230 0
45028 -0.00 ovf 26.50 -78.48 0.00 315 230 0
45208 -0.00 ovf 26.50 -78.48 0.00 315 230 0
45390 -0.00 ovf 26.50 -78.48 0.00 315 230 0
45572 -0.00 ovf 26.50 -78.48 0.00 315 230 0
45754 -0.00 ovf 26.50 -78.83 0.00 315 230 0
45937 -0.00 ovf 26.50 -78.83 0.00 315 230 0
46117 -0.00 ovf 26.50 -78.48 0.00 315 230 0
46299 -0.00 ovf 26.50 -78.83 0.00 315 230 0
46481 -0.00 ovf 26.50 -78.83 0.00 315 230 0
46662 -0.00 ovf 26.50 -78.83 0.00 315 230 0
46845 -0.00 ovf 26.50 -78.83 0.00 315 230 0
47027 -0.00 ovf 26.50 -78.83 0.00 315 230 0
47208 -0.00 ovf 26.50 -78.83 0.00 315 230 0
47389 -0.00 ovf 26.50 -78.83 0.00 315 230 0
47571 -0.00 ovf 26.50 -78.83 0.00 315 230 0
47753 -0.00 ovf 26.50 -78.83 0.00 315 230 0
47936 -0.00 ovf 26.50 -78.83 0.00 315 230 0
48116 -0.00 ovf 26.50 -78.48 0.00 315 230 0
48299 -0.00 ovf 26.50 -78.48 0.00 315 230 0
48480 -0.00 ovf 26.50 -78.83 0.00 315 230 0
48661 -0.00 ovf 26.50 -78.83 0.00 315 230 0
48844 -0.00 ovf 26.50 -78.83 0.00 315 230 0
49026 -0.00 ovf 26.50 -78.83 0.00 315 230 0
49207 -0.00 ovf 26.50 -78.48 0.00 315 230 0
49388 -0.00 ovf 26.50 -78.83 0.00 315 230 0
49570 -0.00 ovf 26.50 -78.83 0.00 315 230 0
49752 -0.00 ovf 26.50 -78.83 0.00 315 230 0
49936 -0.00 ovf 26.50 -78.83 0.00 315 230 0
50115 -0.00 ovf 26.50 -78.83 0.00 315 230 0
50297 -0.00 ovf 26.50 -78.48 0.00 315 230 0
50479 -0.00 ovf 26.50 -78.83 0.00 315 230 0
50661 -0.00 ovf 26.50 -78.83 0.00 315 230 0
50844 -0.00 ovf 26.50 -78.83 0.00 315 230 0
51024 -0.00 ovf 26.50 -78.48 0.00 315 230 0
51206 -0.00 ovf 26.50 -78.48 0.00 315 230 0
51388 -0.00 ovf 26.50 -78.83 0.00 315 230 0
51569 -0.00 ovf 26.50 -78.48 0.00 315 230 0
51751 -0.00 ovf 26.50 -78.48 0.00 315 230 0
51935 -0.00 ovf 26.50 -78.83 0.00 315 230 0
52115 -0.00 ovf 26.50 -78.48 0.00 315 230 0
52296 -0.00 ovf 26.50 -78.83 0.00 315 230 0
52477 -0.00 ovf 26.50 -78.83 0.00 315 230 0
52660 -0.00 ovf 26.50 -78.48 0.00 315 230 0
52842 -0.00 ovf 26.50 -78.48 0.00 315 230 0
53024 -0.00 ovf 26.50 -78.48 0.00 315 230 0
53204 -0.00 ovf 26.50 -78.83 0.00 315 230 0
53387 -0.00 ovf 26.50 -78.83 0.00 315 230 0
53568 -0.00 ovf 26.50 -78.48 0.00 315 230 0
53750 -0.00 ovf 26.50 -78.83 0.00 315 230 0
53934 -0.00 ovf 26.50 -78.48 0.00 315 230 0
54114 -0.00 ovf 26.50 -78.48 0.00 315 230 0
54295 -0.00 ovf 26.50 -78.48 0.00 315 230 0
54477 -0.00 ovf 26.50 -78.48 0.00 315 230 0
54659 -0.00 ovf 26.50 -78.48 0.00 315 230 0
54842 -0.00 ovf 26.50 -78.48 0.00 315 230 0
55023 -0.00 ovf 26.50 -78.48 0.00 315 230 0
55204 -0.00 ovf 26.50 -78.83 0.00 315 230 0
55386 -0.00 ovf 26.50 -78.83 0.00 315 230 0
55568 -0.00 ovf 26.50 -78.83 0.00 315 230 0
55749 -0.00 ovf 26.50 -78.83 0.00 315 230 0
55932 -0.00 ovf 26.50 -78.83 0.00 315 230 0
56113 -0.00 ovf 26.50 -78.83 0.00 315 230 0
56294 -0.00 ovf 26.50 -78.48 0.00 315 230 0
56476 -0.00 ovf 26.50 -78.48 0.00 315 230 0
56617 -0.00 ovf 26.50 -78.83 0.00 180 201 1
56759 -0.00 ovf 26.50 -78.83 0.00 180 201 1
56901 -0.00 ovf 26.50 -78.48 0.00 180 201 1
57042 -0.00 ovf 26.50 -78.83 0.00 180 201 1
57183 -0.00 ovf 26.50 -78.83 0.00 180 201 1
57324 -0.00 ovf 26.50 -78.48 0.00 180 201 1
57465 -0.00 ovf 26.50 -78.83 0.00 180 201 1
57608 -0.00 ovf 26.50 -78.48 0.00 180 201 1
57748 -0.00 ovf 26.50 -78.83 0.00 180 201 1
57890 -0.00 ovf 26.50 -78.83 0.00 180 201 1
58032 -0.00 ovf 26.50 -78.48 0.00 180 201 1
58173 -0.00 ovf 26.50 -78.83 0.00 180 201 1
58314 -0.00 ovf 26.50 -78.83 0.00 180 201 1
58456 -0.00 ovf 26.50 -78.48 0.00 180 201 1
58597 -0.00 ovf 26.50 -78.83 0.00 180 201 1
58738 -0.00 ovf 26.50 -78.48 0.00 180 201 1
58881 -0.00 ovf 26.50 -78.83 0.00 180 201 1
59021 -0.00 ovf 26.50 -78.83 0.00 180 201 1
59162 -0.00 ovf 26.50 -78.83 0.00 180 201 1
59303 -0.00 ovf 26.50 -78.83 0.00 180 201 1
59445 -0.00 ovf 26.50 -78.83 0.00 180 201 1
59586 -0.00 ovf 26.50 -78.83 0.00 180 201 1
59727 -0.00 ovf 26.50 -78.83 0.00 180 201 1
59870 -0.00 ovf 26.50 -78.48 0.00 180 201 1
60011 -0.00 ovf 26.50 -78.83 0.00 180 201 1
60151 -0.00 ovf 26.50 -78.83 0.00 180 201 1
60293 -0.00 ovf 26.50 -78.83 0.00 180 201 1
60434 -0.00 ovf 26.50 -78.83 0.00 180 201 1
60575 -0.00 ovf 26.50 -78.83 0.00 180 201 1
60717 -0.00 ovf 26.50 -78.83 0.00 180 201 1
60859 -0.00 ovf 26.50 -78.83 0.00 180 201 1
61000 -0.00 ovf 26.50 -78.83 0.00 180 201 1
61140 -0.00 ovf 26.50 -78.83 0.00 180 201 1
61282 -0.00 ovf 26.50 -78.83 0.00 180 201 1
61424 -0.00 ovf 26.50 -78.83 0.00 180 201 1
61565 -0.00 ovf 26.50 -78.83 0.00 180 201 1
61707 -0.00 ovf 26.50 -78.83 0.00 180 201 1
61849 -0.00 ovf 26.50 -78.83 0.00 180 201 1
61989 -0.00 ovf 26.50 -78.83 0.00 180 201 1
62131 -0.00 ovf 26.50 -78.83 0.00 180 201 1
62272 -0.00 ovf 26.50 -78.83 0.00 180 201 1
62413 -0.00 ovf 26.50 -78.83 0.00 180 201 1
62555 -0.00 ovf 26.50 -78.83 0.00 180 201 1
62696 -0.00 ovf 26.50 -78.83 0.00 180 201 1
62839 -0.00 ovf 26.50 -78.83 0.00 180 201 1
62979 -0.00 ovf 26.50 -78.83 0.00 180 201 1
63120 -0.00 ovf 26.50 -78.83 0.00 180 201 1
63261 -0.00 ovf 26.50 -78.83 0.00 180 201 1
63403 -0.00 ovf 26.50 -78.83 0.00 180 201 1
63544 -0.00 ovf 26.50 -78.83 0.00 180 201 1
63685 -0.00 ovf 26.50 -78.83 0.00 180 201 1
63828 -0.00 ovf 26.50 -78.83 0.00 180 201 1
63970 -0.00 ovf 26.50 -78.83 0.00 180 201 1
64109 -0.00 ovf 26.50 -78.83 0.00 180 201 1
64250 -0.00 ovf 26.50 -78.83 0.00 180 201 1
64392 -0.00 ovf 26.50 -78.83 0.00 180 201 1
64533 -0.00 ovf 26.50 -78.83 0.00 180 201 1
64674 -0.00 ovf 26.50 -78.83 0.00 180 201 1
64818 -0.00 ovf 26.50 -78.83 0.00 180 201 1
64959 -0.00 ovf 26.50 -78.83 0.00 180 201 1
65099 -0.00 ovf 26.50 -78.83 0.00 180 201 1
65241 -0.00 ovf 26.50 -78.83 0.00 180 201 1
65382 -0.00 ovf 26.50 -78.83 0.00 180 201 1
65523 -0.00 ovf 26.50 -78.83 0.00 180 201 1
65665 -0.00 ovf 26.50 -78.83 0.00 180 201 1
65807 -0.00 ovf 26.50 -78.83 0.00 180 201 1
65949 -0.00 ovf 26.50 -78.83 0.00 180 201 1
66088 -0.00 ovf 26.50 -78.83 0.00 180 201 1
66230 -0.00 ovf 26.50 -78.83 0.00 180 201 1
66371 -0.00 ovf 26.50 -78.83 0.00 180 201 1
66512 -0.00 ovf 26.50 -78.83 0.00 180 201 1
66654 -0.00 ovf 26.50 -78.83 0.00 180 201 1
66796 -0.00 ovf 26.50 -78.83 0.00 180 201 1
66938 -0.00 ovf 26.50 -78.83 0.00 180 201 1
67078 -0.00 ovf 26.50 -78.83 0.00 180 201 1
67219 -0.00 ovf 26.50 -78.83 0.00 180 201 1
67360 -0.00 ovf 26.50 -78.83 0.00 180 201 1
67502 -0.00 ovf 26.50 -78.83 0.00 180 201 1
67643 -0.00 ovf 26.50 -78.83 0.00 180 201 1
67785 -0.00 ovf 26.50 -78.83 0.00 180 201 1
67928 -0.00 ovf 26.50 -78.83 0.00 180 201 1
68067 -0.00 ovf 26.50 -78.83 0.00 180 201 1
68208 -0.00 ovf 26.50 -78.83 0.00 180 201 1
68349 -0.00 ovf 26.50 -78.83 0.00 180 201 1
68491 -0.00 ovf 26.50 -78.83 0.00 180 201 1
68633 -0.00 ovf 26.50 -78.83 0.00 180 201 1
68774 -0.00 ovf 26.50 -78.83 0.00 180 201 1
68916 -0.00 ovf 26.50 -78.83 0.00 180 201 1
69057 -0.00 ovf 26.50 -78.83 0.00 180 201 1
69198 -0.00 ovf 26.50 -79.18 0.00 180 201 1
69340 -0.00 ovf 26.50 -78.83 0.00 180 202 1
69481 -0.00 ovf 26.50 -78.83 0.00 180 201 1
69622 -0.00 ovf 26.50 -78.83 0.00 180 201 1
69764 -0.00 ovf 26.50 -78.83 0.00 180 201 1
69906 -0.00 ovf 26.50 -78.83 0.00 180 201 1
70046 -0.00 ovf 26.50 -78.83 0.00 180 201 1
70188 -0.00 ovf 26.50 -78.83 0.00 180 201 1
70329 -0.00 ovf 26.50 -78.83 0.00 180 201 1
70470 -0.00 ovf 26.50 -78.83 0.00 180 201 1
70611 -0.00 ovf 26.50 -78.83 0.00 180 201 1
70753 -0.00 ovf 26.50 -78.83 0.00 180 201 1
70916 -0.00 ovf 26.50 -78.83 0.00 180 201 1
71056 -0.00 ovf 26.50 -78.83 0.00 180 201 1
71197 -0.00 ovf 26.50 -78.83 0.00 180 201 1
71339 -0.00 ovf 26.50 -78.83 0.00 180 201 1
71480 -0.00 ovf 26.50 -78.83 0.00 180 201 1
71621 -0.00 ovf 26.50 -78.83 0.00 180 201 1
71762 -0.00 ovf 26.50 -78.83 0.00 180 201 1
71905 -0.00 ovf 26.50 -78.83 0.00 180 201 1
72046 -0.00 ovf 26.50 -78.83 0.00 180 201 1
72186 -0.00 ovf 26.50 -78.83 0.00 180 201 1
72328 -0.00 ovf 26.50 -78.83 0.00 180 201 1
72469 -0.00 ovf 26.50 -78.83 0.00 180 201 1
72610 -0.00 ovf 26.50 -78.83 0.00 180 201 1
72752 -0.00 ovf 26.50 -78.83 0.00 180 201 1
72894 -0.00 ovf 26.50 -78.83 0.00 180 201 1
73035 -0.00 ovf 26.50 -78.83 0.00 180 201 1
