42803 52.486209869384 -1.889260101318 -2.92 149.56 0.00 204 230 1
43005 52.486209869384 -1.889260101318 0.57 150.26 0.00 204 230 0
43188 52.486209869384 -1.889260101318 1.77 148.15 0.00 204 230 0
43368 52.486209869384 -1.889260101318 -1.82 145.69 0.00 204 230 0
43550 52.486209869384 -1.889260101318 -1.42 149.91 0.00 204 230 0
43734 52.486209869384 -1.889260101318 1.98 158.36 0.00 204 230 0
43914 52.486209869384 -1.889260101318 2.57 161.52 0.00 204 230 0
44096 52.486209869384 -1.889260101318 1.97 161.52 0.00 204 230 0
44277 52.486209869384 -1.889260101318 2.07 157.30 0.00 204 230 0
44459 52.486209869384 -1.889260101318 1.57 145.34 0.00 204 230 0
44641 52.486209869384 -1.889260101318 1.77 133.72 0.00 204 230 0
44823 52.486209869384 -1.889260101318 1.77 134.43 0.00 204 230 0
45004 52.486209869384 -1.889260101318 1.87 139.00 0.00 204 230 0
45187 52.486209869384 -1.889260101318 1.57 158.01 0.00 204 230 0
45367 52.486209869384 -1.889260101318 1.67 167.16 0.00 204 230 0
45549 52.486209869384 -1.889260101318 1.67 162.93 0.00 204 230 0
45732 52.486209869384 -1.889260101318 1.67 159.06 0.00 204 230 0
45914 52.486209869384 -1.889260101318 1.77 161.52 0.00 204 230 0
46095 52.486209869384 -1.889260101318 1.77 161.52 0.00 204 230 0
46276 52.486209869384 -1.889260101318 1.77 161.52 0.00 204 230 0
46457 52.486209869384 -1.889260101318 1.77 159.77 0.00 204 230 0
46640 52.486209869384 -1.889260101318 1.77 156.25 0.00 204 230 0
46823 52.486209869384 -1.889260101318 1.77 153.08 0.00 204 230 0
47004 52.486209869384 -1.889260101318 1.87 154.84 0.00 204 230 0
47185 52.486209869384 -1.889260101318 1.87 158.71 0.00 204 230 0
47367 52.486209869384 -1.889260101318 1.77 158.01 0.00 204 230 0
47548 52.486209869384 -1.889260101318 1.87 150.62 0.00 204 230 0
47731 52.486209869384 -1.889260101318 1.47 149.56 0.00 204 230 0
47912 52.486209869384 -1.889260101318 1.37 151.67 0.00 204 230 0
48094 52.486209869384 -1.889260101318 1.17 152.38 0.00 204 230 0
48275 52.486209869384 -1.889260101318 0.77 152.38 0.00 204 230 0
48457 52.486209869384 -1.889260101318 0.77 148.86 0.00 204 230 0
48638 52.486209869384 -1.889260101318 0.77 145.69 0.00 204 230 0
48822 52.486209869384 -1.889260101318 0.77 144.63 0.00 204 230 0
49003 52.486209869384 -1.889260101318 0.67 142.17 0.00 204 230 0
49184 52.486209869384 -1.889260101318 1.17 140.41 0.00 204 230 0
49366 52.486209869384 -1.889260101318 0.37 138.30 0.00 204 230 0
49548 52.486209869384 -1.889260101318 0.27 135.48 0.00 204 230 0
49730 52.486209869384 -1.889260101318 0.67 135.13 0.00 204 230 0
49911 52.486209869384 -1.889260101318 0.57 133.37 0.00 204 230 0
50094 52.486209869384 -1.889260101318 0.57 133.37 0.00 204 230 0
50275 52.486209869384 -1.889260101318 0.77 134.78 0.00 204 230 0
50456 52.486209869384 -1.889260101318 0.87 138.30 0.00 204 230 0
50637 52.486209869384 -1.889260101318 0.77 143.23 0.00 204 230 0
50821 52.486209869384 -1.889260101318 0.77 149.21 0.00 204 230 0
51002 52.486209869384 -1.889260101318 0.77 155.89 0.00 204 230 0
51184 52.486209869384 -1.889260101318 1.17 157.30 0.00 204 230 0
51364 52.486209869384 -1.889260101318 1.27 163.28 0.00 204 230 0
51547 52.486209869384 -1.889260101318 0.67 164.69 0.00 204 230 0
51730 52.486209869384 -1.889260101318 0.67 163.28 0.00 204 230 0
51911 52.486209869384 -1.889260101318 0.67 167.16 0.00 204 230 0
52092 52.486209869384 -1.889260101318 0.67 170.67 0.00 204 230 0
52274 52.486209869384 -1.889260101318 0.77 169.62 0.00 204 230 0
52455 52.486209869384 -1.889260101318 0.77 169.97 0.00 204 230 0
52637 52.486209869384 -1.889260101318 0.77 164.34 0.00 204 230 0
52820 52.486209869384 -1.889260101318 0.77 159.77 0.00 204 230 0
53002 52.486209869384 -1.889260101318 0.77 163.64 0.00 204 230 0
53183 52.486209869384 -1.889260101318 0.67 165.40 0.00 204 230 0
53364 52.486209869384 -1.889260101318 0.67 165.40 0.00 204 230 0
53545 52.486209869384 -1.889260101318 0.67 161.17 0.00 204 230 0
53729 52.486209869384 -1.889260101318 0.67 154.84 0.00 204 230 0
53910 52.486209869384 -1.889260101318 0.67 152.38 0.00 204 230 0
54091 52.486209869384 -1.889260101318 0.67 151.67 0.00 204 230 0
54274 52.486209869384 -1.889260101318 0.67 150.62 0.00 204 230 0
54455 52.486209869384 -1.889260101318 0.67 147.80 0.00 204 230 0
54636 52.486209869384 -1.889260101318 0.67 146.74 0.00 204 230 0
54819 52.486209869384 -1.889260101318 0.67 148.86 0.00 204 230 0
55001 52.486209869384 -1.889260101318 0.67 151.67 0.00 204 230 0
55182 52.486209869384 -1.889260101318 0.67 153.43 0.00 204 230 0
55363 52.486209869384 -1.889260101318 0.67 156.25 0.00 204 230 0
55544 52.486209869384 -1.889260101318 0.67 154.84 0.00 204 230 0
55728 52.486209869384 -1.889260101318 0.67 154.84 0.00 204 230 0
55910 52.486209869384 -1.889260101318 0.67 154.84 0.00 204 230 0
56091 52.486209869384 -1.889260101318 0.67 154.49 0.00 204 230 0
56272 52.486209869384 -1.889260101318 0.67 154.49 0.00 204 230 0
56454 52.486209869384 -1.889260101318 0.67 154.49 0.00 204 230 0
56635 52.486209869384 -1.889260101318 0.67 154.49 0.00 204 230 0
56818 52.486209869384 -1.889260101318 0.67 154.49 0.00 204 230 0
56999 52.486209869384 -1.889260101318 0.67 154.49 0.00 204 230 0
57182 52.486209869384 -1.889260101318 0.67 154.84 0.00 204 230 0
57362 52.486209869384 -1.889260101318 0.67 155.19 0.00 204 230 0
57544 52.486209869384 -1.889260101318 0.67 155.19 0.00 204 230 0
57728 52.486209869384 -1.889260101318 0.67 155.19 0.00 204 230 0
57909 52.486209869384 -1.889260101318 0.67 155.19 0.00 204 230 0
58090 52.486209869384 -1.889260101318 0.67 155.19 0.00 204 230 0
58271 52.486209869384 -1.889260101318 0.77 155.19 0.00 204 230 0
58452 52.486209869384 -1.889260101318 0.77 154.84 0.00 204 230 0
58635 52.486209869384 -1.889260101318 0.77 154.84 0.00 204 230 0
58818 52.486209869384 -1.889260101318 0.77 154.84 0.00 204 230 0
58998 52.486209869384 -1.889260101318 0.77 153.78 0.00 204 230 0
59181 52.486209869384 -1.889260101318 0.77 152.73 0.00 204 230 0
59362 52.486209869384 -1.889260101318 0.77 152.02 0.00 204 230 0
59543 52.486209869384 -1.889260101318 0.77 150.26 0.00 204 230 0
59726 52.486209869384 -1.889260101318 0.77 150.97 0.00 204 230 0
59908 52.486209869384 -1.889260101318 0.77 150.62 0.00 204 230 0
60089 52.486209869384 -1.889260101318 0.77 151.32 0.00 204 230 0
60270 52.486209869384 -1.889260101318 0.77 152.38 0.00 204 230 0
60451 52.486209869384 -1.889260101318 0.77 150.62 0.00 204 230 0
60634 52.486209869384 -1.889260101318 0.77 150.62 0.00 204 230 0
60817 52.486209869384 -1.889260101318 0.77 150.62 0.00 204 230 0
60998 52.486209869384 -1.889260101318 0.77 148.86 0.00 204 230 0
61179 52.486209869384 -1.889260101318 0.77 144.99 0.00 204 230 0
61361 52.486209869384 -1.889260101318 0.87 145.69 0.00 204 230 0
61542 52.486209869384 -1.889260101318 0.87 153.08 0.00 204 230 0
61725 52.486209869384 -1.889260101318 0.67 163.28 0.00 204 230 0
61906 52.486209869384 -1.889260101318 0.67 164.34 0.00 204 230 0
62089 52.486209869384 -1.889260101318 0.67 162.58 0.00 204 230 0
62270 52.486209869384 -1.889260101318 1.07 156.60 0.00 204 230 0
62451 52.486209869384 -1.889260101318 1.57 148.86 0.00 204 230 0
62632 52.486209869384 -1.889260101318 1.77 144.99 0.00 204 230 0
62816 52.486209869384 -1.889260101318 1.87 144.63 0.00 204 230 0
62997 52.486209869384 -1.889260101318 1.87 146.04 0.00 204 230 0
63179 52.486209869384 -1.889260101318 1.87 148.15 0.00 204 230 0
63360 52.486209869384 -1.889260101318 1.87 147.80 0.00 204 230 0
63542 52.486209869384 -1.889260101318 1.87 147.80 0.00 204 230 0
63725 52.486209869384 -1.889260101318 1.87 149.56 0.00 204 230 0
63906 52.486209869384 -1.889260101318 1.77 152.38 0.00 204 230 0
64088 52.486209869384 -1.889260101318 1.87 151.32 0.00 204 230 0
64269 52.486209869384 -1.889260101318 1.77 149.91 0.00 204 230 0
64450 52.486209869384 -1.889260101318 1.87 149.21 0.00 204 230 0
64632 52.486209869384 -1.889260101318 1.87 150.62 0.00 204 230 0
64816 52.486209869384 -1.889260101318 1.87 152.73 0.00 204 230 0
64996 52.486209869384 -1.889260101318 1.87 152.73 0.00 204 230 0
65178 52.486209869384 -1.889260101318 1.87 155.19 0.00 204 230 0
65359 52.486209869384 -1.889260101318 1.77 156.25 0.00 204 230 0
65541 52.486209869384 -1.889260101318 1.77 165.40 0.00 204 230 0
65724 52.486209869384 -1.889260101318 1.77 175.60 0.00 204 230 0
65905 52.486209869384 -1.889260101318 1.77 171.38 0.00 204 230 0
66086 52.486209869384 -1.889260101318 1.77 165.04 0.00 204 230 0
66268 52.486209869384 -1.889260101318 1.77 160.47 0.00 204 230 0
66449 52.486209869384 -1.889260101318 1.77 163.64 0.00 204 230 0
66631 52.486209869384 -1.889260101318 1.77 171.38 0.00 204 230 0
66814 52.486209869384 -1.889260101318 1.77 174.55 0.00 204 230 0
66996 52.486209869384 -1.889260101318 1.77 174.55 0.00 204 230 0
67177 52.486209869384 -1.889260101318 1.77 174.19 0.00 204 230 0
67358 52.486209869384 -1.889260101318 1.77 174.19 0.00 204 230 0
67539 52.486209869384 -1.889260101318 1.77 174.19 0.00 204 230 0
67723 52.486209869384 -1.889260101318 1.77 174.19 0.00 204 230 0
67904 52.486209869384 -1.889260101318 1.87 174.19 0.00 204 230 0
68086 52.486209869384 -1.889260101318 1.87 174.19 0.00 204 230 0
68268 52.486209869384 -1.889260101318 1.87 174.19 0.00 204 230 0
68449 52.486209869384 -1.889260101318 1.87 174.19 0.00 204 230 0
68630 52.486209869384 -1.889260101318 1.87 173.49 0.00 204 230 0
68813 52.486209869384 -1.889260101318 1.87 172.43 0.00 204 230 0
68995 52.486209869384 -1.889260101318 1.87 172.08 0.00 204 230 0
69177 52.486209869384 -1.889260101318 1.87 171.03 0.00 204 230 0
69357 52.486209869384 -1.889260101318 1.87 169.62 0.00 204 230 0
69539 52.486209869384 -1.889260101318 1.87 168.21 0.00 204 230 0
69722 52.486209869384 -1.889260101318 1.87 168.21 0.00 204 230 0
69904 52.486209869384 -1.889260101318 1.87 168.21 0.00 204 230 0
70085 52.486209869384 -1.889260101318 1.87 168.21 0.00 204 230 0
70266 52.486209869384 -1.889260101318 1.87 168.21 0.00 204 230 0
70448 52.486209869384 -1.889260101318 1.87 168.21 0.00 204 230 0
70629 52.486209869384 -1.889260101318 1.87 168.21 0.00 204 230 0
70812 52.486209869384 -1.889260101318 1.87 168.21 0.00 204 230 0
70993 52.486209869384 -1.889260101318 1.87 167.86 0.00 204 230 0
71176 52.486209869384 -1.889260101318 1.77 167.86 0.00 204 230 0
71356 52.486209869384 -1.889260101318 1.77 167.86 0.00 204 230 0
71538 52.486209869384 -1.889260101318 1.77 166.80 0.00 204 230 0
71721 52.486209869384 -1.889260101318 1.87 165.40 0.00 204 230 0
71903 52.486209869384 -1.889260101318 2.27 164.69 0.00 204 230 0
72084 52.486209869384 -1.889260101318 2.97 162.93 0.00 204 230 0
72265 52.486209869384 -1.889260101318 2.77 158.36 0.00 204 230 0
72446 52.486209869384 -1.889260101318 3.07 153.08 0.00 204 230 0
72629 52.486209869384 -1.889260101318 -1.92 156.95 0.00 204 230 0
72812 52.486209869384 -1.889260101318 -2.52 167.86 0.00 204 230 0
72993 52.486209869384 -1.889260101318 0.37 177.01 0.00 204 230 0
73175 52.486209869384 -1.889260101318 3.05 -179.82 0.00 204 230 0
73356 52.486209869384 -1.889260101318 -2.15 -172.43 0.00 204 230 0
73537 52.486209869384 -1.889260101318 0.73 -166.10 0.00 204 230 0
73720 52.486209869384 -1.889260101318 2.23 -168.91 0.00 204 230 0
73902 52.486209869384 -1.889260101318 -1.95 -168.91 0.00 204 230 0
74083 52.486209869384 -1.889260101318 1.33 -167.86 0.00 204 230 0
74265 52.486209869384 -1.889260101318 -1.38 -158.01 0.00 204 230 0
74446 52.486209869384 -1.889260101318 -3.02 -143.58 0.00 204 230 0
74628 52.486209869384 -1.889260101318 -2.77 -127.39 0.00 204 230 0
74811 52.486209869384 -1.889260101318 3.07 -107.68 0.00 204 230 0
74992 52.486209869384 -1.889260101318 2.22 -84.11 0.00 204 230 0
75173 52.486209869384 -1.889260101318 0.97 -67.21 0.00 204 230 0
75355 52.486209869384 -1.889260101318 0.22 -61.94 0.00 204 230 0
75537 52.486209869384 -1.889260101318 2.66 -59.47 0.00 204 230 0
75719 52.486209869384 -1.889260101318 1.93 -54.19 0.00 204 230 0
75901 52.486209869384 -1.889260101318 -0.89 -45.04 0.00 204 230 0
76083 52.486209869384 -1.889260101318 3.08 -27.80 0.00 204 230 0
76264 52.486209869384 -1.889260101318 -2.64 -7.39 0.00 204 230 0
76445 52.486209869384 -1.889260101318 2.90 0.00 0.00 204 230 0
76626 52.486209869384 -1.889260101318 -0.85 0.00 0.00 204 230 0
76810 52.486209869384 -1.889260101318 0.05 0.00 0.00 204 230 0
76991 52.486209869384 -1.889260101318 2.59 0.00 0.00 204 230 0
77173 52.486209869384 -1.889260101318 0.74 0.00 0.00 204 230 0
77353 52.486209869384 -1.889260101318 1.19 0.00 0.00 204 230 0
77536 52.486209869384 -1.889260101318 -1.65 0.00 0.00 204 230 0
77718 52.486209869384 -1.889260101318 -1.88 0.00 0.00 204 230 0
77900 52.486251831054 -1.889391708374 2.78 0.00 0.00 204 230 0
78082 52.486251831054 -1.889391708374 -0.22 8.80 0.00 204 230 0
78263 52.486251831054 -1.889391708374 2.35 15.13 0.00 204 230 0
78444 52.486251831054 -1.889391708374 0.53 24.28 0.00 204 230 0
78626 52.486251831054 -1.889391708374 2.42 30.62 0.00 204 230 0
78810 52.486251831054 -1.889391708374 1.70 49.62 0.00 204 230 0
78991 52.486251831054 -1.889391708374 1.67 76.72 0.00 204 230 0
79172 52.486251831054 -1.889391708374 2.53 103.46 0.00 204 230 0
79353 52.486251831054 -1.889391708374 -2.48 127.04 0.00 204 230 0
79535 52.486251831054 -1.889391708374 -0.72 155.54 0.00 204 230 0
79717 52.486251831054 -1.889391708374 -0.53 179.82 0.00 204 230 0
79899 52.486270904541 -1.889413356781 -2.53 -164.34 0.00 204 230 0
80080 52.486270904541 -1.889413356781 1.65 -152.02 0.00 204 230 0
80263 52.486270904541 -1.889413356781 -2.55 -139.00 0.00 204 230 0
80444 52.486270904541 -1.889413356781 -1.67 -125.28 0.00 204 230 0
80625 52.486270904541 -1.889413356781 -0.88 -115.07 0.00 204 230 0
80808 52.486270904541 -1.889413356781 -1.50 -99.24 0.00 204 230 0
80990 52.486270904541 -1.889413356781 2.18 -87.27 0.00 204 230 0
81171 52.486270904541 -1.889413356781 -1.40 -86.92 0.00 204 230 0
81352 52.486270904541 -1.889413356781 0.20 -86.92 0.00 204 230 0
81533 52.486270904541 -1.889413356781 1.50 -86.22 0.00 204 230 0
81717 52.486270904541 -1.889413356781 0.60 -86.57 0.00 204 230 0
81899 52.486289978027 -1.889431762695 -0.50 -87.27 0.00 204 230 0
82080 52.486289978027 -1.889431762695 0.40 -87.62 0.00 204 230 0
82262 52.486289978027 -1.889431762695 -2.68 -88.68 0.00 204 230 0
82443 52.486289978027 -1.889431762695 -2.47 -89.38 0.00 204 230 0
82624 52.486289978027 -1.889431762695 -1.85 -89.74 0.00 204 230 0
82807 52.486289978027 -1.889431762695 -2.53 -89.38 0.00 204 230 0
82989 52.486289978027 -1.889431762695 -0.73 -89.03 0.00 204 230 0
83171 52.486289978027 -1.889431762695 -2.73 -89.03 0.00 204 230 0
83351 52.486289978027 -1.889431762695 -0.15 -89.74 0.00 204 230 0
83533 52.486289978027 -1.889431762695 0.15 -90.09 0.00 204 230 0
83716 52.486289978027 -1.889431762695 2.45 -90.79 0.00 204 230 0
83898 52.486305236816 -1.889445114135 -1.93 -90.79 0.00 204 230 0
84079 52.486305236816 -1.889445114135 1.47 -90.79 0.00 204 230 0
84260 52.486305236816 -1.889445114135 0.28 -91.14 0.00 204 230 0
84442 52.486305236816 -1.889445114135 0.90 -91.14 0.00 204 230 0
84624 52.486305236816 -1.889445114135 2.62 -91.85 0.00 204 230 0
84806 52.486305236816 -1.889445114135 1.15 -96.07 0.00 204 230 0
84987 52.486305236816 -1.889445114135 -1.52 -104.16 0.00 204 230 0
85170 52.486305236816 -1.889445114135 0.50 -118.24 0.00 204 230 0
85350 52.486305236816 -1.889445114135 -0.68 -131.61 0.00 204 230 0
85532 52.486305236816 -1.889445114135 1.52 -148.15 0.00 204 230 0
85714 52.486305236816 -1.889445114135 0.63 -173.14 0.00 204 230 0
85898 52.486320495605 -1.889453315734 -1.13 158.71 0.00 204 230 0
86078 52.486320495605 -1.889453315734 2.00 132.67 0.00 204 230 0
86260 52.486320495605 -1.889453315734 0.05 120.70 0.00 204 230 0
86440 52.486320495605 -1.889453315734 1.79 117.89 0.00 204 230 0
86623 52.486320495605 -1.889453315734 1.12 113.31 0.00 204 230 0
86806 52.486320495605 -1.889453315734 -2.55 107.33 0.00 204 230 0
86987 52.486320495605 -1.889453315734 1.55 102.40 0.00 204 230 0
87169 52.486320495605 -1.889453315734 -0.15 104.16 0.00 204 230 0
87350 52.486320495605 -1.889453315734 -0.86 104.52 0.00 204 230 0
87531 52.486320495605 -1.889453315734 1.10 106.63 0.00 204 230 0
87714 52.486320495605 -1.889453315734 1.97 113.67 0.00 204 230 0
87896 52.486324310302 -1.889470100402 2.94 124.93 0.00 204 230 0
88078 52.486324310302 -1.889470100402 -1.88 136.89 0.00 204 230 0
88259 52.486324310302 -1.889470100402 2.08 151.67 0.00 204 230 0
88440 52.486324310302 -1.889470100402 1.07 172.08 0.00 204 230 0
88622 52.486324310302 -1.889470100402 0.85 -176.30 0.00 204 230 0
88805 52.486324310302 -1.889470100402 2.93 -175.95 0.00 204 230 0
88986 52.486324310302 -1.889470100402 1.43 179.47 0.00 204 230 0
89167 52.486324310302 -1.889470100402 2.03 174.90 0.00 204 230 0
89349 52.486324310302 -1.889470100402 -1.55 170.32 0.00 204 230 0
89531 52.486324310302 -1.889470100402 -3.13 162.58 0.00 204 230 0
89713 52.486324310302 -1.889470100402 3.07 160.82 0.00 204 230 0
89895 52.486320495605 -1.889466762542 2.88 156.95 0.00 204 230 0
90077 52.486320495605 -1.889466762542 1.50 155.54 0.00 204 230 0
90258 52.486320495605 -1.889466762542 -1.88 155.19 0.00 204 230 0
90439 52.486320495605 -1.889466762542 -0.78 154.84 0.00 204 230 0
90620 52.486320495605 -1.889466762542 -0.28 154.49 0.00 204 230 0
90804 52.486320495605 -1.889466762542 -0.18 152.73 0.00 204 230 0
90985 52.486320495605 -1.889466762542 -0.18 150.62 0.00 204 230 0
91167 52.486320495605 -1.889466762542 -0.28 149.56 0.00 204 230 0
91347 52.486320495605 -1.889466762542 0.02 149.21 0.00 204 230 0
91530 52.486320495605 -1.889466762542 1.22 148.50 0.00 204 230 0
91712 52.486320495605 -1.889466762542 -2.96 146.04 0.00 204 230 0
91894 52.486320495605 -1.889466762542 0.74 140.06 0.00 204 230 0
92076 52.486320495605 -1.889466762542 -0.75 135.13 0.00 204 230 0
92258 52.486320495605 -1.889466762542 -2.43 132.67 0.00 204 230 0
92438 52.486320495605 -1.889466762542 1.37 130.91 0.00 204 230 0
92620 52.486320495605 -1.889466762542 -1.61 128.45 0.00 204 230 0
92804 52.486320495605 -1.889466762542 -0.11 128.45 0.00 204 230 0
92985 52.486320495605 -1.889466762542 0.89 127.74 0.00 204 230 0
93166 52.486320495605 -1.889466762542 -2.90 125.28 0.00 204 230 0
93347 52.486320495605 -1.889466762542 1.30 123.52 0.00 204 230 0
93529 52.486320495605 -1.889466762542 -0.28 121.06 0.00 204 230 0
93711 52.486320495605 -1.889466762542 3.02 120.00 0.00 204 230 0
93894 52.486320495605 -1.889468383789 -2.26 120.35 0.00 204 230 0
94075 52.486320495605 -1.889468383789 -2.96 120.35 0.00 204 230 0
94257 52.486320495605 -1.889468383789 2.62 120.00 0.00 204 230 0
94438 52.486320495605 -1.889468383789 3.02 119.65 0.00 204 230 0
94619 52.486320495605 -1.889468383789 -1.96 119.65 0.00 204 230 0
94802 52.486320495605 -1.889468383789 -0.16 119.65 0.00 204 230 0
94984 52.486320495605 -1.889468383789 2.34 119.65 0.00 204 230 0
95165 52.486320495605 -1.889468383789 -1.65 119.65 0.00 204 230 0
95346 52.486320495605 -1.889468383789 -0.55 119.65 0.00 204 230 0
95527 52.486320495605 -1.889468383789 -0.55 119.65 0.00 204 230 0
95711 52.486320495605 -1.889468383789 -1.15 119.65 0.00 204 230 0
95893 52.486320495605 -1.889468383789 -1.05 119.65 0.00 204 230 0
96074 52.486320495605 -1.889468383789 0.45 119.30 0.00 204 230 0
96256 52.486320495605 -1.889468383789 -2.53 119.30 0.00 204 230 0
96437 52.486320495605 -1.889468383789 1.57 118.59 0.00 204 230 0
96618 52.486320495605 -1.889468383789 -0.71 116.13 0.00 204 230 0
96801 52.486320495605 -1.889468383789 2.99 111.55 0.00 204 230 0
96983 52.486320495605 -1.889468383789 -1.00 104.52 0.00 204 230 0
97165 52.486320495605 -1.889468383789 -1.00 98.89 0.00 204 230 0
97345 52.486320495605 -1.889468383789 2.29 95.72 0.00 204 230 0
97527 52.486320495605 -1.889468383789 -2.91 95.72 0.00 204 230 0
97710 52.486320495605 -1.889468383789 -2.73 95.72 0.00 204 230 0
97892 52.486320495605 -1.889468383789 -2.95 95.72 0.00 204 230 0
98073 52.486320495605 -1.889468383789 2.92 96.07 0.00 204 230 0
98254 52.486320495605 -1.889468383789 2.10 97.83 0.00 204 230 0
98436 52.486320495605 -1.889468383789 1.09 101.70 0.00 204 230 0
98618 52.486320495605 -1.889468383789 -0.13 108.74 0.00 204 230 0
98801 52.486320495605 -1.889468383789 -0.85 117.89 0.00 204 230 0
98981 52.486320495605 -1.889468383789 -0.36 126.33 0.00 204 230 0
99164 52.486320495605 -1.889468383789 1.72 131.26 0.00 204 230 0
99345 52.486320495605 -1.889468383789 -2.98 134.78 0.00 204 230 0
99526 52.486320495605 -1.889468383789 -1.30 136.54 0.00 204 230 0
99708 52.486320495605 -1.889468383789 1.78 138.30 0.00 204 230 0
99892 52.486320495605 -1.889468383789 -0.02 140.06 0.00 204 230 0
100072 52.486320495605 -1.889468383789 -1.02 141.47 0.00 204 230 0
100254 52.486320495605 -1.889468383789 -0.62 141.47 0.00 204 230 0
100435 52.486320495605 -1.889468383789 0.88 142.17 0.00 204 230 0
100617 52.486320495605 -1.889468383789 2.98 142.52 0.00 204 230 0
100800 52.486320495605 -1.889468383789 -1.60 142.17 0.00 204 230 0
100981 52.486320495605 -1.889468383789 -0.70 142.17 0.00 204 230 0
101163 52.486320495605 -1.889468383789 0.10 141.82 0.00 204 230 0
101344 52.486320495605 -1.889468383789 0.50 141.11 0.00 204 230 0
101525 52.486320495605 -1.889468383789 1.20 141.11 0.00 204 230 0
101708 52.486320495605 -1.889468383789 1.90 140.41 0.00 204 230 0
101891 52.486320495605 -1.889468383789 2.50 141.11 0.00 204 230 0
102072 52.486320495605 -1.889468383789 2.90 141.11 0.00 204 230 0
102253 52.486320495605 -1.889468383789 -2.68 141.11 0.00 204 230 0
102434 52.486320495605 -1.889468383789 -0.58 140.76 0.00 204 230 0
102616 52.486320495605 -1.889468383789 1.22 140.76 0.00 204 230 0
102799 52.486320495605 -1.889468383789 2.42 140.76 0.00 204 230 0
102838 52.486320495605 -1.889468383789 2.62 141.47 0.00 204 230 1
102975 52.486320495605 -1.889468383789 3.02 140.76 0.00 229 250 1
103020 52.486320495605 -1.889468383789 3.12 140.76 0.00 229 250 1
103157 52.486320495605 -1.889468383789 -2.86 140.41 0.00 229 248 1
103201 52.486320495605 -1.889468383789 -2.66 140.06 0.00 229 248 1
103337 52.486320495605 -1.889468383789 -1.96 138.30 0.00 223 248 1
103383 52.486320495605 -1.889468383789 -1.66 137.60 0.00 223 248 1
103519 52.486320495605 -1.889468383789 -1.26 135.84 0.00 223 246 1
103565 52.486320495605 -1.889468383789 -1.16 135.13 0.00 223 246 1
103704 52.486320495605 -1.889468383789 -0.86 134.78 0.00 225 244 1
103747 52.486320495605 -1.889468383789 -0.66 134.78 0.00 225 244 1
103885 52.486320495605 -1.889468383789 1.14 134.43 0.00 225 244 1
103928 52.486320495605 -1.889468383789 2.14 134.43 0.00 225 244 1
104066 52.486320495605 -1.889468383789 0.15 133.02 0.00 229 244 1
104111 52.486320495605 -1.889468383789 1.65 132.67 0.00 229 244 1
104249 52.486320495605 -1.889468383789 1.07 129.15 0.00 227 242 1
104292 52.486320495605 -1.889468383789 -2.91 128.09 0.00 227 242 1
104430 52.486320495605 -1.889468383789 -2.60 122.11 0.00 223 240 1
104473 52.486320495605 -1.889468383789 -0.80 120.00 0.00 223 240 1
104609 52.486320495605 -1.889468383789 -0.38 114.37 0.00 225 232 1
104655 52.486320495605 -1.889468383789 1.62 112.61 0.00 225 232 1
104793 52.486320495605 -1.889468383789 2.34 108.74 0.00 227 226 1
104838 52.486320495605 -1.889468383789 -1.95 107.33 0.00 227 226 1
104975 52.486320495605 -1.889468383789 -1.13 102.76 0.00 223 223 1
105019 52.486320495605 -1.889468383789 0.87 101.00 0.00 223 223 1
105156 52.486320495605 -1.889468383789 1.39 93.26 0.00 227 217 1
105200 52.486320495605 -1.889468383789 -2.90 90.44 0.00 227 217 1
105336 52.486320495605 -1.889468383789 -1.78 80.94 0.00 223 210 1
105382 52.486320495605 -1.889468383789 0.32 77.42 0.00 223 210 1
105518 52.486320495605 -1.889468383789 1.64 66.51 0.00 227 200 1
105564 52.486320495605 -1.889468383789 -2.05 63.70 0.00 227 200 1
105700 52.486320495605 -1.889468383789 -2.13 57.01 0.00 223 190 1
105747 52.486320495605 -1.889468383789 0.27 55.25 0.00 223 190 1
105884 52.486320495605 -1.889468383789 -1.27 51.73 0.00 227 183 1
105928 52.486320495605 -1.889468383789 0.53 51.03 0.00 227 183 1
106064 52.486320495605 -1.889468383789 0.55 49.62 0.00 227 180 1
106110 52.486320495605 -1.889468383789 2.35 48.56 0.00 227 180 1
106247 52.486320495605 -1.889468383789 2.96 42.93 0.00 229 280 1
106291 52.486320495605 -1.889468383789 -1.22 40.82 0.00 229 280 1
106427 52.486320495605 -1.889468383789 -0.70 33.08 0.00 225 280 1
106473 52.486320495605 -1.889468383789 1.80 30.26 0.00 225 280 1
106608 52.486320495605 -1.889468383789 2.41 21.82 0.00 227 280 1
106654 52.486320495605 -1.889468383789 -1.17 18.30 0.00 227 280 1
106791 52.486320495605 -1.889468383789 0.45 4.57 0.00 225 280 1
106836 52.486320495605 -1.889468383789 2.85 0.00 0.00 225 280 1
106974 52.486320495605 -1.889468383789 -1.12 -9.50 0.00 229 280 1
107018 52.486320495605 -1.889468383789 1.48 -17.60 0.00 229 280 1
107155 52.486320495605 -1.889468383789 -2.29 -39.41 0.00 227 280 1
107199 52.486320495605 -1.889468383789 0.21 -47.16 0.00 227 280 1
107335 52.486320495605 -1.889468383789 2.13 -59.47 0.00 225 280 1
107381 52.486320495605 -1.889468383789 -1.85 -61.94 0.00 225 280 1
107517 52.486320495605 -1.889468383789 -0.54 -64.05 0.00 223 187 1
107563 52.486320495605 -1.889468383789 1.56 -64.05 0.00 223 187 1
107699 52.486320495605 -1.889468383789 2.68 -64.05 0.00 227 190 1
107746 52.486320495605 -1.889468383789 -1.00 -64.05 0.00 227 190 1
107886 52.486320495605 -1.889468383789 -0.08 -64.05 0.00 225 190 1
107927 52.486320495605 -1.889468383789 1.72 -64.05 0.00 225 190 1
108064 52.486320495605 -1.889468383789 0.73 -64.05 0.00 227 190 1
108109 52.486320495605 -1.889468383789 2.73 -64.05 0.00 227 190 1
108247 52.486320495605 -1.889468383789 2.15 -64.40 0.00 229 190 1
108290 52.486320495605 -1.889468383789 -2.43 -64.75 0.00 229 190 1
108426 52.486320495605 -1.889468383789 -2.32 -66.51 0.00 223 190 1
108472 52.486320495605 -1.889468383789 -0.42 -67.21 0.00 223 190 1
108610 52.486320495605 -1.889468383789 0.60 -67.57 0.00 225 192 1
108653 52.486320495605 -1.889468383789 2.80 -67.57 0.00 225 192 1
108791 52.486320495605 -1.889468383789 -2.47 -67.57 0.00 229 192 1
108835 52.486320495605 -1.889468383789 -0.47 -67.92 0.00 229 192 1
108973 52.486320495605 -1.889468383789 -0.25 -67.92 0.00 225 192 1
109018 52.486320495605 -1.889468383789 2.05 -67.57 0.00 225 192 1
109155 52.486320495605 -1.889468383789 2.07 -67.57 0.00 229 192 1
109199 52.486320495605 -1.889468383789 -2.42 -67.57 0.00 229 192 1
109335 52.486320495605 -1.889468383789 -2.80 -67.57 0.00 223 192 1
109380 52.486320495605 -1.889468383789 -1.20 -67.57 0.00 223 192 1
109517 52.486320495605 -1.889468383789 -1.78 -67.57 0.00 225 192 1
109562 52.486320495605 -1.889468383789 -0.28 -67.92 0.00 225 192 1
109699 52.486320495605 -1.889468383789 -1.17 -73.20 0.00 225 192 1
109745 52.486320495605 -1.889468383789 0.63 -77.77 0.00 225 192 1
109882 52.486320495605 -1.889468383789 -0.95 -108.04 0.00 227 200 1
109926 52.486320495605 -1.889468383789 0.45 -122.82 0.00 227 200 1
110063 52.486320495605 -1.889468383789 -1.23 -177.71 0.00 227 234 1
110108 52.486320495605 -1.889468383789 0.37 163.28 0.00 227 234 1
110244 52.486320495605 -1.889468383789 -1.92 110.85 0.00 227 266 1
110288 52.486320495605 -1.889468383789 -0.22 96.42 0.00 227 266 1
110425 52.486320495605 -1.889468383789 -2.40 68.97 0.00 225 214 1
110471 52.486320495605 -1.889468383789 -1.00 66.51 0.00 225 214 1
110610 52.486320495605 -1.889468383789 1.90 78.12 0.00 225 192 1
110652 52.486320495605 -1.889468383789 2.60 85.51 0.00 225 192 1
110790 52.486320495605 -1.889468383789 -0.58 114.72 0.00 229 206 1
110834 52.486320495605 -1.889468383789 0.72 124.57 0.00 229 206 1
110971 52.486320495605 -1.889468383789 0.33 143.93 0.00 227 236 1
111016 52.486320495605 -1.889468383789 2.53 148.15 0.00 227 236 1
111154 52.486320495605 -1.889468383789 -2.73 149.91 0.00 229 254 1
111198 52.486320495605 -1.889468383789 -0.73 147.45 0.00 229 254 1
111337 52.486320495605 -1.889468383789 -0.22 133.02 0.00 225 254 1
111379 52.486320495605 -1.889468383789 1.78 127.04 0.00 225 254 1
111515 52.486320495605 -1.889468383789 1.80 104.52 0.00 227 238 1
111561 52.486320495605 -1.889468383789 -2.78 97.48 0.00 227 238 1
111697 52.486320495605 -1.889468383789 0.32 85.87 0.00 223 215 1
111744 52.486320495605 -1.889468383789 1.02 85.87 0.00 223 215 1
111881 52.486320495605 -1.889468383789 2.82 94.31 0.00 227 206 1
111925 52.486320495605 -1.889468383789 -2.86 98.18 0.00 227 206 1
112065 52.486320495605 -1.889468383789 -0.76 103.81 0.00 223 216 1
112107 52.486320495605 -1.889468383789 0.14 103.11 0.00 223 216 1
112244 52.486320495605 -1.889468383789 -2.65 97.13 0.00 225 220 1
112288 52.486320495605 -1.889468383789 -1.25 93.96 0.00 225 220 1
112424 52.486320495605 -1.889468383789 -1.83 84.46 0.00 225 212 1
112470 52.486320495605 -1.889468383789 0.37 82.35 0.00 225 212 1
112606 52.486320495605 -1.889468383789 -0.31 82.35 0.00 227 204 1
112652 52.486320495605 -1.889468383789 1.89 82.35 0.00 227 204 1
112789 52.486320495605 -1.889468383789 1.50 79.53 0.00 227 204 1
112834 52.486320495605 -1.889468383789 -2.18 78.12 0.00 227 204 1
112971 52.486320495605 -1.889468383789 -0.66 70.73 0.00 223 201 1
113015 52.486320495605 -1.889468383789 1.54 67.57 0.00 223 201 1
113153 52.486320495605 -1.889468383789 1.95 58.06 0.00 227 192 1
113197 52.486320495605 -1.889468383789 -2.73 54.55 0.00 227 192 1
113333 52.486320495605 -1.889468383789 2.27 43.64 0.00 223 182 1
113379 52.486320495605 -1.889468383789 -2.71 40.12 0.00 223 182 1
113515 52.486320495605 -1.889468383789 0.89 31.32 0.00 223 280 1
113560 52.486320495605 -1.889468383789 1.79 30.26 0.00 223 280 1
113696 52.486320495605 -1.889468383789 -1.30 29.56 0.00 227 280 1
113743 52.486320495605 -1.889468383789 -0.30 29.56 0.00 227 280 1
113881 52.486320495605 -1.889468383789 2.60 29.56 0.00 225 280 1
113925 52.486320495605 -1.889468383789 -2.68 29.56 0.00 225 280 1
114062 52.486320495605 -1.889468383789 -0.48 29.56 0.00 223 280 1
114106 52.486320495605 -1.889468383789 0.42 29.56 0.00 223 280 1
114243 52.486320495605 -1.889468383789 3.02 29.56 0.00 227 280 1
114287 52.486320495605 -1.889468383789 -2.16 29.56 0.00 227 280 1
114423 52.486320495605 -1.889468383789 0.64 28.15 0.00 223 280 1
114469 52.486320495605 -1.889468383789 2.14 27.80 0.00 223 280 1
114606 52.486320495605 -1.889468383789 -0.05 24.28 0.00 229 280 1
114651 52.486320495605 -1.889468383789 1.85 22.17 0.00 229 280 1
114791 52.486320495605 -1.889468383789 1.87 11.96 0.00 227 280 1
114833 52.486320495605 -1.889468383789 2.81 8.09 0.00 227 280 1
114970 52.486320495605 -1.889468383789 -1.35 0.00 0.00 229 280 1
115014 52.486320495605 -1.889468383789 0.95 0.00 0.00 229 280 1
115151 52.486320495605 -1.889468383789 1.76 -11.96 0.00 227 280 1
115196 52.486320495605 -1.889468383789 -2.12 -15.13 0.00 227 280 1
115333 52.486320495605 -1.889468383789 -2.30 -19.71 0.00 223 280 1
115378 52.486320495605 -1.889468383789 -0.70 -19.71 0.00 223 280 1
115517 52.486320495605 -1.889468383789 -2.09 -20.06 0.00 225 280 1
115559 52.486320495605 -1.889468383789 -0.79 -20.41 0.00 225 280 1
115696 52.486320495605 -1.889468383789 3.11 -24.28 0.00 225 280 1
115742 52.486320495605 -1.889468383789 -2.07 -26.74 0.00 225 280 1
115879 52.486320495605 -1.889468383789 1.13 -33.08 0.00 223 280 1
115923 52.486320495605 -1.889468383789 1.93 -34.49 0.00 223 280 1
116061 52.486320495605 -1.889468383789 -1.65 -38.01 0.00 227 280 1
116106 52.486320495605 -1.889468383789 -0.65 -38.01 0.00 227 280 1
116246 52.486320495605 -1.889468383789 1.85 -37.65 0.00 225 280 1
116286 52.486320495605 -1.889468383789 2.95 -37.65 0.00 225 280 1
116422 52.486320495605 -1.889468383789 -0.34 -38.36 0.00 229 280 1
116468 52.486320495605 -1.889468383789 0.96 -39.06 0.00 229 280 1
116604 52.486320495605 -1.889468383789 -1.92 -41.52 0.00 227 280 1
116649 52.486320495605 -1.889468383789 -0.52 -41.88 0.00 227 280 1
116788 52.486320495605 -1.889468383789 -2.80 -43.28 0.00 225 280 1
116832 52.486320495605 -1.889468383789 -1.00 -43.64 0.00 225 280 1
116969 52.486320495605 -1.889468383789 -2.39 -45.40 0.00 225 280 1
117014 52.486320495605 -1.889468383789 -0.29 -46.80 0.00 225 280 1
117151 52.486320495605 -1.889468383789 -1.47 -50.67 0.00 225 280 1
117195 52.486320495605 -1.889468383789 0.43 -51.73 0.00 225 280 1
117331 52.486320495605 -1.889468383789 -0.35 -55.95 0.00 227 180 1
117377 52.486320495605 -1.889468383789 1.25 -57.71 0.00 227 180 1
117514 52.486320495605 -1.889468383789 0.16 -63.34 0.00 227 184 1
117561 52.486320495605 -1.889468383789 2.06 -65.10 0.00 227 184 1
117699 52.486320495605 -1.889468383789 0.68 -70.38 0.00 229 191 1
117744 52.486320495605 -1.889468383789 1.98 -70.03 0.00 229 191 1
117883 52.486320495605 -1.889468383789 0.20 -77.07 0.00 229 194 1
117924 52.486320495605 -1.889468383789 1.40 -78.83 0.00 229 194 1
118064 52.486320495605 -1.889468383789 -0.68 -84.81 0.00 227 201 1
118107 52.486320495605 -1.889468383789 0.62 -86.92 0.00 227 201 1
118246 52.486320495605 -1.889468383789 -0.17 -92.55 0.00 227 206 1
118288 52.486320495605 -1.889468383789 1.73 -94.31 0.00 227 206 1
118426 52.486320495605 -1.889468383789 2.95 -98.89 0.00 227 213 1
118469 52.486320495605 -1.889468383789 -1.13 -99.94 0.00 227 213 1
118607 52.486320495605 -1.889468383789 -0.22 -101.35 0.00 225 216 1
118651 52.486320495605 -1.889468383789 1.78 -101.35 0.00 225 216 1
118791 52.486320495605 -1.889468383789 0.50 -101.35 0.00 227 218 1
118834 52.486320495605 -1.889468383789 2.00 -101.35 0.00 227 218 1
118976 52.486320495605 -1.889468383789 1.12 -102.76 0.00 229 218 1
119015 52.486320495605 -1.889468383789 2.82 -104.87 0.00 229 218 1
119154 52.486320495605 -1.889468383789 2.13 -114.72 0.00 229 221 1
119196 52.486320495605 -1.889468383789 -3.05 -117.89 0.00 229 221 1
119335 52.486320495605 -1.889468383789 2.65 -129.50 0.00 223 231 1
119378 52.486320495605 -1.889468383789 -2.03 -134.08 0.00 223 231 1
119517 52.486320495605 -1.889468383789 -2.42 -153.08 0.00 223 244 1
119560 52.486320495605 -1.889468383789 -0.72 -160.12 0.00 223 244 1
119701 52.486320495605 -1.889468383789 -1.30 173.84 0.00 225 264 1
119742 52.486320495605 -1.889468383789 0.40 166.80 0.00 225 264 1
119882 52.486320495605 -1.889468383789 -0.68 144.99 0.00 227 268 1
119924 52.486320495605 -1.889468383789 0.72 140.06 0.00 227 268 1
120072 52.486320495605 -1.889468383789 -0.77 134.43 0.00 227 248 1
120187 52.486320495605 -1.889468383789 2.23 135.84 0.00 227 248 1
120387 52.486320495605 -1.889468383789 0.75 139.71 0.00 229 244 1
120428 52.486320495605 -1.889468383789 1.65 140.06 0.00 229 244 1
120566 52.486320495605 -1.889468383789 -1.63 139.71 0.00 227 248 1
120610 52.486320495605 -1.889468383789 -0.73 139.71 0.00 227 248 1
120750 52.486320495605 -1.889468383789 1.87 139.71 0.00 225 247 1
120793 52.486320495605 -1.889468383789 2.47 139.71 0.00 225 247 1
120932 52.486320495605 -1.889468383789 -2.12 139.71 0.00 229 247 1
120974 52.486320495605 -1.889468383789 -1.82 139.71 0.00 229 247 1
121113 52.486320495605 -1.889468383789 -1.52 139.71 0.00 223 247 1
121155 52.486320495605 -1.889468383789 -1.62 139.71 0.00 223 247 1
121294 52.486320495605 -1.889468383789 -2.12 140.06 0.00 223 247 1
121337 52.486320495605 -1.889468383789 -2.22 140.06 0.00 223 247 1
121476 52.486320495605 -1.889468383789 -2.52 140.06 0.00 223 248 1
121519 52.486320495605 -1.889468383789 -2.52 140.06 0.00 223 248 1
121657 52.486320495605 -1.889468383789 -2.22 139.71 0.00 223 248 1
121701 52.486320495605 -1.889468383789 -2.02 139.71 0.00 223 248 1
121843 52.486320495605 -1.889468383789 -0.92 140.06 0.00 223 247 1
121883 52.486320495605 -1.889468383789 -0.52 140.41 0.00 223 247 1
122022 52.486320495605 -1.889468383789 1.28 142.17 0.00 225 248 1
122064 52.486320495605 -1.889468383789 1.88 142.87 0.00 225 248 1
122205 52.486320495605 -1.889468383789 -2.30 142.52 0.00 227 250 1
122246 52.486320495605 -1.889468383789 -1.70 142.17 0.00 227 250 1
122384 52.486320495605 -1.889468383789 0.50 140.76 0.00 223 250 1
122427 52.486320495605 -1.889468383789 0.90 140.76 0.00 223 250 1
122568 52.486320495605 -1.889468383789 2.00 140.41 0.00 227 248 1
122609 52.486320495605 -1.889468383789 2.50 139.71 0.00 227 248 1
122748 52.486320495605 -1.889468383789 -1.68 138.30 0.00 229 247 1
122791 52.486320495605 -1.889468383789 -0.88 138.30 0.00 229 247 1
122931 52.486320495605 -1.889468383789 2.92 137.95 0.00 225 246 1
122973 52.486320495605 -1.889468383789 -1.67 137.95 0.00 225 246 1
123114 52.486320495605 -1.889468383789 -2.55 135.48 0.00 223 246 1
123155 52.486320495605 -1.889468383789 -0.75 133.37 0.00 223 246 1
123293 52.486320495605 -1.889468383789 -0.93 126.33 0.00 225 243 1
123336 52.486320495605 -1.889468383789 1.47 123.52 0.00 225 243 1
123474 52.486320495605 -1.889468383789 2.18 114.37 0.00 227 235 1
123517 52.486320495605 -1.889468383789 -2.10 110.85 0.00 227 235 1
123656 52.486320495605 -1.889468383789 -1.18 101.70 0.00 223 225 1
123700 52.486320495605 -1.889468383789 0.82 99.59 0.00 223 225 1
123839 52.486320495605 -1.889468383789 1.04 95.72 0.00 227 216 1
123882 52.486320495605 -1.889468383789 2.84 95.37 0.00 227 216 1
124021 52.486320495605 -1.889468383789 2.25 93.61 0.00 229 214 1
124063 52.486320495605 -1.889468383789 -2.63 93.61 0.00 229 214 1
124204 52.486320495605 -1.889468383789 1.67 93.26 0.00 223 212 1
124244 52.486320495605 -1.889468383789 2.87 92.90 0.00 223 212 1
124383 52.486320495605 -1.889468383789 0.09 92.20 0.00 229 212 1
124427 52.486320495605 -1.889468383789 0.99 91.85 0.00 229 212 1
124565 52.486320495605 -1.889468383789 -2.70 86.92 0.00 227 211 1
124608 52.486320495605 -1.889468383789 -2.00 85.16 0.00 227 211 1
124747 52.486320495605 -1.889468383789 -0.40 77.07 0.00 223 206 1
124791 52.486320495605 -1.889468383789 -0.20 74.96 0.00 223 206 1
124931 52.486320495605 -1.889468383789 0.20 68.62 0.00 225 197 1
124973 52.486320495605 -1.889468383789 0.10 66.86 0.00 225 197 1
125112 52.486320495605 -1.889468383789 -0.60 62.29 0.00 225 192 1
125154 52.486320495605 -1.889468383789 -1.00 61.58 0.00 225 192 1
125295 52.486320495605 -1.889468383789 -2.60 60.53 0.00 225 187 1
125335 52.486320495605 -1.889468383789 -3.10 60.53 0.00 225 187 1
125473 52.486320495605 -1.889468383789 1.49 60.53 0.00 223 186 1
125517 52.486320495605 -1.889468383789 0.79 60.53 0.00 223 186 1
125656 52.486320495605 -1.889468383789 -1.41 61.58 0.00 227 186 1
125699 52.486320495605 -1.889468383789 -2.51 62.29 0.00 227 186 1
125839 52.486320495605 -1.889468383789 -0.13 65.10 0.00 223 188 1
125881 52.486320495605 -1.889468383789 -1.43 65.45 0.00 223 188 1
126023 52.486320495605 -1.889468383789 -0.85 66.16 0.00 225 191 1
126063 52.486320495605 -1.889468383789 -2.65 66.16 0.00 225 191 1
126202 52.486320495605 -1.889468383789 3.12 66.51 0.00 223 192 1
126243 52.486320495605 -1.889468383789 1.22 66.86 0.00 223 192 1
126382 52.486320495605 -1.889468383789 0.70 67.21 0.00 227 192 1
126426 52.486320495605 -1.889468383789 -1.20 67.57 0.00 227 192 1
126564 52.486320495605 -1.889468383789 -1.62 70.03 0.00 225 192 1
126608 52.486320495605 -1.889468383789 2.97 71.44 0.00 225 192 1
126750 52.486320495605 -1.889468383789 -2.63 78.48 0.00 229 195 1
126790 52.486320495605 -1.889468383789 2.15 80.94 0.00 229 195 1
126929 52.486320495605 -1.889468383789 -1.85 90.79 0.00 229 202 1
126971 52.486320495605 -1.889468383789 -2.95 94.31 0.00 229 202 1
127111 52.486320495605 -1.889468383789 1.63 104.87 0.00 223 213 1
127153 52.486320495605 -1.889468383789 1.43 107.68 0.00 223 213 1
127292 52.486320495605 -1.889468383789 1.93 114.37 0.00 227 223 1
127334 52.486320495605 -1.889468383789 2.43 115.43 0.00 227 223 1
127472 52.486320495605 -1.889468383789 -1.35 116.48 0.00 229 230 1
127516 52.486320495605 -1.889468383789 -0.95 116.48 0.00 229 230 1
127654 52.486320495605 -1.889468383789 0.65 116.48 0.00 225 230 1
127697 52.486320495605 -1.889468383789 1.15 116.48 0.00 225 230 1
127838 52.486320495605 -1.889468383789 2.45 116.48 0.00 227 230 1
127880 52.486320495605 -1.889468383789 2.85 116.48 0.00 227 230 1
128020 52.486320495605 -1.889468383789 -2.13 116.48 0.00 229 230 1
128062 52.486320495605 -1.889468383789 -1.63 116.48 0.00 229 230 1
128201 52.486320495605 -1.889468383789 -0.53 115.43 0.00 223 230 1
128243 52.486320495605 -1.889468383789 -0.13 115.43 0.00 223 230 1
128382 52.486320495605 -1.889468383789 1.27 113.31 0.00 225 230 1
128424 52.486320495605 -1.889468383789 1.67 112.26 0.00 225 230 1
128563 52.486320495605 -1.889468383789 -2.82 108.04 0.00 227 226 1
128749 52.486320495605 -1.889468383789 -0.32 101.70 0.00 227 226 0
128931 52.486320495605 -1.889468383789 1.88 96.77 0.00 227 226 0
129113 52.486320495605 -1.889468383789 -1.70 92.90 0.00 227 226 0
129294 52.486320495605 -1.889468383789 1.40 91.14 0.00 227 226 0
129475 52.486320495605 -1.889468383789 -2.08 91.14 0.00 227 226 0
129657 52.486320495605 -1.889468383789 0.22 91.14 0.00 227 226 0
129841 52.486320495605 -1.889468383789 1.02 91.14 0.00 227 226 0
130021 52.486320495605 -1.889468383789 1.22 91.14 0.00 227 226 0
130202 52.486320495605 -1.889468383789 1.12 91.14 0.00 227 226 0
130383 52.486320495605 -1.889468383789 0.92 91.14 0.00 227 226 0
130566 52.486320495605 -1.889468383789 0.52 91.14 0.00 227 226 0
130749 52.486320495605 -1.889468383789 0.52 91.14 0.00 227 226 0
130930 52.486320495605 -1.889468383789 0.72 91.14 0.00 227 226 0
131111 52.486320495605 -1.889468383789 1.22 91.14 0.00 227 226 0
131293 52.486320495605 -1.889468383789 1.72 91.14 0.00 227 226 0
131474 52.486320495605 -1.889468383789 2.12 91.14 0.00 227 226 0
131656 52.486320495605 -1.889468383789 2.52 91.14 0.00 227 226 0
131840 52.486320495605 -1.889468383789 2.12 91.14 0.00 227 226 0
132021 52.486320495605 -1.889468383789 1.32 91.14 0.00 227 226 0
132202 52.486320495605 -1.889468383789 0.52 91.14 0.00 227 226 0
132383 52.486320495605 -1.889468383789 0.32 91.14 0.00 227 226 0
132564 52.486320495605 -1.889468383789 0.42 91.14 0.00 227 226 0
132748 52.486320495605 -1.889468383789 0.72 93.61 0.00 227 226 0
132929 52.486320495605 -1.889468383789 1.02 91.14 0.00 227 226 0
132969 52.486320495605 -1.889468383789 1.12 91.14 0.00 227 226 1
133111 52.486320495605 -1.889468383789 1.92 91.14 0.00 227 211 1
133150 52.486320495605 -1.889468383789 2.22 91.14 0.00 227 211 1
133289 52.486320495605 -1.889468383789 -2.76 91.14 0.00 229 211 1
133331 52.486320495605 -1.889468383789 -2.46 91.14 0.00 229 211 1
133470 52.486320495605 -1.889468383789 -1.56 91.14 0.00 223 211 1
133514 52.486320495605 -1.889468383789 -1.36 90.79 0.00 223 211 1
133652 52.486320495605 -1.889468383789 -0.56 90.44 0.00 225 210 1
133695 52.486320495605 -1.889468383789 -0.26 90.09 0.00 225 210 1
133838 52.486320495605 -1.889468383789 1.04 87.27 0.00 225 210 1
133877 52.486320495605 -1.889468383789 1.64 86.57 0.00 225 210 1
134017 52.486320495605 -1.889468383789 -2.35 85.51 0.00 227 206 1
134060 52.486320495605 -1.889468383789 -1.55 85.51 0.00 227 206 1
134199 52.486320495605 -1.889468383789 1.65 83.40 0.00 225 206 1
134241 52.486320495605 -1.889468383789 -3.13 81.99 0.00 225 206 1
134379 52.486320495605 -1.889468383789 1.97 78.12 0.00 223 203 1
134422 52.486320495605 -1.889468383789 -3.11 78.48 0.00 223 203 1
134560 52.486320495605 -1.889468383789 2.99 79.53 0.00 223 201 1
134604 52.486320495605 -1.889468383789 -1.80 79.53 0.00 223 201 1
134744 52.486320495605 -1.889468383789 -2.98 74.96 0.00 223 202 1
134787 52.486320495605 -1.889468383789 -1.68 72.84 0.00 223 202 1
134926 52.486320495605 -1.889468383789 2.42 63.34 0.00 223 196 1
134968 52.486320495605 -1.889468383789 -2.76 60.53 0.00 223 196 1
135107 52.486320495605 -1.889468383789 0.54 56.66 0.00 223 186 1
135150 52.486320495605 -1.889468383789 1.54 56.66 0.00 223 186 1
135288 52.486320495605 -1.889468383789 -0.85 55.60 0.00 227 184 1
135331 52.486320495605 -1.889468383789 0.45 54.90 0.00 227 184 1
135470 52.486320495605 -1.889468383789 -1.03 48.56 0.00 227 182 1
135513 52.486320495605 -1.889468383789 0.57 46.45 0.00 227 182 1
135651 52.486320495605 -1.889468383789 0.19 39.41 0.00 227 280 1
135694 52.486320495605 -1.889468383789 1.99 38.01 0.00 227 280 1
135834 52.486320495605 -1.889468383789 2.00 32.38 0.00 229 280 1
135877 52.486320495605 -1.889468383789 -2.58 32.02 0.00 229 280 1
136016 52.486320495605 -1.889468383789 0.82 29.21 0.00 223 280 1
136058 52.486320495605 -1.889468383789 1.82 28.15 0.00 223 280 1
136198 52.486320495605 -1.889468383789 -1.36 24.63 0.00 227 280 1
136240 52.486320495605 -1.889468383789 -0.16 23.58 0.00 227 280 1
136378 52.486320495605 -1.889468383789 -2.15 17.95 0.00 225 280 1
136421 52.486320495605 -1.889468383789 -0.75 16.54 0.00 225 280 1
136562 52.486320495605 -1.889468383789 -2.03 12.67 0.00 225 280 1
136603 52.486320495605 -1.889468383789 -0.43 11.26 0.00 225 280 1
136742 52.486320495605 -1.889468383789 2.21 4.57 0.00 225 280 1
136785 52.486320495605 -1.889468383789 -2.67 2.82 0.00 225 280 1
136925 52.486320495605 -1.889468383789 3.03 0.00 0.00 223 280 1
136967 52.486320495605 -1.889468383789 -1.45 0.00 0.00 223 280 1
137106 52.486320495605 -1.889468383789 -0.34 0.00 0.00 225 280 1
137149 52.486320495605 -1.889468383789 2.26 0.00 0.00 225 280 1
137289 52.486320495605 -1.889468383789 -1.70 -6.69 0.00 229 280 1
137330 52.486320495605 -1.889468383789 0.30 -9.85 0.00 229 280 1
137468 52.486320495605 -1.889468383789 -0.79 -21.47 0.00 227 280 1
137511 52.486320495605 -1.889468383789 0.41 -24.63 0.00 227 280 1
137650 52.486320495605 -1.889468383789 -2.37 -32.73 0.00 227 280 1
137694 52.486320495605 -1.889468383789 -1.07 -33.78 0.00 227 280 1
137833 52.486320495605 -1.889468383789 2.63 -34.13 0.00 225 280 1
137876 52.486320495605 -1.889468383789 -1.95 -34.13 0.00 225 280 1
138018 52.486320495605 -1.889468383789 2.85 -34.13 0.00 223 280 1
138057 52.486320495605 -1.889468383789 -2.44 -34.49 0.00 223 280 1
138198 52.486320495605 -1.889468383789 0.06 -36.95 0.00 223 280 1
138238 52.486320495605 -1.889468383789 0.86 -38.71 0.00 223 280 1
138377 52.486320495605 -1.889468383789 -2.52 -46.45 0.00 227 280 1
138421 52.486320495605 -1.889468383789 -1.32 -48.91 0.00 227 280 1
138559 52.486320495605 -1.889468383789 2.78 -54.90 0.00 225 280 1
138602 52.486320495605 -1.889468383789 -1.50 -55.95 0.00 225 280 1
138742 52.486320495605 -1.889468383789 -2.19 -55.95 0.00 225 183 1
138784 52.486278533935 -1.889454936981 -1.09 -55.95 0.00 225 183 1
138925 52.486278533935 -1.889454936981 1.91 -57.71 0.00 210 183 1
138967 52.486278533935 -1.889454936981 2.91 -58.77 0.00 210 183 1
139106 52.486278533935 -1.889454936981 -0.87 -62.99 0.00 214 185 1
139148 52.486278533935 -1.889454936981 -0.17 -64.40 0.00 214 185 1
139286 52.486278533935 -1.889454936981 2.73 -67.92 0.00 212 190 1
139329 52.486278533935 -1.889454936981 -2.55 -68.62 0.00 212 190 1
139467 52.486278533935 -1.889454936981 1.25 -68.62 0.00 210 193 1
139511 52.486278533935 -1.889454936981 1.95 -68.97 0.00 210 193 1
139650 52.486278533935 -1.889454936981 -2.64 -70.03 0.00 214 193 1
139693 52.486278533935 -1.889454936981 -2.14 -70.38 0.00 214 193 1
139833 52.486278533935 -1.889454936981 1.16 -73.90 0.00 210 194 1
139875 52.486278533935 -1.889454936981 2.56 -75.31 0.00 210 194 1
140017 52.486278533935 -1.889454936981 -2.90 -81.64 0.00 214 198 1
140056 52.486278533935 -1.889454936981 0.10 -83.40 0.00 214 198 1
140196 52.486278533935 -1.889454936981 1.52 -88.68 0.00 212 204 1
140237 52.486278533935 -1.889454936981 -2.37 -89.74 0.00 212 204 1
140377 52.486278533935 -1.889454936981 2.23 -92.20 0.00 210 210 1
140420 52.486278533935 -1.889454936981 -2.65 -92.55 0.00 210 210 1
140558 52.486278533935 -1.889454936981 0.35 -93.96 0.00 210 212 1
140601 52.486278533935 -1.889454936981 1.45 -95.01 0.00 210 212 1
140743 52.486278533935 -1.889454936981 -1.63 -99.24 0.00 212 214 1
140784 52.486278533935 -1.889454936981 -0.43 -100.65 0.00 212 214 1
140923 52.486278533935 -1.889480018615 -2.12 -106.98 0.00 212 217 1
140965 52.486278533935 -1.889480018615 -0.92 -107.68 0.00 212 217 1
141105 52.486278533935 -1.889480018615 1.08 -111.20 0.00 216 223 1
141147 52.486278533935 -1.889480018615 1.28 -112.26 0.00 216 223 1
141287 52.486278533935 -1.889480018615 2.88 -117.18 0.00 218 226 1
141328 52.486278533935 -1.889480018615 -2.50 -119.65 0.00 218 226 1
141469 52.486278533935 -1.889480018615 2.80 -129.15 0.00 214 232 1
141510 52.486278533935 -1.889480018615 -1.38 -132.67 0.00 214 232 1
141648 52.486278533935 -1.889480018615 1.43 -146.39 0.00 214 242 1
141691 52.486278533935 -1.889480018615 -2.35 -151.32 0.00 214 242 1
141832 52.486278533935 -1.889480018615 -0.53 -165.75 0.00 214 256 1
141874 52.486278533935 -1.889480018615 1.37 -170.32 0.00 214 256 1
142013 52.486278533935 -1.889480018615 1.08 173.49 0.00 218 272 1
142056 52.486278533935 -1.889480018615 3.08 168.56 0.00 218 272 1
142195 52.486278533935 -1.889480018615 2.40 153.08 0.00 218 270 1
142237 52.486278533935 -1.889480018615 -2.18 148.15 0.00 218 270 1
142375 52.486278533935 -1.889480018615 -2.77 135.48 0.00 214 254 1
142418 52.486278533935 -1.889480018615 -0.57 132.32 0.00 214 254 1
142557 52.486278533935 -1.889480018615 -0.65 123.87 0.00 216 242 1
142601 52.486278533935 -1.889480018615 1.45 122.82 0.00 216 242 1
142739 52.486278533935 -1.889480018615 -0.73 122.46 0.00 218 234 1
142783 52.486278533935 -1.889480018615 0.77 122.82 0.00 218 234 1
142922 52.486278533935 -1.889494895935 0.28 122.11 0.00 216 234 1
142964 52.486278533935 -1.889494895935 2.28 122.11 0.00 216 234 1
143104 52.486278533935 -1.889494895935 -1.28 119.65 0.00 223 234 1
143147 52.486278533935 -1.889494895935 1.72 118.94 0.00 223 234 1
143286 52.486278533935 -1.889494895935 -0.05 116.83 0.00 223 232 1
143328 52.486278533935 -1.889494895935 2.85 116.48 0.00 223 232 1
143468 52.486278533935 -1.889494895935 -0.72 114.72 0.00 225 230 1
143509 52.486278533935 -1.889494895935 1.48 113.67 0.00 225 230 1
143647 52.486278533935 -1.889494895935 1.40 108.04 0.00 223 227 1
143691 52.486278533935 -1.889494895935 -2.78 105.57 0.00 223 227 1
143831 52.486278533935 -1.889494895935 2.62 96.42 0.00 218 222 1
143874 52.486278533935 -1.889494895935 -2.36 93.26 0.00 218 222 1
144013 52.486278533935 -1.889494895935 1.34 84.81 0.00 218 212 1
144055 52.486278533935 -1.889494895935 2.24 83.05 0.00 218 212 1
144197 52.486278533935 -1.889494895935 -1.05 79.18 0.00 223 204 1
144236 52.486278533935 -1.889494895935 -0.35 78.83 0.00 223 204 1
144374 52.486278533935 -1.889494895935 1.95 78.48 0.00 221 201 1
144417 52.486278533935 -1.889494895935 2.75 78.48 0.00 221 201 1
144556 52.486278533935 -1.889494895935 -1.83 78.48 0.00 225 201 1
144600 52.486278533935 -1.889494895935 -1.33 78.48 0.00 225 201 1
144738 52.486278533935 -1.889494895935 0.37 78.12 0.00 218 201 1
144783 52.486278533935 -1.889494895935 0.87 78.12 0.00 218 201 1
144925 52.486278533935 -1.889498233795 1.77 78.12 0.00 223 201 1
144963 52.486278533935 -1.889498233795 1.97 78.12 0.00 223 201 1
145103 52.486278533935 -1.889498233795 2.57 78.12 0.00 225 201 1
145145 52.486278533935 -1.889498233795 2.77 78.12 0.00 225 201 1
145285 52.486278533935 -1.889498233795 -2.91 77.07 0.00 225 201 1
145327 52.486278533935 -1.889498233795 -2.61 76.72 0.00 225 201 1
145465 52.486278533935 -1.889498233795 -1.71 73.90 0.00 218 200 1
145508 52.486278533935 -1.889498233795 -1.41 72.49 0.00 218 200 1
145646 52.486278533935 -1.889498233795 -0.61 68.62 0.00 221 196 1
145690 52.486278533935 -1.889498233795 -0.41 67.57 0.00 221 196 1
145830 52.486278533935 -1.889498233795 -0.31 66.51 0.00 221 192 1
145872 52.486278533935 -1.889498233795 -0.31 66.51 0.00 221 192 1
146012 52.486278533935 -1.889498233795 -0.21 66.51 0.00 223 192 1
146054 52.486278533935 -1.889498233795 -0.11 66.51 0.00 223 192 1
146194 52.486278533935 -1.889498233795 -0.11 66.51 0.00 223 192 1
146235 52.486278533935 -1.889498233795 -0.21 66.86 0.00 223 192 1
146373 52.486278533935 -1.889498233795 -0.31 66.51 0.00 223 192 1
146417 52.486278533935 -1.889498233795 -0.51 66.51 0.00 223 192 1
146556 52.486278533935 -1.889498233795 -1.11 66.51 0.00 221 192 1
146598 52.486278533935 -1.889498233795 -1.31 66.51 0.00 221 192 1
146738 52.486278533935 -1.889498233795 -2.31 66.51 0.00 221 192 1
146782 52.486278533935 -1.889498233795 -2.51 66.51 0.00 221 192 1
146921 52.486278533935 -1.889498233795 2.67 66.51 0.00 218 192 1
146963 52.486278533935 -1.889498233795 2.27 66.51 0.00 218 192 1
147102 52.486278533935 -1.889498233795 0.57 66.51 0.00 225 192 1
147287 52.486278533935 -1.889498233795 -1.63 66.51 0.00 225 192 0
147468 52.486278533935 -1.889498233795 -3.13 66.86 0.00 225 192 0
147649 52.486278533935 -1.889498233795 0.45 67.57 0.00 225 192 0
147832 52.486278533935 -1.889498233795 2.24 67.57 0.00 225 192 0
148014 52.486278533935 -1.889498233795 2.24 67.57 0.00 225 192 0
148195 52.486278533935 -1.889498233795 -2.15 70.03 0.00 225 192 0
148376 52.486278533935 -1.889498233795 -1.85 70.38 0.00 225 192 0
148557 52.486278533935 -1.889498233795 -0.95 70.38 0.00 225 192 0
148741 52.486278533935 -1.889498233795 0.15 70.73 0.00 225 192 0
148923 52.486278533935 -1.889498233795 0.05 71.44 0.00 225 192 0
149104 52.486278533935 -1.889498233795 -0.65 70.73 0.00 225 192 0
149285 52.486278533935 -1.889498233795 -1.25 71.44 0.00 225 192 0
149467 52.486278533935 -1.889498233795 -1.95 71.44 0.00 225 192 0
149648 52.486278533935 -1.889498233795 -2.65 72.14 0.00 225 192 0
149831 52.486278533935 -1.889498233795 -2.95 72.49 0.00 225 192 0
150012 52.486278533935 -1.889498233795 2.54 72.49 0.00 225 192 0
150195 52.486278533935 -1.889498233795 2.14 72.49 0.00 225 192 0
150375 52.486278533935 -1.889498233795 2.44 72.49 0.00 225 192 0
150557 52.486278533935 -1.889498233795 2.74 73.90 0.00 225 192 0
150739 52.486278533935 -1.889498233795 2.84 73.90 0.00 225 192 0
150922 52.486278533935 -1.889498233795 -2.85 73.90 0.00 225 192 0
151123 52.486278533935 -1.889498233795 -2.65 74.25 0.00 225 192 0
151305 52.486278533935 -1.889498233795 -2.55 74.60 0.00 225 192 0
151486 52.486278533935 -1.889498233795 2.84 74.60 0.00 225 192 0
151667 52.486278533935 -1.889498233795 2.54 74.96 0.00 225 192 0
151851 52.486278533935 -1.889498233795 -3.05 74.96 0.00 225 192 0
152032 52.486278533935 -1.889498233795 -2.75 75.31 0.00 225 192 0
152214 52.486278533935 -1.889498233795 -2.55 75.31 0.00 225 192 0
152394 52.486278533935 -1.889498233795 -2.55 75.31 0.00 225 192 0
