235067 52.487575531005 -1.890486717224 133.70 0.00 0.00 0.00 407 287 1
235138 52.487575531005 -1.890486717224 139.90 0.00 0.00 0.00 407 287 1
235277 52.487575531005 -1.890486717224 139.50 0.00 0.00 0.00 202 350 1
235318 52.487575531005 -1.890486717224 139.50 0.00 0.00 0.00 202 350 1
235456 52.487575531005 -1.890486717224 139.70 0.00 0.00 0.00 202 350 1
235500 52.487575531005 -1.890486717224 139.90 0.00 0.00 0.00 202 350 1
235638 52.487575531005 -1.890486717224 142.80 0.00 0.00 0.00 202 350 1
235681 52.487575531005 -1.890486717224 144.00 0.00 0.00 0.00 202 350 1
235823 52.487575531005 -1.890486717224 146.90 0.00 0.00 0.00 202 350 1
235864 52.487575531005 -1.890486717224 147.60 0.00 0.00 0.00 202 350 1
236004 52.487567901611 -1.890486717224 149.00 0.00 0.00 0.00 202 350 1
236045 52.487567901611 -1.890486717224 149.80 0.00 0.00 0.00 202 350 1
236186 52.487567901611 -1.890486717224 151.60 0.00 0.00 0.00 202 350 1
236227 52.487567901611 -1.890486717224 152.30 0.00 0.00 0.00 202 350 1
236366 52.487567901611 -1.890486717224 154.00 1.61 2.69 0.00 202 350 1
236408 52.487567901611 -1.890486717224 154.10 1.61 2.69 0.00 202 350 1
236548 52.487567901611 -1.890486717224 155.10 1.61 2.71 0.00 315 350 1
236590 52.487567901611 -1.890486717224 154.70 1.61 2.70 0.00 315 350 1
236729 52.487567901611 -1.890486717224 155.90 1.61 2.72 0.00 315 350 1
236771 52.487567901611 -1.890486717224 156.60 1.61 2.73 0.00 315 350 1
236912 52.487567901611 -1.890486717224 160.80 1.61 2.81 0.00 319 350 1
236953 52.487567901611 -1.890486717224 161.50 1.61 2.82 0.00 319 350 1
237096 52.487567901611 -1.890486717224 162.90 1.61 2.84 0.00 328 350 1
237135 52.487567901611 -1.890486717224 163.30 1.61 2.85 0.00 328 350 1
237276 52.487567901611 -1.890486717224 164.20 1.61 2.87 0.00 330 350 1
237316 52.487567901611 -1.890486717224 164.50 1.61 2.87 0.00 330 350 1
237456 52.487567901611 -1.890486717224 165.20 1.61 2.88 0.00 332 350 1
237498 52.487567901611 -1.890486717224 166.40 1.61 2.90 0.00 332 350 1
237637 52.487567901611 -1.890486717224 167.00 1.61 2.91 0.00 336 350 1
237679 52.487567901611 -1.890486717224 166.20 1.61 2.90 0.00 336 350 1
237819 52.487567901611 -1.890486717224 166.30 1.61 2.90 0.00 336 350 1
237862 52.487545013427 -1.890464973449 167.20 1.61 2.92 0.00 336 350 1
238003 52.487545013427 -1.890464973449 159.00 1.61 2.78 0.00 338 350 1
238044 52.487545013427 -1.890464973449 155.50 1.61 2.71 0.00 338 350 1
238184 52.487545013427 -1.890464973449 156.10 1.61 2.72 0.00 317 350 1
238225 52.487545013427 -1.890464973449 159.40 1.61 2.78 0.00 317 350 1
238367 52.487545013427 -1.890464973449 -177.20 1.61 -3.09 0.00 323 350 1
238406 52.487545013427 -1.890464973449 -172.70 1.61 -3.01 0.00 323 350 1
238545 52.487545013427 -1.890464973449 -159.10 1.61 -2.78 0.00 370 350 1
238587 52.487545013427 -1.890464973449 -155.00 1.61 -2.71 0.00 370 350 1
238727 52.487545013427 -1.890464973449 -137.90 1.61 -2.41 0.00 391 350 1
238770 52.487545013427 -1.890464973449 -135.40 1.61 -2.36 0.00 391 350 1
238910 52.487545013427 -1.890464973449 -124.20 1.61 -2.17 0.00 405 350 1
238952 52.487545013427 -1.890464973449 -122.40 1.61 -2.14 0.00 405 350 1
239092 52.487545013427 -1.890464973449 -113.30 1.61 -1.98 0.00 407 350 1
239133 52.487545013427 -1.890464973449 -110.70 1.61 -1.93 0.00 407 350 1
239273 52.487545013427 -1.890464973449 -98.10 1.61 -1.71 0.00 407 350 1
239314 52.487545013427 -1.890464973449 -93.20 1.61 -1.63 0.00 407 350 1
239454 52.487545013427 -1.890464973449 -79.80 1.61 -1.39 0.00 395 350 1
239496 52.487545013427 -1.890464973449 -74.70 1.61 -1.30 0.00 395 350 1
239638 52.487545013427 -1.890464973449 -64.20 1.61 -1.12 0.00 395 350 1
239677 52.487545013427 -1.890464973449 -62.30 1.61 -1.09 0.00 395 350 1
239816 52.487545013427 -1.890464973449 -59.70 1.61 -1.04 0.00 395 350 1
239860 52.487545013427 -1.890464973449 -59.30 1.61 -1.03 0.00 395 350 1
240001 52.487514495849 -1.890453338623 -56.00 1.61 -0.98 0.00 395 350 1
240041 52.487514495849 -1.890453338623 -54.40 1.61 -0.95 0.00 395 350 1
240182 52.487514495849 -1.890453338623 -47.20 1.61 -0.82 0.00 395 350 1
240224 52.487514495849 -1.890453338623 -43.80 1.61 -0.76 0.00 395 350 1
240364 52.487514495849 -1.890453338623 -33.40 2.15 -0.58 0.00 395 350 1
240404 52.487514495849 -1.890453338623 -31.80 2.15 -0.56 0.00 395 350 1
240543 52.487514495849 -1.890453338623 -27.90 2.15 -0.49 0.00 395 350 1
240585 52.487514495849 -1.890453338623 -26.90 2.15 -0.47 0.00 395 350 1
240724 52.487514495849 -1.890453338623 -22.90 2.15 -0.40 0.00 395 350 1
240768 52.487514495849 -1.890453338623 -21.00 2.15 -0.37 0.00 395 350 1
240911 52.487514495849 -1.890453338623 -14.20 2.15 -0.25 0.00 395 350 1
240950 52.487514495849 -1.890453338623 -13.00 2.15 -0.23 0.00 395 350 1
241090 52.487514495849 -1.890453338623 -4.70 2.15 -0.08 0.00 395 350 1
241131 52.487514495849 -1.890453338623 -3.60 2.15 -0.06 0.00 395 350 1
241271 52.487514495849 -1.890453338623 -2.20 2.15 -0.04 0.00 395 350 1
241312 52.487514495849 -1.890453338623 -1.70 2.15 -0.03 0.00 395 350 1
241452 52.487514495849 -1.890453338623 2.50 2.15 0.04 0.00 395 350 1
241495 52.487514495849 -1.890453338623 3.80 2.15 0.07 0.00 395 350 1
241633 52.487514495849 -1.890453338623 7.60 2.15 0.13 0.00 395 350 1
241676 52.487514495849 -1.890453338623 7.80 2.15 0.14 0.00 395 350 1
241815 52.487514495849 -1.890453338623 7.20 2.15 0.13 0.00 395 350 1
241857 52.487514495849 -1.890453338623 7.20 2.15 0.13 0.00 395 350 1
241996 52.487514495849 -1.890453338623 7.00 2.15 0.12 0.00 395 350 1
242039 52.487514495849 -1.890453338623 7.10 2.15 0.12 0.00 395 350 1
242182 52.487514495849 -1.890453338623 6.70 2.15 0.12 0.00 395 350 1
242221 52.487514495849 -1.890453338623 5.80 2.15 0.10 0.00 395 350 1
242361 52.487514495849 -1.890453338623 4.80 2.15 0.08 0.00 395 350 1
242403 52.487514495849 -1.890453338623 4.80 2.15 0.08 0.00 395 350 1
242543 52.487514495849 -1.890453338623 3.60 2.15 0.06 0.00 395 350 1
242584 52.487514495849 -1.890453338623 2.60 2.15 0.05 0.00 395 350 1
242723 52.487514495849 -1.890453338623 0.60 2.15 0.01 0.00 395 350 1
242765 52.487514495849 -1.890453338623 0.50 2.15 0.01 0.00 395 350 1
242908 52.487514495849 -1.890453338623 -0.10 2.15 -0.00 0.00 395 350 1
242948 52.487514495849 -1.890453338623 -0.10 2.15 -0.00 0.00 395 350 1
243087 52.487514495849 -1.890453338623 -0.20 2.15 -0.00 0.00 395 350 1
243130 52.487480163574 -1.890424919128 -0.20 2.15 -0.00 0.00 395 350 1
243270 52.487480163574 -1.890424919128 -0.10 2.15 -0.00 0.00 395 350 1
243311 52.487480163574 -1.890424919128 -0.10 2.15 -0.00 0.00 395 350 1
243451 52.487480163574 -1.890424919128 0.20 2.15 0.00 0.00 395 350 1
243492 52.487480163574 -1.890424919128 0.40 2.15 0.01 0.00 395 350 1
243632 52.487480163574 -1.890424919128 0.70 2.15 0.01 0.00 395 350 1
243674 52.487480163574 -1.890424919128 0.80 2.15 0.01 0.00 395 350 1
243813 52.487480163574 -1.890424919128 2.10 2.15 0.04 0.00 395 350 1
243856 52.487480163574 -1.890424919128 2.30 2.15 0.04 0.00 395 350 1
243994 52.487480163574 -1.890424919128 3.40 2.15 0.06 0.00 395 350 1
244037 52.487480163574 -1.890424919128 3.40 2.15 0.06 0.00 395 350 1
244182 52.487480163574 -1.890424919128 3.10 2.15 0.05 0.00 395 350 1
244219 52.487480163574 -1.890424919128 3.40 2.15 0.06 0.00 395 350 1
244360 52.487480163574 -1.890424919128 4.00 2.15 0.07 0.00 395 350 1
244401 52.487480163574 -1.890424919128 3.80 2.15 0.07 0.00 395 350 1
244541 52.487480163574 -1.890424919128 3.00 2.15 0.05 0.00 395 350 1
244582 52.487480163574 -1.890424919128 2.20 2.15 0.04 0.00 395 350 1
244721 52.487480163574 -1.890424919128 -8.50 2.15 -0.15 0.00 395 350 1
244764 52.487480163574 -1.890424919128 -13.10 2.15 -0.23 0.00 395 350 1
244902 52.487480163574 -1.890424919128 -27.50 2.15 -0.48 0.00 395 350 1
244945 52.487480163574 -1.890424919128 -29.70 2.15 -0.52 0.00 395 350 1
245085 52.487480163574 -1.890424919128 -39.00 2.15 -0.68 0.00 395 350 1
245128 52.487480163574 -1.890424919128 -44.30 2.15 -0.77 0.00 395 350 1
245268 52.487472534179 -1.890404891967 -55.80 2.15 -0.97 0.00 395 350 1
245309 52.487472534179 -1.890404891967 -58.20 2.15 -1.02 0.00 395 350 1
245452 52.487472534179 -1.890404891967 -70.20 2.15 -1.23 0.00 395 350 1
245491 52.487472534179 -1.890404891967 -74.10 2.15 -1.29 0.00 395 350 1
245632 52.487472534179 -1.890404891967 -83.50 2.15 -1.46 0.00 395 350 1
245671 52.487472534179 -1.890404891967 -86.50 2.15 -1.51 0.00 395 350 1
245811 52.487472534179 -1.890404891967 -103.50 2.15 -1.81 0.00 395 350 1
245854 52.487472534179 -1.890404891967 -109.10 2.15 -1.90 0.00 395 350 1
245993 52.487472534179 -1.890404891967 -122.50 2.15 -2.14 0.00 405 350 1
246035 52.487472534179 -1.890404891967 -126.30 2.15 -2.20 0.00 405 350 1
246176 52.487472534179 -1.890404891967 -133.40 2.15 -2.33 0.00 407 350 1
246217 52.487472534179 -1.890404891967 -135.60 2.15 -2.37 0.00 407 350 1
246359 52.487472534179 -1.890404891967 -143.10 2.15 -2.50 0.00 405 350 1
246400 52.487472534179 -1.890404891967 -144.90 2.15 -2.53 0.00 405 350 1
246540 52.487472534179 -1.890404891967 -149.30 2.15 -2.61 0.00 399 350 1
246581 52.487472534179 -1.890404891967 -150.60 2.15 -2.63 0.00 399 350 1
246723 52.487472534179 -1.890404891967 -156.10 2.15 -2.72 0.00 395 350 1
246759 52.487472534179 -1.890404891967 -158.60 2.15 -2.77 0.00 395 350 1
246899 52.487472534179 -1.890404891967 -164.60 2.15 -2.87 0.00 386 350 1
246943 52.487472534179 -1.890404891967 -166.20 2.15 -2.90 0.00 386 350 1
247084 52.487472534179 -1.890404891967 -169.00 2.15 -2.95 0.00 378 350 1
247127 52.487472534179 -1.890404891967 -169.50 2.15 -2.96 0.00 378 350 1
247267 52.487464904785 -1.890396595001 -171.30 2.15 -2.99 0.00 374 350 1
247308 52.487464904785 -1.890396595001 -172.40 2.15 -3.01 0.00 374 350 1
247448 52.487464904785 -1.890396595001 -178.00 2.15 -3.11 0.00 370 350 1
247489 52.487464904785 -1.890396595001 179.80 2.15 3.14 0.00 370 350 1
247629 52.487464904785 -1.890396595001 171.90 2.15 3.00 0.00 359 350 1
247670 52.487464904785 -1.890396595001 170.50 2.15 2.98 0.00 359 350 1
247810 52.487464904785 -1.890396595001 163.90 2.15 2.86 0.00 342 350 1
247852 52.487464904785 -1.890396595001 161.40 2.15 2.82 0.00 342 350 1
247994 52.487464904785 -1.890396595001 148.60 2.15 2.59 0.00 328 350 1
248034 52.487464904785 -1.890396595001 145.30 2.15 2.54 0.00 328 350 1
248174 52.487464904785 -1.890396595001 138.10 2.15 2.41 0.00 300 350 1
248216 52.487464904785 -1.890396595001 136.00 2.15 2.37 0.00 300 350 1
248356 52.487464904785 -1.890396595001 127.30 2.15 2.22 0.00 284 350 1
248397 52.487464904785 -1.890396595001 125.30 2.15 2.19 0.00 284 350 1
248538 52.487464904785 -1.890396595001 115.90 2.15 2.02 0.00 265 350 1
248579 52.487464904785 -1.890396595001 113.00 2.15 1.97 0.00 265 350 1
248718 52.487464904785 -1.890396595001 101.30 2.15 1.77 0.00 246 350 1
248760 52.487464904785 -1.890396595001 98.30 2.15 1.72 0.00 246 350 1
248899 52.487464904785 -1.890396595001 89.00 2.15 1.55 0.00 225 350 1
248942 52.487464904785 -1.890396595001 81.50 2.15 1.42 0.00 225 350 1
249080 52.487464904785 -1.890396595001 65.20 2.15 1.14 0.00 210 350 1
249124 52.487464904785 -1.890396595001 59.70 2.15 1.04 0.00 210 350 1
249265 52.487476348876 -1.890366649627 50.30 2.15 0.88 0.00 202 350 1
249306 52.487476348876 -1.890366649627 48.50 2.15 0.85 0.00 202 350 1
249447 52.487476348876 -1.890366649627 42.10 2.15 0.73 0.00 202 350 1
249487 52.487476348876 -1.890366649627 41.20 2.15 0.72 0.00 202 350 1
249628 52.487476348876 -1.890366649627 41.40 0.00 0.00 0.00 206 350 1
249668 52.487476348876 -1.890366649627 41.00 0.00 0.00 0.00 206 350 1
249806 52.487476348876 -1.890366649627 39.60 0.00 0.00 0.00 338 350 1
249850 52.487476348876 -1.890366649627 38.60 0.00 0.00 0.00 338 350 1
249991 52.487476348876 -1.890366649627 34.00 0.00 0.00 0.00 342 350 1
250032 52.487476348876 -1.890366649627 32.30 0.00 0.00 0.00 342 350 1
250172 52.487476348876 -1.890366649627 23.90 0.00 0.00 0.00 353 350 1
250214 52.487476348876 -1.890366649627 21.70 0.00 0.00 0.00 353 350 1
250353 52.487476348876 -1.890366649627 17.20 0.00 0.00 0.00 368 350 1
250395 52.487476348876 -1.890366649627 16.50 0.00 0.00 0.00 368 350 1
250534 52.487476348876 -1.890366649627 16.70 0.00 0.00 0.00 376 350 1
250577 52.487476348876 -1.890366649627 16.70 0.00 0.00 0.00 376 350 1
250716 52.487476348876 -1.890366649627 20.80 0.00 0.00 0.00 376 350 1
250759 52.487476348876 -1.890366649627 25.70 0.00 0.00 0.00 376 350 1
250897 52.487476348876 -1.890366649627 53.00 0.00 0.00 0.00 363 350 1
250940 52.487476348876 -1.890366649627 66.70 0.00 0.00 0.00 363 350 1
251078 52.487476348876 -1.890366649627 122.40 0.00 0.00 0.00 294 350 1
251122 52.487476348876 -1.890366649627 142.50 0.00 0.00 0.00 294 350 1
251266 52.487472534179 -1.890359973907 172.60 0.00 0.00 0.00 202 350 1
251303 52.487472534179 -1.890359973907 177.80 0.00 0.00 0.00 202 350 1
251444 52.487472534179 -1.890359973907 149.50 0.00 0.00 0.00 212 350 1
251486 52.487472534179 -1.890359973907 150.10 0.00 0.00 0.00 212 350 1
251626 52.487472534179 -1.890359973907 151.70 0.00 0.00 0.00 202 350 1
251667 52.487472534179 -1.890359973907 151.80 0.00 0.00 0.00 202 350 1
251805 52.487472534179 -1.890359973907 151.80 0.00 0.00 0.00 202 350 1
251848 52.487472534179 -1.890359973907 151.80 0.00 0.00 0.00 202 350 1
251987 52.487472534179 -1.890359973907 151.80 0.00 0.00 0.00 202 350 1
252030 52.487472534179 -1.890359973907 151.80 0.00 0.00 0.00 202 350 1
252171 52.487472534179 -1.890359973907 151.70 0.00 0.00 0.00 202 350 1
252212 52.487472534179 -1.890359973907 151.60 0.00 0.00 0.00 202 350 1
252352 52.487472534179 -1.890359973907 151.50 0.00 0.00 0.00 202 350 1
252394 52.487472534179 -1.890359973907 151.50 0.00 0.00 0.00 202 350 1
252536 52.487472534179 -1.890359973907 151.50 0.00 0.00 0.00 202 350 1
252575 52.487472534179 -1.890359973907 151.50 0.00 0.00 0.00 202 350 1
252713 52.487472534179 -1.890359973907 151.50 0.00 0.00 0.00 202 350 1
252756 52.487472534179 -1.890359973907 151.60 0.00 0.00 0.00 202 350 1
252896 52.487472534179 -1.890359973907 151.30 0.00 0.00 0.00 202 350 1
252939 52.487472534179 -1.890359973907 151.30 0.00 0.00 0.00 202 350 1
253078 52.487472534179 -1.890359973907 151.30 0.00 0.00 0.00 202 350 1
253121 52.487472534179 -1.890359973907 151.30 0.00 0.00 0.00 202 350 1
253263 52.487472534179 -1.890359973907 151.20 0.00 0.00 0.00 202 350 1
253302 52.487472534179 -1.890359973907 151.30 0.00 0.00 0.00 202 350 1
253447 52.487472534179 -1.890359973907 151.30 0.00 0.00 0.00 202 350 1
253484 52.487472534179 -1.890359973907 151.30 0.00 0.00 0.00 202 350 1
253623 52.487472534179 -1.890359973907 151.20 0.00 0.00 0.00 202 350 1
253665 52.487472534179 -1.890359973907 151.10 0.00 0.00 0.00 202 350 1
253803 52.487472534179 -1.890359973907 151.10 0.00 0.00 0.00 202 350 1
253847 52.487472534179 -1.890359973907 151.20 0.00 0.00 0.00 202 350 1
253985 52.487472534179 -1.890359973907 151.20 0.00 0.00 0.00 202 350 1
254028 52.487472534179 -1.890359973907 151.20 0.00 0.00 0.00 202 350 1
254169 52.487472534179 -1.890359973907 151.00 0.00 0.00 0.00 202 350 1
254211 52.487472534179 -1.890359973907 151.10 0.00 0.00 0.00 202 350 1
254350 52.487472534179 -1.890359973907 151.00 0.00 0.00 0.00 202 350 1
254392 52.487472534179 -1.890359973907 151.00 0.00 0.00 0.00 202 350 1
254535 52.487472534179 -1.890359973907 150.90 0.00 0.00 0.00 202 350 1
254573 52.487472534179 -1.890359973907 150.90 0.00 0.00 0.00 202 350 1
254713 52.487472534179 -1.890359973907 150.80 0.00 0.00 0.00 202 350 1
254754 52.487472534179 -1.890359973907 150.90 0.00 0.00 0.00 202 350 1
254894 52.487472534179 -1.890359973907 151.00 0.00 0.00 0.00 202 350 1
254937 52.487472534179 -1.890359973907 151.00 0.00 0.00 0.00 202 350 1
255076 52.487472534179 -1.890359973907 151.10 0.00 0.00 0.00 202 350 1
255120 52.487472534179 -1.890359973907 151.10 0.00 0.00 0.00 202 350 1
255259 52.487472534179 -1.890359973907 151.10 0.00 0.00 0.00 202 350 1
255300 52.487472534179 -1.890359973907 151.20 0.00 0.00 0.00 202 350 1
255439 52.487472534179 -1.890359973907 151.10 0.00 0.00 0.00 202 350 1
255482 52.487472534179 -1.890359973907 151.00 0.00 0.00 0.00 202 350 1
255621 52.487472534179 -1.890359973907 150.90 0.00 0.00 0.00 202 350 1
255663 52.487472534179 -1.890359973907 150.90 0.00 0.00 0.00 202 350 1
255805 52.487472534179 -1.890359973907 151.00 0.00 0.00 0.00 202 350 1
255845 52.487472534179 -1.890359973907 151.00 0.00 0.00 0.00 202 350 1
255983 52.487472534179 -1.890359973907 151.00 0.00 0.00 0.00 202 350 1
256026 52.487472534179 -1.890359973907 151.00 0.00 0.00 0.00 202 350 1
256166 52.487472534179 -1.890359973907 151.00 0.00 0.00 0.00 202 350 1
256208 52.487472534179 -1.890359973907 151.00 0.00 0.00 0.00 202 350 1
256349 52.487472534179 -1.890359973907 151.10 0.00 0.00 0.00 202 350 1
256391 52.487472534179 -1.890359973907 151.10 0.00 0.00 0.00 202 350 1
256530 52.487472534179 -1.890359973907 151.30 0.00 0.00 0.00 202 350 1
256571 52.487472534179 -1.890359973907 151.40 0.00 0.00 0.00 202 350 1
256710 52.487472534179 -1.890359973907 151.50 0.00 0.00 0.00 202 350 1
256753 52.487472534179 -1.890359973907 151.50 0.00 0.00 0.00 202 350 1
256891 52.487472534179 -1.890359973907 151.70 0.00 0.00 0.00 202 350 1
256934 52.487472534179 -1.890359973907 151.70 0.00 0.00 0.00 202 350 1
257077 52.487472534179 -1.890359973907 151.80 0.00 0.00 0.00 202 350 1
257118 52.487472534179 -1.890359973907 151.80 0.00 0.00 0.00 202 350 1
257257 52.487472534179 -1.890359973907 152.10 0.00 0.00 0.00 202 350 1
257299 52.487472534179 -1.890359973907 152.10 0.00 0.00 0.00 202 350 1
257439 52.487472534179 -1.890359973907 152.10 0.00 0.00 0.00 202 350 1
257480 52.487472534179 -1.890359973907 152.10 0.00 0.00 0.00 202 350 1
257619 52.487472534179 -1.890359973907 152.10 0.00 0.00 0.00 202 350 1
257661 52.487472534179 -1.890359973907 152.10 0.00 0.00 0.00 202 350 1
257800 52.487472534179 -1.890359973907 152.10 0.00 0.00 0.00 202 350 1
257843 52.487472534179 -1.890359973907 152.10 0.00 0.00 0.00 202 350 1
257982 52.487472534179 -1.890359973907 152.20 0.00 0.00 0.00 202 350 1
258025 52.487472534179 -1.890359973907 152.20 0.00 0.00 0.00 202 350 1
258165 52.487472534179 -1.890359973907 152.20 0.00 0.00 0.00 202 350 1
258207 52.487472534179 -1.890359973907 152.20 0.00 0.00 0.00 202 350 1
258350 52.487472534179 -1.890359973907 152.20 0.00 0.00 0.00 202 350 1
258388 52.487472534179 -1.890359973907 152.20 0.00 0.00 0.00 202 350 1
258529 52.487472534179 -1.890359973907 152.20 0.00 0.00 0.00 202 350 1
258570 52.487472534179 -1.890359973907 152.20 0.00 0.00 0.00 202 350 1
258708 52.487472534179 -1.890359973907 152.20 0.00 0.00 0.00 202 350 1
258751 52.487472534179 -1.890359973907 152.20 0.00 0.00 0.00 202 350 1
258890 52.487472534179 -1.890359973907 152.20 0.00 0.00 0.00 202 350 1
258933 52.487472534179 -1.890359973907 152.20 0.00 0.00 0.00 202 350 1
259075 52.487472534179 -1.890359973907 152.20 0.00 0.00 0.00 202 350 1
259116 52.487472534179 -1.890359973907 152.20 0.00 0.00 0.00 202 350 1
259256 52.487472534179 -1.890359973907 152.20 0.00 0.00 0.00 202 350 1
259297 52.487472534179 -1.890359973907 152.20 0.00 0.00 0.00 202 350 1
259436 52.487472534179 -1.890359973907 152.20 0.00 0.00 0.00 202 350 1
259478 52.487472534179 -1.890359973907 152.20 0.00 0.00 0.00 202 350 1
259617 52.487472534179 -1.890359973907 152.20 0.00 0.00 0.00 202 350 1
259659 52.487472534179 -1.890359973907 152.20 0.00 0.00 0.00 202 350 1
259799 52.487472534179 -1.890359973907 152.20 0.00 0.00 0.00 202 350 1
259842 52.487472534179 -1.890359973907 152.20 0.00 0.00 0.00 202 350 1
259980 52.487472534179 -1.890359973907 152.20 0.00 0.00 0.00 202 350 1
260023 52.487472534179 -1.890359973907 152.20 0.00 0.00 0.00 202 350 1
260163 52.487472534179 -1.890359973907 152.30 0.00 0.00 0.00 202 350 1
260205 52.487472534179 -1.890359973907 152.30 0.00 0.00 0.00 202 350 1
260347 52.487472534179 -1.890359973907 152.30 0.00 0.00 0.00 202 350 1
260386 52.487472534179 -1.890359973907 152.30 0.00 0.00 0.00 202 350 1
260527 52.487472534179 -1.890359973907 152.30 0.00 0.00 0.00 202 350 1
260568 52.487472534179 -1.890359973907 152.30 0.00 0.00 0.00 202 350 1
260706 52.487472534179 -1.890359973907 152.30 0.00 0.00 0.00 202 350 1
260750 52.487472534179 -1.890359973907 152.30 0.00 0.00 0.00 202 350 1
260888 52.487472534179 -1.890359973907 152.30 0.00 0.00 0.00 202 350 1
260931 52.487472534179 -1.890359973907 152.30 0.00 0.00 0.00 202 350 1
261070 52.487472534179 -1.890359973907 152.30 0.00 0.00 0.00 202 350 1
261113 52.487483978271 -1.890316772460 152.30 0.00 0.00 0.00 202 350 1
261254 52.487483978271 -1.890316772460 152.30 0.00 0.00 0.00 202 350 1
261295 52.487483978271 -1.890316772460 152.30 0.00 0.00 0.00 202 350 1
261434 52.487483978271 -1.890316772460 152.30 0.00 0.00 0.00 202 350 1
261477 52.487483978271 -1.890316772460 152.30 0.00 0.00 0.00 202 350 1
261618 52.487483978271 -1.890316772460 152.30 0.00 0.00 0.00 202 350 1
261658 52.487483978271 -1.890316772460 152.30 0.00 0.00 0.00 202 350 1
261796 52.487483978271 -1.890316772460 152.30 0.00 0.00 0.00 202 350 1
261839 52.487483978271 -1.890316772460 152.30 0.00 0.00 0.00 202 350 1
261978 52.487483978271 -1.890316772460 152.30 0.00 0.00 0.00 202 350 1
262021 52.487483978271 -1.890316772460 152.30 0.00 0.00 0.00 202 350 1
262161 52.487483978271 -1.890316772460 152.30 0.00 0.00 0.00 202 350 1
262203 52.487483978271 -1.890316772460 152.30 0.00 0.00 0.00 202 350 1
262343 52.487483978271 -1.890316772460 152.30 0.00 0.00 0.00 202 350 1
262385 52.487483978271 -1.890316772460 152.30 0.00 0.00 0.00 202 350 1
262524 52.487483978271 -1.890316772460 152.30 0.00 0.00 0.00 202 350 1
262566 52.487483978271 -1.890316772460 152.30 0.00 0.00 0.00 202 350 1
262706 52.487483978271 -1.890316772460 152.30 0.00 0.00 0.00 202 350 1
262748 52.487483978271 -1.890316772460 152.30 0.00 0.00 0.00 202 350 1
262889 52.487483978271 -1.890316772460 152.30 0.00 0.00 0.00 202 350 1
262929 52.487483978271 -1.890316772460 152.30 0.00 0.00 0.00 202 350 1
263068 52.487483978271 -1.890316772460 152.30 0.00 0.00 0.00 202 350 1
263111 52.487483978271 -1.890316772460 152.30 0.00 0.00 0.00 202 350 1
263251 52.487491607666 -1.890306663513 152.30 0.00 0.00 0.00 202 350 1
263293 52.487491607666 -1.890306663513 152.30 0.00 0.00 0.00 202 350 1
263433 52.487491607666 -1.890306663513 152.30 0.00 0.00 0.00 202 350 1
263475 52.487491607666 -1.890306663513 152.30 0.00 0.00 0.00 202 350 1
263615 52.487491607666 -1.890306663513 152.30 0.00 0.00 0.00 202 350 1
263656 52.487491607666 -1.890306663513 152.30 0.00 0.00 0.00 202 350 1
263794 52.487491607666 -1.890306663513 152.30 0.00 0.00 0.00 202 350 1
263837 52.487491607666 -1.890306663513 152.30 0.00 0.00 0.00 202 350 1
263976 52.487491607666 -1.890306663513 152.30 0.00 0.00 0.00 202 350 1
264019 52.487491607666 -1.890306663513 152.30 0.00 0.00 0.00 202 350 1
264162 52.487491607666 -1.890306663513 152.30 0.00 0.00 0.00 202 350 1
264202 52.487491607666 -1.890306663513 152.30 0.00 0.00 0.00 202 350 1
264341 52.487491607666 -1.890306663513 152.30 0.00 0.00 0.00 202 350 1
264383 52.487491607666 -1.890306663513 152.30 0.00 0.00 0.00 202 350 1
264522 52.487491607666 -1.890306663513 152.30 0.00 0.00 0.00 202 350 1
264564 52.487491607666 -1.890306663513 152.30 0.00 0.00 0.00 202 350 1
264702 52.487491607666 -1.890306663513 152.30 0.00 0.00 0.00 202 350 1
264745 52.487491607666 -1.890306663513 152.30 0.00 0.00 0.00 202 350 1
264887 52.487491607666 -1.890306663513 152.30 0.00 0.00 0.00 202 350 1
264928 52.487491607666 -1.890306663513 152.30 0.00 0.00 0.00 202 350 1
265067 52.487491607666 -1.890306663513 152.30 0.00 0.00 0.00 202 350 1
265110 52.487491607666 -1.890306663513 152.30 0.00 0.00 0.00 202 350 1
265250 52.487506866455 -1.890296745300 152.30 0.00 0.00 0.00 202 350 1
265291 52.487506866455 -1.890296745300 152.30 0.00 0.00 0.00 202 350 1
265431 52.487506866455 -1.890296745300 152.30 0.00 0.00 0.00 202 350 1
265473 52.487506866455 -1.890296745300 152.30 0.00 0.00 0.00 202 350 1
265612 52.487506866455 -1.890296745300 152.30 0.00 0.00 0.00 202 350 1
265654 52.487506866455 -1.890296745300 152.30 0.00 0.00 0.00 202 350 1
265792 52.487506866455 -1.890296745300 152.30 0.00 0.00 0.00 202 350 1
265836 52.487506866455 -1.890296745300 152.30 0.00 0.00 0.00 202 350 1
265974 52.487506866455 -1.890296745300 152.30 0.00 0.00 0.00 202 350 1
266017 52.487506866455 -1.890296745300 152.30 0.00 0.00 0.00 202 350 1
266161 52.487506866455 -1.890296745300 152.30 0.00 0.00 0.00 202 350 1
266200 52.487518310546 -1.890293312072 152.30 0.00 0.00 0.00 202 350 1
266339 52.487518310546 -1.890293312072 152.30 0.00 0.00 0.00 202 350 1
266381 52.487518310546 -1.890293312072 152.30 0.00 0.00 0.00 202 350 1
266521 52.487518310546 -1.890293312072 152.30 0.00 0.00 0.00 202 350 1
266563 52.487518310546 -1.890293312072 152.30 0.00 0.00 0.00 202 350 1
266701 52.487518310546 -1.890293312072 152.30 0.00 0.00 0.00 202 350 1
266744 52.487518310546 -1.890293312072 152.30 0.00 0.00 0.00 202 350 1
266883 52.487518310546 -1.890293312072 152.30 0.00 0.00 0.00 202 350 1
266926 52.487518310546 -1.890293312072 152.30 0.00 0.00 0.00 202 350 1
267064 52.487518310546 -1.890293312072 152.30 0.00 0.00 0.00 202 350 1
267108 52.487518310546 -1.890293312072 152.30 0.00 0.00 0.00 202 350 1
267248 52.487529754638 -1.890293312072 152.30 0.00 0.00 0.00 202 350 1
267289 52.487529754638 -1.890293312072 152.30 0.00 0.00 0.00 202 350 1
267432 52.487529754638 -1.890293312072 152.30 0.00 0.00 0.00 202 350 1
267471 52.487529754638 -1.890293312072 152.30 0.00 0.00 0.00 202 350 1
267612 52.487529754638 -1.890293312072 152.30 0.00 0.00 0.00 202 350 1
267653 52.487529754638 -1.890293312072 152.30 0.00 0.00 0.00 202 350 1
267791 52.487529754638 -1.890293312072 152.30 0.00 0.00 0.00 202 350 1
267834 52.487529754638 -1.890293312072 152.30 0.00 0.00 0.00 202 350 1
267972 52.487529754638 -1.890293312072 152.30 0.00 0.00 0.00 202 350 1
268016 52.487529754638 -1.890293312072 152.30 0.00 0.00 0.00 202 350 1
268156 52.487529754638 -1.890293312072 152.30 0.00 0.00 0.00 202 350 1
268197 52.487529754638 -1.890293312072 152.30 0.00 0.00 0.00 202 350 1
268338 52.487529754638 -1.890293312072 152.30 0.00 0.00 0.00 202 350 1
268380 52.487529754638 -1.890293312072 152.30 0.00 0.00 0.00 202 350 1
268520 52.487529754638 -1.890293312072 152.30 0.00 0.00 0.00 202 350 1
268561 52.487529754638 -1.890293312072 152.30 0.00 0.00 0.00 202 350 1
268702 52.487529754638 -1.890293312072 152.30 0.00 0.00 0.00 202 350 1
268742 52.487529754638 -1.890293312072 152.30 0.00 0.00 0.00 202 350 1
268880 52.487529754638 -1.890293312072 152.30 0.00 0.00 0.00 202 350 1
268923 52.487529754638 -1.890293312072 152.30 0.00 0.00 0.00 202 350 1
269063 52.487529754638 -1.890293312072 152.30 0.00 0.00 0.00 202 350 1
269107 52.487529754638 -1.890293312072 152.30 0.00 0.00 0.00 202 350 1
269246 52.487556457519 -1.890291690826 152.30 0.00 0.00 0.00 202 350 1
269288 52.487556457519 -1.890291690826 152.30 0.00 0.00 0.00 202 350 1
269427 52.487556457519 -1.890291690826 152.30 0.00 0.00 0.00 202 350 1
269469 52.487556457519 -1.890291690826 152.30 0.00 0.00 0.00 202 350 1
269609 52.487556457519 -1.890291690826 152.30 0.00 0.00 0.00 202 350 1
269650 52.487556457519 -1.890291690826 152.30 0.00 0.00 0.00 202 350 1
269789 52.487556457519 -1.890291690826 152.30 0.00 0.00 0.00 202 350 1
269832 52.487556457519 -1.890291690826 152.30 0.00 0.00 0.00 202 350 1
269973 52.487556457519 -1.890291690826 152.30 0.00 0.00 0.00 202 350 1
270014 52.487556457519 -1.890291690826 152.30 0.00 0.00 0.00 202 350 1
270154 52.487556457519 -1.890291690826 152.30 0.00 0.00 0.00 202 350 1
270196 52.487556457519 -1.890291690826 152.30 0.00 0.00 0.00 202 350 1
270336 52.487556457519 -1.890291690826 152.30 0.00 0.00 0.00 202 350 1
270377 52.487556457519 -1.890291690826 152.30 0.00 0.00 0.00 202 350 1
270518 52.487556457519 -1.890291690826 152.30 0.00 0.00 0.00 202 350 1
270559 52.487556457519 -1.890291690826 152.30 0.00 0.00 0.00 202 350 1
270701 52.487556457519 -1.890291690826 152.30 0.00 0.00 0.00 202 350 1
270740 52.487556457519 -1.890291690826 152.30 0.00 0.00 0.00 202 350 1
270879 52.487556457519 -1.890291690826 152.30 0.00 0.00 0.00 202 350 1
270922 52.487556457519 -1.890291690826 152.40 0.00 0.00 0.00 202 350 1
271060 52.487556457519 -1.890291690826 152.40 0.00 0.00 0.00 202 350 1
271105 52.487556457519 -1.890291690826 152.40 0.00 0.00 0.00 202 350 1
271245 52.487602233886 -1.890281677246 152.40 0.00 0.00 0.00 202 350 1
271286 52.487602233886 -1.890281677246 152.40 0.00 0.00 0.00 202 350 1
271425 52.487602233886 -1.890281677246 152.40 0.00 0.00 0.00 202 350 1
271468 52.487602233886 -1.890281677246 152.40 0.00 0.00 0.00 202 350 1
271607 52.487602233886 -1.890281677246 152.40 0.00 0.00 0.00 202 350 1
271648 52.487602233886 -1.890281677246 152.40 0.00 0.00 0.00 202 350 1
271788 52.487602233886 -1.890281677246 152.40 0.00 0.00 0.00 202 350 1
271831 52.487602233886 -1.890281677246 152.40 0.00 0.00 0.00 202 350 1
271972 52.487602233886 -1.890281677246 152.40 0.00 0.00 0.00 202 350 1
272012 52.487602233886 -1.890281677246 152.40 0.00 0.00 0.00 202 350 1
272152 52.487602233886 -1.890281677246 152.40 0.00 0.00 0.00 202 350 1
272194 52.487625122070 -1.890278339385 152.40 0.00 0.00 0.00 202 350 1
272334 52.487625122070 -1.890278339385 152.40 0.00 0.00 0.00 202 350 1
272376 52.487625122070 -1.890278339385 152.40 0.00 0.00 0.00 202 350 1
272516 52.487625122070 -1.890278339385 152.40 0.00 0.00 0.00 202 350 1
272558 52.487625122070 -1.890278339385 152.40 0.00 0.00 0.00 202 350 1
272696 52.487625122070 -1.890278339385 152.40 0.00 0.00 0.00 202 350 1
272739 52.487625122070 -1.890278339385 152.40 0.00 0.00 0.00 202 350 1
272877 52.487625122070 -1.890278339385 152.40 0.00 0.00 0.00 202 350 1
272920 52.487625122070 -1.890278339385 152.40 0.00 0.00 0.00 202 350 1
273059 52.487625122070 -1.890278339385 152.40 0.00 0.00 0.00 202 350 1
273102 52.487625122070 -1.890278339385 152.40 0.00 0.00 0.00 202 350 1
273246 52.487651824951 -1.890276718139 152.40 0.00 0.00 0.00 202 350 1
273285 52.487651824951 -1.890276718139 152.40 0.00 0.00 0.00 202 350 1
273424 52.487651824951 -1.890276718139 152.40 0.00 0.00 0.00 202 350 1
273466 52.487651824951 -1.890276718139 152.40 0.00 0.00 0.00 202 350 1
273606 52.487651824951 -1.890276718139 152.40 0.00 0.00 0.00 202 350 1
273647 52.487651824951 -1.890276718139 152.40 0.00 0.00 0.00 202 350 1
273785 52.487651824951 -1.890276718139 152.40 0.00 0.00 0.00 202 350 1
273828 52.487651824951 -1.890276718139 152.40 0.00 0.00 0.00 202 350 1
273967 52.487651824951 -1.890276718139 152.40 0.00 0.00 0.00 202 350 1
274011 52.487651824951 -1.890276718139 152.40 0.00 0.00 0.00 202 350 1
274150 52.487651824951 -1.890276718139 152.40 0.00 0.00 0.00 202 350 1
274193 52.487651824951 -1.890276718139 152.40 0.00 0.00 0.00 202 350 1
274332 52.487651824951 -1.890276718139 152.40 0.00 0.00 0.00 202 350 1
274374 52.487651824951 -1.890276718139 152.40 0.00 0.00 0.00 202 350 1
274516 52.487651824951 -1.890276718139 152.40 0.00 0.00 0.00 202 350 1
274555 52.487651824951 -1.890276718139 152.40 0.00 0.00 0.00 202 350 1
274694 52.487651824951 -1.890276718139 152.40 0.00 0.00 0.00 202 350 1
274737 52.487651824951 -1.890276718139 152.40 0.00 0.00 0.00 202 350 1
274875 52.487651824951 -1.890276718139 152.40 0.00 0.00 0.00 202 350 1
274919 52.487651824951 -1.890276718139 152.40 0.00 0.00 0.00 202 350 1
275057 52.487651824951 -1.890276718139 152.40 0.00 0.00 0.00 202 350 1
275101 52.487651824951 -1.890276718139 152.40 0.00 0.00 0.00 202 350 1
275240 52.487716674804 -1.890275001525 152.40 0.00 0.00 0.00 202 350 1
275282 52.487716674804 -1.890275001525 152.40 0.00 0.00 0.00 202 350 1
275422 52.487716674804 -1.890275001525 152.40 0.00 0.00 0.00 202 350 1
275464 52.487716674804 -1.890275001525 152.40 0.00 0.00 0.00 202 350 1
275604 52.487716674804 -1.890275001525 152.40 7.19 2.66 0.00 202 350 1
275645 52.487716674804 -1.890275001525 152.40 7.19 2.66 0.00 202 350 1
275787 52.487716674804 -1.890275001525 152.40 7.19 2.66 0.00 311 350 1
275826 52.487716674804 -1.890275001525 152.40 7.19 2.66 0.00 311 350 1
275966 52.487716674804 -1.890275001525 152.40 7.19 2.66 0.00 311 350 1
276008 52.487716674804 -1.890275001525 152.40 7.19 2.66 0.00 311 350 1
276150 52.487716674804 -1.890275001525 152.40 7.19 2.66 0.00 311 350 1
276191 52.487716674804 -1.890275001525 152.40 7.19 2.66 0.00 311 350 1
276331 52.487716674804 -1.890275001525 152.40 7.19 2.66 0.00 311 350 1
276372 52.487716674804 -1.890275001525 152.40 7.19 2.66 0.00 311 350 1
276527 52.487716674804 -1.890275001525 152.40 7.19 2.66 0.00 311 350 1
276576 52.487716674804 -1.890275001525 152.40 7.19 2.66 0.00 311 350 1
276717 52.487716674804 -1.890275001525 152.40 7.19 2.66 0.00 311 350 1
276757 52.487716674804 -1.890275001525 152.40 7.19 2.66 0.00 311 350 1
276899 52.487716674804 -1.890275001525 152.40 7.19 2.66 0.00 311 350 1
276939 52.487716674804 -1.890275001525 152.40 7.19 2.66 0.00 311 350 1
277082 52.487716674804 -1.890275001525 152.40 7.19 2.66 0.00 311 350 1
277142 52.487735748291 -1.890276718139 152.40 7.19 2.66 0.00 311 350 1
277284 52.487735748291 -1.890276718139 152.40 7.19 2.66 0.00 311 350 1
277344 52.487735748291 -1.890276718139 152.40 7.19 2.66 0.00 311 350 1
277486 52.487735748291 -1.890276718139 152.40 7.19 2.66 0.00 311 350 1
277544 52.487735748291 -1.890276718139 152.40 7.19 2.66 0.00 311 350 1
277686 52.487735748291 -1.890276718139 152.50 7.19 2.66 0.00 311 350 1
277726 52.487735748291 -1.890276718139 152.50 7.19 2.66 0.00 311 350 1
277871 52.487735748291 -1.890276718139 152.60 7.19 2.66 0.00 311 350 1
277928 52.487735748291 -1.890276718139 152.90 7.19 2.67 0.00 311 350 1
278071 52.487735748291 -1.890276718139 154.50 7.19 2.70 0.00 311 350 1
278131 52.487754821777 -1.890281677246 153.00 7.19 2.67 0.00 311 350 1
278274 52.487754821777 -1.890281677246 152.50 7.19 2.66 0.00 313 350 1
278333 52.487754821777 -1.890281677246 151.50 7.19 2.64 0.00 313 350 1
278475 52.487754821777 -1.890281677246 151.10 7.19 2.64 0.00 309 350 1
278534 52.487754821777 -1.890281677246 151.00 7.19 2.64 0.00 309 350 1
278676 52.487754821777 -1.890281677246 151.80 7.19 2.65 0.00 309 350 1
278713 52.487754821777 -1.890281677246 151.10 7.19 2.64 0.00 309 350 1
278854 52.487754821777 -1.890281677246 148.70 7.19 2.60 0.00 309 350 1
278897 52.487754821777 -1.890281677246 149.80 7.19 2.61 0.00 309 350 1
279038 52.487754821777 -1.890281677246 153.00 7.19 2.67 0.00 307 350 1
279079 52.487754821777 -1.890281677246 157.30 7.19 2.75 0.00 307 350 1
279226 52.487777709960 -1.890285015106 156.10 7.19 2.72 0.00 319 350 1
279281 52.487777709960 -1.890285015106 156.40 7.19 2.73 0.00 319 350 1
279424 52.487777709960 -1.890285015106 159.90 7.19 2.79 0.00 317 350 1
279484 52.487777709960 -1.890285015106 161.10 7.19 2.81 0.00 317 350 1
279625 52.487777709960 -1.890285015106 162.60 8.48 2.84 0.00 328 350 1
279684 52.487777709960 -1.890285015106 163.40 8.48 2.85 0.00 328 350 1
279826 52.487777709960 -1.890285015106 163.40 8.48 2.85 0.00 330 350 1
279886 52.487777709960 -1.890285015106 163.20 8.48 2.85 0.00 330 350 1
280028 52.487777709960 -1.890285015106 162.50 8.48 2.84 0.00 330 350 1
280069 52.487777709960 -1.890285015106 162.50 8.48 2.84 0.00 330 350 1
280212 52.487789154052 -1.890279960632 162.40 8.48 2.83 0.00 330 350 1
280270 52.487789154052 -1.890279960632 162.50 8.48 2.84 0.00 330 350 1
280413 52.487789154052 -1.890279960632 162.70 8.48 2.84 0.00 330 350 1
280472 52.487789154052 -1.890279960632 162.90 8.48 2.84 0.00 330 350 1
280616 52.487789154052 -1.890279960632 163.70 8.48 2.86 0.00 330 350 1
280673 52.487789154052 -1.890279960632 164.80 8.48 2.88 0.00 330 350 1
280815 52.487789154052 -1.890279960632 164.00 8.48 2.86 0.00 334 350 1
280855 52.487789154052 -1.890279960632 163.20 8.48 2.85 0.00 334 350 1
280996 52.487789154052 -1.890279960632 163.00 8.48 2.84 0.00 330 350 1
281036 52.487789154052 -1.890279960632 163.10 8.48 2.85 0.00 330 350 1
281180 52.487789154052 -1.890279960632 163.20 8.48 2.85 0.00 330 350 1
281239 52.487789154052 -1.890279960632 163.20 8.48 2.85 0.00 330 350 1
281381 52.487789154052 -1.890279960632 163.30 8.48 2.85 0.00 330 350 1
281441 52.487789154052 -1.890279960632 163.40 8.48 2.85 0.00 330 350 1
281584 52.487800598144 -1.890275001525 163.50 8.39 2.85 0.00 330 350 1
281641 52.487800598144 -1.890275001525 163.50 8.39 2.85 0.00 330 350 1
281784 52.487800598144 -1.890275001525 163.70 8.39 2.86 0.00 332 350 1
281824 52.487800598144 -1.890275001525 163.80 8.39 2.86 0.00 332 350 1
281968 52.487800598144 -1.890275001525 163.80 8.39 2.86 0.00 332 350 1
282025 52.487800598144 -1.890275001525 163.80 8.39 2.86 0.00 332 350 1
282169 52.487800598144 -1.890275001525 163.90 8.39 2.86 0.00 332 350 1
282228 52.487800598144 -1.890275001525 164.00 8.39 2.86 0.00 332 350 1
282371 52.487800598144 -1.890275001525 164.20 8.39 2.87 0.00 332 350 1
282430 52.487800598144 -1.890275001525 164.30 8.39 2.87 0.00 332 350 1
282573 52.487800598144 -1.890275001525 164.40 8.39 2.87 0.00 332 350 1
282631 52.487800598144 -1.890275001525 164.50 8.39 2.87 0.00 332 350 1
282776 52.487800598144 -1.890275001525 164.60 8.39 2.87 0.00 332 350 1
282832 52.487800598144 -1.890275001525 164.60 8.39 2.87 0.00 332 350 1
282975 52.487800598144 -1.890275001525 164.60 8.39 2.87 0.00 332 350 1
283015 52.487800598144 -1.890275001525 164.60 8.39 2.87 0.00 332 350 1
283157 52.487800598144 -1.890275001525 164.80 8.39 2.88 0.00 332 350 1
283217 52.487796783447 -1.890270042419 164.80 8.39 2.88 0.00 332 350 1
283360 52.487796783447 -1.890270042419 164.80 8.39 2.88 0.00 334 350 1
283419 52.487796783447 -1.890270042419 164.80 8.39 2.88 0.00 334 350 1
283561 52.487796783447 -1.890270042419 164.80 8.39 2.88 0.00 334 350 1
283620 52.487796783447 -1.890270042419 164.70 8.39 2.87 0.00 334 350 1
283761 52.487796783447 -1.890270042419 164.70 8.39 2.87 0.00 334 350 1
283801 52.487796783447 -1.890270042419 164.80 8.39 2.88 0.00 334 350 1
283943 52.487796783447 -1.890270042419 164.80 8.39 2.88 0.00 334 350 1
283983 52.487796783447 -1.890270042419 164.80 8.39 2.88 0.00 334 350 1
284129 52.487796783447 -1.890270042419 164.90 8.39 2.88 0.00 334 350 1
284186 52.487808227539 -1.890270042419 164.90 8.39 2.88 0.00 334 350 1
284331 52.487808227539 -1.890270042419 165.00 8.39 2.88 0.00 334 350 1
284388 52.487808227539 -1.890270042419 165.00 8.39 2.88 0.00 334 350 1
284530 52.487808227539 -1.890270042419 164.70 8.39 2.87 0.00 334 350 1
284589 52.487808227539 -1.890270042419 164.60 8.39 2.87 0.00 334 350 1
284731 52.487808227539 -1.890270042419 164.70 8.39 2.87 0.00 332 350 1
284790 52.487808227539 -1.890270042419 164.70 8.39 2.87 0.00 332 350 1
284932 52.487808227539 -1.890270042419 164.70 8.39 2.87 0.00 334 350 1
284973 52.487808227539 -1.890270042419 164.80 8.39 2.88 0.00 334 350 1
285115 52.487808227539 -1.890270042419 164.80 8.39 2.88 0.00 334 350 1
285175 52.487808227539 -1.890270042419 164.90 8.39 2.88 0.00 334 350 1
285318 52.487808227539 -1.890270042419 165.10 8.39 2.88 0.00 334 350 1
285377 52.487808227539 -1.890270042419 165.00 8.39 2.88 0.00 334 350 1
285522 52.487808227539 -1.890270042419 166.00 8.39 2.90 0.00 334 350 1
285578 52.487808227539 -1.890270042419 166.30 8.39 2.90 0.00 334 350 1
285719 52.487808227539 -1.890270042419 166.60 8.39 2.91 0.00 336 350 1
285759 52.487808227539 -1.890270042419 166.50 8.39 2.91 0.00 336 350 1
285901 52.487808227539 -1.890270042419 166.50 8.39 2.91 0.00 336 350 1
285941 52.487808227539 -1.890270042419 166.40 8.39 2.90 0.00 336 350 1
286084 52.487808227539 -1.890270042419 166.00 8.39 2.90 0.00 336 350 1
286144 52.487781524658 -1.890253257751 165.90 8.39 2.90 0.00 336 350 1
286286 52.487781524658 -1.890253257751 165.90 8.39 2.90 0.00 336 350 1
286346 52.487781524658 -1.890253257751 165.90 8.39 2.90 0.00 336 350 1
286488 52.487781524658 -1.890253257751 165.80 8.39 2.89 0.00 336 350 1
286546 52.487781524658 -1.890253257751 165.80 8.39 2.89 0.00 336 350 1
286688 52.487781524658 -1.890253257751 165.80 8.39 2.89 0.00 334 350 1
286728 52.487781524658 -1.890253257751 165.80 8.39 2.89 0.00 334 350 1
286872 52.487781524658 -1.890253257751 165.80 8.39 2.89 0.00 334 350 1
286930 52.487781524658 -1.890253257751 165.80 8.39 2.89 0.00 334 350 1
287072 52.487781524658 -1.890253257751 165.70 8.39 2.89 0.00 334 350 1
287112 52.487781524658 -1.890253257751 165.70 8.39 2.89 0.00 334 350 1
287255 52.487667083740 -1.890251636505 165.70 8.39 2.89 0.00 334 350 1
287314 52.487667083740 -1.890251636505 165.70 8.39 2.89 0.00 334 350 1
287457 52.487667083740 -1.890251636505 165.70 8.39 2.89 0.00 334 350 1
287516 52.487667083740 -1.890251636505 165.70 8.39 2.89 0.00 334 350 1
287660 52.487667083740 -1.890251636505 165.70 0.00 0.00 0.00 334 350 1
287717 52.487667083740 -1.890251636505 165.60 0.00 0.00 0.00 334 350 1
287858 52.487667083740 -1.890251636505 165.70 0.00 0.00 0.00 204 350 1
287899 52.487667083740 -1.890251636505 165.70 0.00 0.00 0.00 204 350 1
288039 52.487667083740 -1.890251636505 165.70 0.00 0.00 0.00 204 350 1
288080 52.487667083740 -1.890251636505 165.70 0.00 0.00 0.00 204 350 1
288226 52.487667083740 -1.890251636505 165.80 0.00 0.00 0.00 204 350 1
288283 52.487667083740 -1.890251636505 165.80 0.00 0.00 0.00 204 350 1
288424 52.487667083740 -1.890251636505 165.80 0.00 0.00 0.00 204 350 1
288461 52.487667083740 -1.890251636505 165.70 0.00 0.00 0.00 204 350 1
288605 52.487667083740 -1.890251636505 165.70 0.00 0.00 0.00 204 350 1
288646 52.487667083740 -1.890251636505 165.70 0.00 0.00 0.00 204 350 1
288786 52.487667083740 -1.890251636505 165.70 0.00 0.00 0.00 204 350 1
288827 52.487667083740 -1.890251636505 165.60 0.00 0.00 0.00 204 350 1
288972 52.487667083740 -1.890251636505 165.60 0.00 0.00 0.00 204 350 1
289029 52.487667083740 -1.890251636505 165.60 0.00 0.00 0.00 204 350 1
289171 52.487667083740 -1.890251636505 165.60 0.00 0.00 0.00 204 350 1
289211 52.487667083740 -1.890251636505 165.60 0.00 0.00 0.00 204 350 1
289353 52.487667083740 -1.890251636505 165.60 0.00 0.00 0.00 204 350 1
289390 52.487667083740 -1.890251636505 165.60 0.00 0.00 0.00 204 350 1
289532 52.487667083740 -1.890251636505 165.60 0.00 0.00 0.00 204 350 1
289595 52.487667083740 -1.890251636505 165.60 0.00 0.00 0.00 204 350 1
289735 52.487667083740 -1.890251636505 165.50 0.00 0.00 0.00 204 350 1
289776 52.487667083740 -1.890251636505 164.90 0.00 0.00 0.00 204 350 1
289916 52.487667083740 -1.890251636505 164.80 0.00 0.00 0.00 204 350 1
289957 52.487667083740 -1.890251636505 164.80 0.00 0.00 0.00 204 350 1
290099 52.487667083740 -1.890251636505 164.80 0.00 0.00 0.00 204 350 1
290140 52.487667083740 -1.890251636505 164.80 0.00 0.00 0.00 204 350 1
290285 52.487613677978 -1.890290069580 164.80 0.00 0.00 0.00 204 350 1
290341 52.487613677978 -1.890290069580 164.80 0.00 0.00 0.00 204 350 1
290484 52.487613677978 -1.890290069580 164.80 0.00 0.00 0.00 204 350 1
290521 52.487613677978 -1.890290069580 164.80 0.00 0.00 0.00 204 350 1
290663 52.487613677978 -1.890290069580 164.80 1.74 2.88 0.00 204 350 1
290704 52.487613677978 -1.890290069580 164.80 1.74 2.88 0.00 204 350 1
290846 52.487613677978 -1.890290069580 164.80 1.74 2.88 0.00 334 350 1
290907 52.487613677978 -1.890290069580 164.80 1.74 2.88 0.00 334 350 1
291048 52.487613677978 -1.890290069580 164.80 1.74 2.88 0.00 334 350 1
291088 52.487613677978 -1.890290069580 164.80 1.74 2.88 0.00 334 350 1
291231 52.487613677978 -1.890290069580 164.80 1.74 2.88 0.00 334 350 1
291291 52.487613677978 -1.890290069580 164.80 1.74 2.88 0.00 334 350 1
291433 52.487613677978 -1.890290069580 164.80 1.74 2.88 0.00 334 350 1
291492 52.487613677978 -1.890290069580 164.80 1.74 2.88 0.00 334 350 1
291639 52.487613677978 -1.890290069580 164.80 1.74 2.88 0.00 334 350 1
291693 52.487613677978 -1.890290069580 164.80 1.74 2.88 0.00 334 350 1
291835 52.487613677978 -1.890290069580 164.80 1.74 2.88 0.00 334 350 1
291875 52.487613677978 -1.890290069580 164.80 1.74 2.88 0.00 334 350 1
292017 52.487613677978 -1.890290069580 164.80 1.74 2.88 0.00 334 350 1
292057 52.487613677978 -1.890290069580 164.80 1.74 2.88 0.00 334 350 1
292200 52.487613677978 -1.890290069580 164.80 1.74 2.88 0.00 334 350 1
292259 52.487613677978 -1.890290069580 164.80 1.74 2.88 0.00 334 350 1
292402 52.487613677978 -1.890290069580 164.80 1.74 2.88 0.00 334 350 1
292461 52.487613677978 -1.890290069580 164.80 1.74 2.88 0.00 334 350 1
292603 52.487613677978 -1.890290069580 164.80 1.74 2.88 0.00 334 350 1
292662 52.487613677978 -1.890290069580 164.80 1.74 2.88 0.00 334 350 1
292805 52.487613677978 -1.890290069580 164.80 1.74 2.88 0.00 334 350 1
292841 52.487613677978 -1.890290069580 164.80 1.74 2.88 0.00 334 350 1
292985 52.487613677978 -1.890290069580 164.80 1.74 2.88 0.00 334 350 1
293025 52.487613677978 -1.890290069580 164.80 1.74 2.88 0.00 334 350 1
293169 52.487613677978 -1.890290069580 164.80 1.74 2.88 0.00 334 350 1
293228 52.487613677978 -1.890290069580 164.80 1.74 2.88 0.00 334 350 1
