54788 52.486019134521 -1.889766693115 -89.50 0.00 -146.04 0.89 259 287 1
55007 52.486019134521 -1.889766693115 -90.10 0.00 -146.04 0.89 309 212 0
55188 52.486019134521 -1.889766693115 -90.10 0.00 -146.04 0.89 311 212 0
55369 52.486019134521 -1.889766693115 -90.20 0.00 -146.04 0.89 311 212 0
55552 52.486019134521 -1.889766693115 -90.30 0.00 -146.04 0.89 309 212 0
55733 52.486019134521 -1.889766693115 -90.40 0.00 -146.04 0.89 312 212 0
55916 52.486019134521 -1.889766693115 -90.30 0.00 -146.04 0.89 315 214 0
56118 52.486019134521 -1.889766693115 -90.00 0.00 -146.04 0.89 312 213 0
56300 52.486019134521 -1.889766693115 -90.10 0.00 -146.04 0.89 317 214 0
56479 52.486019134521 -1.889766693115 -90.10 0.00 -146.04 0.89 309 212 0
56662 52.486019134521 -1.889766693115 -90.10 0.00 -146.04 0.89 309 212 0
56845 52.486019134521 -1.889766693115 -90.20 0.00 -146.04 0.89 312 212 0
57026 52.486019134521 -1.889766693115 -90.30 0.00 -146.04 0.89 312 214 0
57207 52.486019134521 -1.889766693115 -90.20 0.00 -146.04 0.89 317 214 0
57408 52.486019134521 -1.889766693115 -90.10 0.00 -146.04 0.89 311 212 0
57590 52.486019134521 -1.889766693115 -90.20 0.00 -146.04 0.89 309 212 0
57772 52.486019134521 -1.889766693115 -90.00 0.00 -146.04 1.34 311 212 0
57955 52.486019134521 -1.889766693115 -89.80 0.00 -146.04 1.34 314 214 0
58136 52.486019134521 -1.889766693115 -90.10 0.00 -146.04 1.34 312 214 0
58318 52.486019134521 -1.889766693115 -90.20 0.00 -145.69 1.34 317 214 0
58499 52.486019134521 -1.889766693115 -90.10 0.00 -145.69 1.34 309 212 0
58700 52.486019134521 -1.889766693115 -89.90 0.00 -145.69 1.34 309 212 0
58884 52.486019134521 -1.889766693115 -90.00 0.00 -145.69 1.34 317 212 0
59064 52.486019134521 -1.889766693115 -89.90 0.00 -146.04 1.34 312 213 0
59246 52.486019134521 -1.889766693115 -89.80 0.00 -145.69 1.34 315 214 0
59426 52.486019134521 -1.889766693115 -89.70 0.00 -145.69 1.34 312 212 0
59609 52.486019134521 -1.889766693115 -89.80 0.00 -145.69 1.34 309 212 0
59790 52.486019134521 -1.889766693115 -90.00 0.00 -145.69 1.34 311 212 0
59994 52.485980987548 -1.889760017395 -89.70 0.00 -147.10 1.34 314 214 0
60174 52.485980987548 -1.889760017395 -89.20 0.00 -147.80 1.34 315 214 0
60355 52.485980987548 -1.889760017395 -89.00 0.00 -148.15 1.34 311 212 0
60536 52.485980987548 -1.889760017395 -88.70 0.00 -148.15 1.34 312 212 0
60719 52.485980987548 -1.889760017395 -88.10 0.00 -148.15 1.34 309 212 0
60902 52.485980987548 -1.889760017395 -86.90 0.00 -148.50 1.34 317 214 0
61083 52.485980987548 -1.889760017395 -86.50 0.00 -148.50 1.34 312 213 0
61285 52.485980987548 -1.889760017395 -86.30 0.00 -148.50 1.34 312 214 0
61465 52.485980987548 -1.889760017395 -86.00 0.00 -148.50 1.34 311 212 0
61647 52.485980987548 -1.889760017395 -85.60 0.00 -148.50 1.34 309 212 0
61830 52.485980987548 -1.889760017395 -85.70 0.00 -148.50 1.34 309 212 0
62011 52.485961914062 -1.889763355255 -85.50 0.00 -148.50 1.34 317 214 0
62193 52.485961914062 -1.889763355255 -84.30 0.00 -148.50 1.34 312 214 0
62373 52.485961914062 -1.889763355255 -83.40 0.00 -148.50 1.34 311 212 0
62575 52.485961914062 -1.889763355255 -83.20 0.00 -148.50 1.34 311 212 0
62757 52.485961914062 -1.889763355255 -82.90 0.00 -148.50 1.34 309 212 0
62940 52.485961914062 -1.889763355255 -82.20 0.00 -148.50 1.34 317 214 0
63121 52.485961914062 -1.889763355255 -81.70 0.00 -148.50 1.34 314 214 0
63303 52.485961914062 -1.889763355255 -81.50 0.00 -148.50 1.34 315 214 0
63483 52.485961914062 -1.889763355255 -81.10 0.00 -148.50 1.34 311 212 0
63666 52.485961914062 -1.889763355255 -81.30 0.00 -148.50 1.34 309 212 0
63848 52.485961914062 -1.889763355255 -81.90 0.00 -148.50 1.34 311 212 0
64029 52.485961914062 -1.889763355255 -82.10 0.00 -148.50 1.34 314 214 0
64211 52.485961914062 -1.889763355255 -82.10 0.00 -148.50 1.34 315 214 0
64392 52.485961914062 -1.889763355255 -82.10 0.00 -148.50 1.34 311 212 0
64574 52.485961914062 -1.889763355255 -81.80 0.00 -148.50 1.34 309 212 0
64719 52.485961914062 -1.889763355255 -81.50 0.00 -148.50 1.34 221 318 1
64882 52.485961914062 -1.889763355255 -81.20 0.00 -148.50 1.34 221 318 1
65043 52.485961914062 -1.889763355255 -80.90 0.00 -148.50 1.34 221 318 1
65205 52.485961914062 -1.889763355255 -80.40 0.00 -148.50 1.34 221 318 1
65366 52.485961914062 -1.889763355255 -79.80 0.00 -148.50 1.34 219 318 1
65526 52.485961914062 -1.889763355255 -79.70 0.00 -148.50 1.34 219 318 1
65688 52.485961914062 -1.889763355255 -80.00 0.00 -148.50 1.34 219 318 1
65851 52.485961914062 -1.889763355255 -80.10 0.00 -148.50 1.34 219 318 1
66013 52.485969543457 -1.889746665954 -80.10 0.00 -148.50 1.34 219 318 1
66173 52.485969543457 -1.889746665954 -79.50 0.00 -148.50 1.34 219 318 1
66335 52.485969543457 -1.889746665954 -79.20 0.00 -148.50 1.34 219 318 1
66496 52.485969543457 -1.889746665954 -79.20 0.00 -148.50 1.34 219 318 1
66657 52.485969543457 -1.889746665954 -79.20 0.00 -148.50 1.34 219 318 1
66820 52.485969543457 -1.889746665954 -79.20 0.00 -148.50 0.89 219 318 1
66981 52.485973358154 -1.889743328094 -80.10 0.00 -148.50 0.89 219 318 1
67142 52.485973358154 -1.889743328094 -80.70 0.00 -148.50 0.89 219 318 1
67304 52.485973358154 -1.889743328094 -80.70 0.00 -147.80 0.89 221 318 1
67465 52.485973358154 -1.889743328094 -80.90 0.00 -147.80 0.89 219 318 1
67625 52.485973358154 -1.889743328094 -82.00 0.00 -147.45 0.89 219 318 1
67788 52.485973358154 -1.889743328094 -81.90 0.00 -146.74 0.89 221 318 1
67950 52.485977172851 -1.889735031127 -82.10 0.00 -146.39 0.89 221 316 1
68111 52.485977172851 -1.889735031127 -82.70 0.00 -147.10 0.89 221 316 1
68273 52.485977172851 -1.889735031127 -82.20 0.00 -147.80 0.89 221 318 1
68433 52.485977172851 -1.889735031127 -82.00 0.00 -146.74 0.89 221 318 1
68595 52.485977172851 -1.889735031127 -82.90 0.00 -146.04 0.89 221 316 1
68756 52.485977172851 -1.889735031127 -83.90 0.00 -146.04 0.89 221 316 1
68919 52.485977172851 -1.889735031127 -84.80 0.00 -146.04 0.89 224 316 1
69081 52.485977172851 -1.889735031127 -84.90 0.00 -146.04 0.00 224 316 1
69241 52.485977172851 -1.889735031127 -85.40 0.00 -143.93 0.00 297 316 1
69402 52.485977172851 -1.889735031127 -86.40 0.00 -142.17 0.00 297 313 1
69563 52.485977172851 -1.889735031127 -83.90 0.00 -142.52 0.00 299 312 1
69725 52.485977172851 -1.889735031127 -80.60 0.00 -141.11 0.00 297 312 1
69888 52.485977172851 -1.889735031127 -80.00 0.00 -140.76 0.00 293 312 1
70048 52.485977172851 -1.889735031127 -81.50 0.00 -167.51 0.00 293 311 1
70210 52.485977172851 -1.889735031127 -82.40 0.00 175.25 0.00 295 337 1
70371 52.485977172851 -1.889735031127 -81.80 0.00 -178.06 0.00 295 344 1
70532 52.485977172851 -1.889735031127 -81.10 0.00 -178.06 0.00 295 347 1
70693 52.485977172851 -1.889735031127 -80.60 0.00 -177.36 0.00 295 347 1
70856 52.485977172851 -1.889735031127 -80.50 0.00 -177.36 0.00 293 345 1
71017 52.485977172851 -1.889735031127 -80.20 0.00 -177.36 0.00 293 345 1
71179 52.485977172851 -1.889735031127 -80.50 0.00 -177.01 0.00 293 345 1
71341 52.485977172851 -1.889735031127 -80.80 0.00 -176.66 0.89 293 345 1
71501 52.485977172851 -1.889735031127 -81.00 0.00 -177.01 0.89 238 345 1
71662 52.485977172851 -1.889735031127 -80.00 0.00 -178.06 0.89 238 345 1
71825 52.485977172851 -1.889735031127 -81.10 0.00 -178.06 0.89 238 347 1
71987 52.485996246337 -1.889755058288 -83.40 0.00 -178.77 0.89 238 347 1
72147 52.485996246337 -1.889755058288 -85.00 0.00 -179.82 0.89 242 347 1
72310 52.485996246337 -1.889755058288 -86.30 0.00 -179.82 0.89 247 348 1
72470 52.485996246337 -1.889755058288 -88.90 0.00 -179.82 0.89 249 348 1
72632 52.485996246337 -1.889755058288 -94.20 0.00 179.82 0.89 253 348 1
72794 52.485996246337 -1.889755058288 -102.40 0.00 -179.47 0.89 261 348 1
72956 52.486000061035 -1.889756679534 -110.10 0.00 -179.47 0.89 274 348 1
73117 52.486000061035 -1.889756679534 -116.60 0.00 -179.47 0.89 289 348 1
73279 52.486000061035 -1.889756679534 -120.00 0.00 -177.36 0.89 299 348 1
73439 52.486000061035 -1.889756679534 -122.20 0.00 -164.69 0.89 303 345 1
73601 52.486000061035 -1.889756679534 -122.90 0.00 -152.38 1.79 297 333 1
73762 52.486000061035 -1.889756679534 -123.30 0.00 -140.41 1.79 287 322 1
73925 52.486000061035 -1.889756679534 -124.00 0.00 -136.89 1.79 276 311 1
74086 52.486000061035 -1.889756679534 -127.00 0.00 -134.78 1.79 274 306 1
74248 52.486000061035 -1.889756679534 -130.00 0.00 -133.72 1.79 278 305 1
74407 52.486000061035 -1.889756679534 -132.80 0.00 -131.26 1.79 282 304 1
74569 52.486000061035 -1.889756679534 -135.90 0.00 -127.74 1.79 284 302 1
74731 52.486000061035 -1.889756679534 -138.80 0.00 -123.52 1.79 289 298 1
74894 52.486000061035 -1.889756679534 -141.80 0.00 -122.11 1.79 289 294 1
75055 52.486000061035 -1.889756679534 -143.50 0.00 -120.00 1.79 293 293 1
75216 52.486000061035 -1.889756679534 -144.40 0.00 -118.94 1.79 295 290 1
75377 52.486000061035 -1.889756679534 -145.10 0.00 -118.94 1.79 295 290 1
75538 52.486000061035 -1.889756679534 -145.70 0.00 -118.94 1.79 297 290 1
75700 52.486000061035 -1.889756679534 -146.30 0.00 -118.24 1.79 297 290 1
75863 52.486000061035 -1.889756679534 -147.40 0.00 -117.18 2.68 299 290 1
76023 52.486000061035 -1.889756679534 -148.20 0.00 -116.13 2.68 299 288 1
76185 52.486000061035 -1.889756679534 -149.00 0.00 -112.61 2.68 299 287 1
76346 52.486000061035 -1.889756679534 -149.80 0.00 -109.79 2.68 297 283 1
76507 52.486000061035 -1.889756679534 -151.20 0.00 -105.92 2.68 297 280 1
76668 52.486000061035 -1.889756679534 -154.10 0.00 -104.16 2.68 295 277 1
76831 52.486000061035 -1.889756679534 -157.80 0.00 -103.46 2.68 299 276 1
76993 52.485984802246 -1.889756679534 -161.50 0.00 -102.76 2.68 305 275 1
77154 52.485984802246 -1.889756679534 -164.80 0.00 -101.00 2.68 310 275 1
77316 52.485984802246 -1.889756679534 -166.80 0.00 -100.65 2.68 314 272 1
77475 52.485984802246 -1.889756679534 -167.00 0.00 -100.65 2.68 318 272 1
77637 52.485984802246 -1.889756679534 -166.10 0.00 -103.81 2.68 318 272 1
77799 52.485984802246 -1.889756679534 -166.00 0.00 -105.57 2.68 318 275 1
77962 52.485984802246 -1.889756679534 -165.30 0.00 -104.52 1.79 320 277 1
78123 52.485984802246 -1.889756679534 -165.90 0.00 -104.52 1.79 318 276 1
78284 52.485984802246 -1.889756679534 -165.10 0.00 -104.87 1.79 320 276 1
78445 52.485984802246 -1.889756679534 -164.20 0.00 -104.52 1.79 318 276 1
78606 52.485984802246 -1.889756679534 -161.80 0.00 -104.16 1.79 316 276 1
78768 52.485984802246 -1.889756679534 -158.70 0.00 -103.46 1.79 312 276 1
78930 52.485984802246 -1.889756679534 -157.50 0.00 -103.11 1.79 305 275 1
79091 52.485984802246 -1.889756679534 -158.20 0.00 -102.40 1.79 305 275 1
79253 52.485984802246 -1.889756679534 -160.10 0.00 -102.76 1.79 305 275 1
79414 52.485984802246 -1.889756679534 -159.10 0.00 -102.05 1.79 308 275 1
79575 52.485984802246 -1.889756679534 -158.70 0.00 -101.70 1.79 305 275 1
79736 52.485984802246 -1.889756679534 -157.20 0.00 -100.29 1.79 305 273 1
79899 52.485984802246 -1.889756679534 -156.20 0.00 -101.35 1.79 301 272 1
80060 52.485984802246 -1.889756679534 -155.10 0.00 -101.70 1.79 301 273 1
80222 52.485984802246 -1.889756679534 -153.10 0.00 -101.70 1.34 299 273 1
80382 52.485984802246 -1.889756679534 -152.80 0.00 -101.35 1.34 295 273 1
80544 52.485984802246 -1.889756679534 -153.50 0.00 -100.65 1.34 295 273 1
80705 52.485984802246 -1.889756679534 -153.40 0.00 -100.65 1.34 295 272 1
80868 52.485984802246 -1.889756679534 -151.40 0.00 -99.94 1.34 295 272 1
81029 52.485984802246 -1.889756679534 -149.90 0.00 -99.59 1.34 291 270 1
81190 52.485984802246 -1.889756679534 -149.50 0.00 -98.53 1.34 289 270 1
81351 52.485984802246 -1.889756679534 -150.50 0.00 -96.42 1.34 287 270 1
81513 52.485984802246 -1.889756679534 -148.90 0.00 -97.13 1.34 287 268 1
81674 52.485984802246 -1.889756679534 -148.90 0.00 -97.83 1.34 284 269 1
81838 52.485984802246 -1.889756679534 -149.90 0.00 -97.48 1.34 284 269 1
81998 52.485984802246 -1.889756679534 -151.30 0.00 -97.13 1.34 287 269 1
82159 52.485984802246 -1.889756679534 -151.00 0.00 -95.37 1.34 289 269 1
82321 52.485984802246 -1.889756679534 -150.80 0.00 -93.61 1.34 287 268 1
82482 52.485984802246 -1.889756679534 -153.50 0.00 -85.87 1.79 284 265 1
82846 52.485984802246 -1.889756679534 -159.70 0.00 -83.75 1.79 282 258 1
83007 52.485984802246 -1.889756679534 -162.80 0.00 -80.94 1.79 291 255 1
83169 52.485984802246 -1.889756679534 -166.90 0.00 -78.48 1.79 295 252 1
83330 52.485984802246 -1.889756679534 -170.00 0.00 -76.01 1.79 299 251 1
83490 52.485984802246 -1.889756679534 -171.60 0.00 -74.96 1.79 303 250 1
83652 52.485984802246 -1.889756679534 -171.70 0.00 -74.25 1.79 305 247 1
83815 52.485984802246 -1.889756679534 -170.90 0.00 -72.49 1.79 303 247 1
83976 52.485958099365 -1.889731597900 -170.00 0.00 -69.68 1.79 301 245 1
84137 52.485958099365 -1.889731597900 -166.50 0.00 -71.09 1.79 297 243 1
84299 52.485958099365 -1.889731597900 -164.40 0.00 -72.49 1.79 293 244 1
84459 52.485958099365 -1.889731597900 -163.20 0.00 -73.55 1.79 289 245 1
84621 52.485958099365 -1.889731597900 -161.20 0.00 -75.66 1.79 289 245 1
84783 52.485958099365 -1.889731597900 -159.40 0.00 -73.90 1.34 287 248 1
84945 52.485950469970 -1.889723300933 -156.40 0.00 -75.31 1.34 282 245 1
85106 52.485950469970 -1.889723300933 -155.50 0.00 -74.60 1.34 278 248 1
85268 52.485950469970 -1.889723300933 -156.30 0.00 -76.72 1.34 276 247 1
85429 52.485950469970 -1.889723300933 -156.80 0.00 -77.07 1.34 278 250 1
85590 52.485950469970 -1.889723300933 -155.00 0.00 -78.48 1.34 280 250 1
85751 52.485950469970 -1.889723300933 -156.00 0.00 -79.88 1.34 278 251 1
85914 52.485950469970 -1.889723300933 -157.20 0.00 -79.88 1.34 280 252 1
86075 52.485950469970 -1.889723300933 -160.90 0.00 -77.77 1.34 282 252 1
86237 52.485950469970 -1.889723300933 -158.10 0.00 -80.59 1.34 289 250 1
86397 52.485950469970 -1.889723300933 -158.70 0.00 -78.48 1.34 284 252 1
86558 52.485950469970 -1.889723300933 -159.90 0.00 -78.12 1.34 284 251 1
86720 52.485950469970 -1.889723300933 -164.00 0.00 -76.36 1.34 287 251 1
86883 52.485950469970 -1.889723300933 -166.30 0.00 -81.29 1.34 293 250 1
87044 52.485950469970 -1.889723300933 -171.10 0.00 -81.29 0.89 301 254 1
87205 52.485950469970 -1.889723300933 -176.80 0.00 -81.29 0.89 308 254 1
87366 52.485950469970 -1.889723300933 178.50 0.00 -81.64 0.89 318 254 1
87528 52.485950469970 -1.889723300933 178.80 0.00 -79.88 0.89 326 254 1
87689 52.485950469970 -1.889723300933 179.60 0.00 -77.07 0.89 324 252 1
87852 52.485950469970 -1.889723300933 -178.60 0.00 -76.72 0.89 320 250 1
88013 52.485950469970 -1.889723300933 -177.60 0.00 -75.31 0.89 318 250 1
88174 52.485950469970 -1.889723300933 -174.70 0.00 -76.72 0.89 314 248 1
88335 52.485950469970 -1.889723300933 -175.10 0.00 -75.31 0.89 310 250 1
88497 52.485950469970 -1.889723300933 -176.30 0.00 -75.66 0.89 310 248 1
88657 52.485950469970 -1.889723300933 -178.60 0.00 -75.66 0.89 312 248 1
88820 52.485950469970 -1.889723300933 -177.80 0.00 -75.31 0.89 316 248 1
88982 52.485927581787 -1.889701747894 -177.50 0.00 -76.01 0.89 314 248 1
89143 52.485927581787 -1.889701747894 -176.20 0.00 -74.25 0.89 400 250 1
89305 52.485927581787 -1.889701747894 -176.80 0.00 -74.96 0.45 398 247 1
89465 52.485927581787 -1.889701747894 -175.30 0.00 -78.48 0.45 400 247 1
89626 52.485927581787 -1.889701747894 -174.90 0.00 -76.01 0.45 400 251 1
89788 52.485927581787 -1.889701747894 -175.80 0.00 -76.36 0.45 398 250 1
89951 52.485927581787 -1.889701747894 -176.30 0.00 -73.90 0.45 398 250 1
90112 52.485927581787 -1.889701747894 -170.40 0.00 -105.57 0.45 398 245 1
90273 52.485927581787 -1.889701747894 -163.00 0.00 -93.61 0.45 404 277 1
90434 52.485927581787 -1.889701747894 -154.40 0.00 -96.42 0.45 396 265 1
90595 52.485927581787 -1.889701747894 -146.60 0.00 -99.94 0.45 387 268 1
90757 52.485927581787 -1.889701747894 -139.70 0.00 -109.44 0.45 381 270 1
90919 52.485927581787 -1.889701747894 -130.80 0.00 -112.96 0.45 377 280 1
91080 52.485927581787 -1.889701747894 -123.70 0.00 -115.07 0.45 368 283 1
91242 52.485927581787 -1.889701747894 -117.60 0.00 -117.54 0.45 358 287 1
91403 52.485927581787 -1.889701747894 -113.80 0.00 -123.52 0.45 352 288 1
91565 52.485927581787 -1.889701747894 -108.30 0.00 -125.28 0.89 350 294 1
91725 52.485927581787 -1.889701747894 -103.40 0.00 -131.61 0.89 341 295 1
91888 52.485927581787 -1.889701747894 -97.40 0.00 -133.37 0.89 339 302 1
92050 52.485927581787 -1.889701747894 -93.80 0.00 -141.82 0.89 331 304 1
92211 52.485927581787 -1.889701747894 -90.80 0.00 -154.49 0.89 331 312 1
92371 52.485927581787 -1.889701747894 -85.90 0.00 -157.65 0.89 337 325 1
92532 52.485927581787 -1.889701747894 -83.70 0.00 -157.65 0.89 331 327 1
92694 52.485927581787 -1.889701747894 -82.50 0.00 -158.36 0.89 326 327 1
92857 52.485927581787 -1.889701747894 -82.20 0.00 -158.71 0.89 326 327 1
93018 52.485927581787 -1.889701747894 -80.80 0.00 -161.52 0.89 326 327 1
93179 52.485927581787 -1.889701747894 -81.00 0.00 -162.58 0.89 326 330 1
93340 52.485927581787 -1.889701747894 -80.80 0.00 -166.45 0.89 326 331 1
93501 52.485927581787 -1.889701747894 -81.00 0.00 -170.32 0.89 331 336 1
93663 52.485927581787 -1.889701747894 -81.40 0.00 -176.66 0.89 333 340 1
93826 52.485927581787 -1.889701747894 -79.20 0.00 179.82 1.34 339 345 1
93987 52.485881805419 -1.889663314819 -74.90 0.00 -170.67 1.34 339 348 1
94148 52.485881805419 -1.889663314819 -71.10 0.00 -174.90 1.34 322 340 1
94310 52.485881805419 -1.889663314819 -66.70 0.00 168.91 1.34 320 343 1
94471 52.485881805419 -1.889663314819 -62.70 0.00 164.69 1.34 326 337 1
94631 52.485881805419 -1.889663314819 -61.00 0.00 151.32 1.34 322 333 1
94793 52.485881805419 -1.889663314819 -59.00 0.00 115.07 1.34 333 320 1
94956 52.485881805419 -1.889663314819 -56.30 0.00 115.78 1.34 360 287 1
95117 52.485881805419 -1.889663314819 -51.90 0.00 119.30 1.34 354 287 1
95279 52.485881805419 -1.889663314819 -49.30 0.00 122.46 1.34 343 290 1
95439 52.485881805419 -1.889663314819 -46.50 0.00 124.93 1.34 337 293 1
95601 52.485881805419 -1.889663314819 -44.40 0.00 119.65 1.34 331 295 1
95762 52.485881805419 -1.889663314819 -44.80 0.00 117.18 1.34 331 290 1
95925 52.485881805419 -1.889663314819 -45.70 0.00 115.43 1.34 333 288 1
96086 52.485881805419 -1.889663314819 -42.10 0.00 116.48 0.89 337 287 1
96247 52.485881805419 -1.889663314819 -39.20 0.00 115.43 0.89 329 287 1
96408 52.485881805419 -1.889663314819 -36.00 0.00 124.93 0.89 324 287 1
96570 52.485881805419 -1.889663314819 -34.20 0.00 137.24 0.89 312 295 1
96731 52.485881805419 -1.889663314819 -32.00 0.00 128.09 0.89 299 308 1
96894 52.485881805419 -1.889663314819 -29.10 0.00 144.99 0.89 303 300 1
97055 52.485881805419 -1.889663314819 -27.80 0.00 148.50 0.89 282 315 1
97216 52.485881805419 -1.889663314819 -29.50 0.00 137.24 0.89 280 318 1
97377 52.485881805419 -1.889663314819 -27.70 0.00 105.57 0.89 291 308 1
97539 52.485881805419 -1.889663314819 -25.20 0.00 117.89 0.89 314 277 1
97700 52.485881805419 -1.889663314819 -22.30 0.00 116.83 0.89 299 288 1
97863 52.485881805419 -1.889663314819 -20.60 0.00 117.18 0.89 295 287 1
98024 52.485881805419 -1.889663314819 -17.00 0.00 117.89 0.89 293 288 1
98185 52.485881805419 -1.889663314819 -15.10 0.00 129.85 0.89 284 288 1
98347 52.485881805419 -1.889663314819 -15.50 0.00 136.19 1.34 272 300 1
98507 52.485881805419 -1.889663314819 -16.60 0.00 116.13 1.34 270 306 1
98669 52.485881805419 -1.889663314819 -14.60 0.00 98.53 1.34 287 287 1
98832 52.485881805419 -1.889663314819 -15.20 0.00 98.89 1.34 297 270 1
98993 52.485893249511 -1.889631748199 -15.60 0.00 116.83 1.34 299 270 1
99154 52.485893249511 -1.889631748199 -17.10 0.00 120.35 1.34 282 287 1
99315 52.485893249511 -1.889631748199 -17.50 0.00 114.37 1.34 282 291 1
99476 52.485893249511 -1.889631748199 -18.80 0.00 115.78 1.34 289 286 1
99638 52.485893249511 -1.889631748199 -24.00 0.00 115.78 1.34 291 287 1
99800 52.485893249511 -1.889631748199 -31.10 0.00 118.59 1.34 299 287 1
99962 52.485900878906 -1.889623451232 -34.00 0.00 118.24 1.34 308 290 1
100123 52.485900878906 -1.889623451232 -36.60 0.00 120.00 1.34 314 290 1
100285 52.485900878906 -1.889623451232 -38.80 0.00 120.70 1.34 316 290 1
100445 52.485900878906 -1.889623451232 -43.00 0.00 130.91 1.34 320 291 1
100606 52.485900878906 -1.889623451232 -44.50 0.00 121.41 0.89 318 301 1
100768 52.485900878906 -1.889623451232 -46.80 0.00 123.17 0.89 329 293 1
100931 52.485900878906 -1.889623451232 -48.90 0.00 138.65 0.89 333 294 1
101092 52.485900878906 -1.889623451232 -52.40 0.00 137.60 0.89 322 308 1
101253 52.485900878906 -1.889623451232 -53.30 0.00 135.48 0.89 329 308 1
101413 52.485900878906 -1.889623451232 -53.70 0.00 128.45 0.89 333 305 1
101575 52.485900878906 -1.889623451232 -53.80 0.00 116.13 0.89 339 300 1
101737 52.485900878906 -1.889623451232 -56.30 0.00 122.82 0.89 350 287 1
101900 52.485900878906 -1.889623451232 -56.40 0.00 111.55 0.89 350 293 1
102061 52.485900878906 -1.889623451232 -54.40 0.00 114.37 0.89 358 283 1
102221 52.485900878906 -1.889623451232 -55.00 0.00 120.35 0.89 352 286 1
102383 52.485900878906 -1.889623451232 -56.80 0.00 123.52 0.89 347 291 1
102544 52.485900878906 -1.889623451232 -56.10 0.00 114.02 0.89 350 294 1
102706 52.485900878906 -1.889623451232 -55.90 0.00 120.70 0.89 356 286 1
102868 52.485900878906 -1.889623451232 -57.00 0.00 128.45 0.89 350 291 1
103029 52.485900878906 -1.889623451232 -60.20 0.00 126.33 0.89 345 300 1
103191 52.485900878906 -1.889623451232 -60.40 0.00 124.57 0.89 352 297 1
103352 52.485900878906 -1.889623451232 -61.50 0.00 127.04 0.89 354 295 1
103513 52.485900878906 -1.889623451232 -63.60 0.00 124.93 0.89 354 298 1
103674 52.485900878906 -1.889623451232 -66.80 0.00 123.87 0.89 358 295 1
103837 52.485900878906 -1.889623451232 -65.10 0.00 113.67 0.89 364 294 1
103998 52.485900878906 -1.889623451232 -63.80 0.00 117.54 0.89 368 284 1
104160 52.485900878906 -1.889623451232 -65.10 0.00 120.35 0.89 364 288 1
104321 52.485900878906 -1.889623451232 -70.70 0.00 118.24 0.89 364 291 1
104481 52.485900878906 -1.889623451232 -72.90 0.00 89.38 0.89 375 290 1
104643 52.485900878906 -1.889623451232 -78.20 0.00 115.43 0.89 394 262 1
104806 52.485900878906 -1.889623451232 -85.80 0.00 127.04 0.89 385 287 1
104968 52.485923767089 -1.889566612243 -87.10 0.00 137.95 0.89 387 298 1
105128 52.485923767089 -1.889566612243 -89.50 0.00 130.21 0.89 383 308 1
105290 52.485923767089 -1.889566612243 -89.60 0.00 130.91 0.89 389 301 1
105450 52.485923767089 -1.889566612243 -88.40 0.00 130.21 0.89 389 301 1
105612 52.485923767089 -1.889566612243 -83.40 0.00 128.45 0.89 389 301 1
105774 52.485923767089 -1.889566612243 -74.40 0.00 127.74 0.89 383 300 1
105936 52.485927581787 -1.889556694030 -64.30 0.00 125.28 0.89 373 298 1
106097 52.485927581787 -1.889556694030 -55.20 0.00 106.28 0.89 360 295 1
106259 52.485927581787 -1.889556694030 -48.30 0.00 101.35 0.89 360 277 1
106419 52.485927581787 -1.889556694030 -43.70 0.00 116.83 0.89 354 273 1
106580 52.485927581787 -1.889556694030 -38.60 0.00 117.54 0.89 333 287 1
106742 52.485927581787 -1.889556694030 -33.50 0.00 118.59 0.89 322 288 1
106905 52.485927581787 -1.889556694030 -28.60 0.00 116.13 0.89 312 290 1
107066 52.485927581787 -1.889556694030 -24.50 0.00 111.91 0.89 305 287 1
107228 52.485927581787 -1.889556694030 -22.90 0.00 106.28 0.89 303 283 1
107388 52.485927581787 -1.889556694030 -20.00 0.00 108.74 0.89 305 277 1
107549 52.485927581787 -1.889556694030 -18.00 0.00 104.87 0.89 299 280 1
107711 52.485927581787 -1.889556694030 -17.40 0.00 108.39 0.89 299 276 1
107874 52.485927581787 -1.889556694030 -17.30 0.00 110.15 0.89 295 280 1
108035 52.485927581787 -1.889556694030 -19.40 0.00 108.39 0.89 293 281 1
108196 52.485927581787 -1.889556694030 -21.10 0.00 107.33 0.89 297 280 1
108357 52.485927581787 -1.889556694030 -21.10 0.00 105.22 0.89 301 279 1
108518 52.485927581787 -1.889556694030 -21.70 0.00 106.63 0.89 303 277 1
108680 52.485927581787 -1.889556694030 -22.50 0.00 106.63 0.89 303 277 1
108843 52.485927581787 -1.889556694030 -24.10 0.00 106.63 0.89 305 277 1
109003 52.485927581787 -1.889556694030 -27.40 0.00 107.68 0.89 305 277 1
109165 52.485927581787 -1.889556694030 -30.20 0.00 107.33 0.89 312 279 1
109326 52.485927581787 -1.889556694030 -33.00 0.00 110.50 0.89 316 279 1
109487 52.485927581787 -1.889556694030 -35.30 0.00 108.39 0.45 318 281 1
109648 52.485927581787 -1.889556694030 -37.10 0.00 112.96 0.45 324 280 1
109811 52.485927581787 -1.889556694030 -36.90 0.00 102.76 0.45 324 283 1
109973 52.485954284667 -1.889529991149 -34.50 0.00 108.04 0.45 333 275 1
110134 52.485954284667 -1.889529991149 -33.60 0.00 111.91 0.45 226 280 1
110296 52.485954284667 -1.889529991149 -32.60 0.00 112.96 0.45 224 283 1
110456 52.485954284667 -1.889529991149 -33.10 0.00 111.91 0.45 221 283 1
110617 52.485954284667 -1.889529991149 -31.90 0.00 111.91 0.45 224 283 1
110779 52.485954284667 -1.889529991149 -30.70 0.00 105.57 0.45 221 283 1
110942 52.485954284667 -1.889529991149 -30.00 0.00 110.15 0.45 224 277 1
111102 52.485954284667 -1.889529991149 -30.90 0.00 108.74 0.45 221 281 1
111264 52.485954284667 -1.889529991149 -30.00 0.00 111.55 0.45 221 280 1
111425 52.485954284667 -1.889529991149 -28.70 0.00 114.37 0.45 219 283 1
111587 52.485954284667 -1.889529991149 -29.30 0.00 113.67 0.45 217 286 1
111748 52.485954284667 -1.889529991149 -30.40 0.00 119.30 0.45 217 284 1
111910 52.485954284667 -1.889529991149 -30.50 0.00 114.37 0.45 217 290 1
112072 52.485954284667 -1.889529991149 -30.20 0.00 112.96 0.45 219 286 1
112233 52.485954284667 -1.889529991149 -31.00 0.00 117.18 0.45 219 283 1
112394 52.485954284667 -1.889529991149 -32.40 0.00 113.31 0.45 217 288 1
112556 52.485954284667 -1.889529991149 -32.60 0.00 109.79 0.45 221 284 1
112716 52.485954284667 -1.889529991149 -37.70 0.00 110.50 0.45 224 280 1
112879 52.485954284667 -1.889529991149 -45.60 0.00 117.18 0.45 230 281 1
113040 52.485954284667 -1.889529991149 -52.50 0.00 127.74 0.45 234 288 1
113202 52.485954284667 -1.889529991149 -58.30 0.00 142.17 0.45 236 298 1
113362 52.485954284667 -1.889529991149 -62.40 0.00 162.93 0.45 236 312 1
113524 52.485954284667 -1.889529991149 -67.40 0.00 -169.62 0.45 228 331 1
113685 52.485954284667 -1.889529991149 -74.70 0.00 176.30 0.45 217 338 1
113849 52.485954284667 -1.889529991149 -78.40 0.00 179.12 0.45 234 345 1
114010 52.485954284667 -1.889529991149 -81.80 0.00 -163.99 0.89 238 348 1
114170 52.485954284667 -1.889529991149 -87.00 0.00 -162.23 0.89 230 333 1
114332 52.485954284667 -1.889529991149 -93.30 0.00 -159.41 0.89 236 331 1
114493 52.485954284667 -1.889529991149 -97.00 0.00 -140.41 0.89 242 329 1
114655 52.485954284667 -1.889529991149 -100.90 0.00 -136.19 0.89 236 311 1
114817 52.485954284667 -1.889529991149 -106.20 0.00 -132.32 0.89 238 306 1
114978 52.486000061035 -1.889486694335 -112.90 0.00 -128.09 0.89 242 302 1
115140 52.486000061035 -1.889486694335 -119.60 0.00 -122.82 0.89 249 300 1
115302 52.486000061035 -1.889486694335 -123.60 0.00 -113.67 0.89 255 293 1
115462 52.486000061035 -1.889486694335 -129.30 0.00 -108.39 0.89 255 284 1
115623 52.486000061035 -1.889486694335 -136.00 0.00 -104.52 0.89 259 280 1
115785 52.486000061035 -1.889486694335 -143.40 0.00 -102.05 0.89 268 276 1
115948 52.486003875732 -1.889481639862 -149.10 0.00 -98.89 0.89 278 275 1
116109 52.486003875732 -1.889481639862 -154.20 0.00 -91.50 0.89 287 270 1
116271 52.486003875732 -1.889481639862 -158.60 0.00 -82.70 1.34 289 263 1
116430 52.486003875732 -1.889481639862 -162.30 0.00 -76.01 1.34 289 255 1
116592 52.486003875732 -1.889481639862 -162.40 0.00 -77.77 1.34 289 250 1
116754 52.486003875732 -1.889481639862 -160.60 0.00 -83.75 1.34 291 250 1
116917 52.486003875732 -1.889481639862 -160.40 0.00 -83.75 1.34 293 255 1
117078 52.486003875732 -1.889481639862 -163.20 0.00 -77.77 1.34 293 255 1
117239 52.486003875732 -1.889481639862 -166.30 0.00 -79.18 1.34 293 250 1
117399 52.486003875732 -1.889481639862 -169.60 0.00 -79.18 1.34 299 252 1
117561 52.486003875732 -1.889481639862 -171.90 0.00 -79.18 1.34 305 252 1
117723 52.486003875732 -1.889481639862 -175.60 0.00 -77.07 1.34 308 252 1
117885 52.486003875732 -1.889481639862 -179.10 0.00 -77.42 1.34 312 250 1
118046 52.486003875732 -1.889481639862 178.10 0.00 -79.53 1.34 318 250 1
118208 52.486003875732 -1.889481639862 177.40 0.00 -79.53 1.34 326 252 1
118369 52.486003875732 -1.889481639862 178.90 0.00 -83.05 1.34 326 252 1
118530 52.486003875732 -1.889481639862 -178.80 0.00 -82.70 2.24 326 255 1
118691 52.486003875732 -1.889481639862 -176.10 0.00 -84.81 2.24 322 255 1
118854 52.486003875732 -1.889481639862 -174.10 0.00 -84.81 2.24 320 256 1
119015 52.486003875732 -1.889481639862 -173.50 0.00 -86.22 2.24 316 256 1
119177 52.486003875732 -1.889481639862 -170.90 0.00 -85.87 2.24 316 258 1
119337 52.486003875732 -1.889481639862 -168.80 0.00 -88.33 2.24 312 258 1
119498 52.486003875732 -1.889481639862 -167.60 0.00 -86.92 2.24 310 261 1
119660 52.486003875732 -1.889481639862 -167.30 0.00 -88.68 2.24 305 258 1
119822 52.486003875732 -1.889481639862 -163.40 0.00 -90.44 2.24 308 261 1
119985 52.486003875732 -1.889459991455 -161.00 0.00 -90.79 2.24 303 262 1
120145 52.486003875732 -1.889459991455 -158.80 0.00 -91.85 2.24 299 262 1
120307 52.486003875732 -1.889459991455 -159.50 0.00 -92.90 2.24 297 263 1
120467 52.486003875732 -1.889459991455 -156.60 0.00 -96.77 2.24 299 265 1
120629 52.486003875732 -1.889459991455 -155.90 0.00 -96.07 2.24 297 268 1
120791 52.486003875732 -1.889459991455 -156.30 0.00 -95.01 1.79 295 268 1
120953 52.486003875732 -1.889459991455 -158.50 0.00 -92.90 1.79 295 268 1
121114 52.486003875732 -1.889459991455 -158.60 0.00 -92.90 1.79 297 265 1
121276 52.486003875732 -1.889459991455 -157.90 0.00 -92.55 1.79 297 265 1
121436 52.486003875732 -1.889459991455 -156.80 0.00 -91.50 1.79 295 265 1
121597 52.486003875732 -1.889459991455 -158.10 0.00 -87.27 1.79 293 263 1
121759 52.486003875732 -1.889459991455 -157.20 0.00 -88.33 1.79 291 259 1
121922 52.486003875732 -1.889459991455 -161.20 0.00 -88.33 1.79 291 261 1
122083 52.486003875732 -1.889459991455 -166.50 0.00 -87.98 1.79 297 261 1
122245 52.486003875732 -1.889459991455 -172.60 0.00 -82.70 1.79 305 259 1
122405 52.486003875732 -1.889459991455 -173.40 0.00 -80.94 1.79 312 255 1
122566 52.486003875732 -1.889459991455 -174.60 0.00 -80.59 1.79 312 252 1
122728 52.486003875732 -1.889459991455 -174.10 0.00 -78.48 1.79 314 252 1
122891 52.486003875732 -1.889459991455 -174.80 0.00 -80.23 1.79 310 251 1
123052 52.486003875732 -1.889459991455 -171.70 0.00 -81.64 1.79 314 252 1
123213 52.486003875732 -1.889459991455 -169.60 0.00 -81.99 1.79 310 254 1
123374 52.486003875732 -1.889459991455 -169.70 0.00 -83.40 1.79 305 254 1
123535 52.486003875732 -1.889459991455 -172.00 0.00 -83.75 1.79 308 255 1
123697 52.486003875732 -1.889459991455 -171.90 0.00 -84.11 1.79 312 255 1
123859 52.486003875732 -1.889459991455 -171.10 0.00 -81.64 1.79 312 256 1
124020 52.486003875732 -1.889459991455 -168.30 0.00 -79.88 1.79 308 254 1
124182 52.486003875732 -1.889459991455 -167.00 0.00 -77.07 1.79 303 252 1
124343 52.486003875732 -1.889459991455 -164.00 0.00 -77.42 1.79 299 250 1
124505 52.486003875732 -1.889459991455 -161.50 0.00 -77.77 1.79 293 250 1
124665 52.486003875732 -1.889459991455 -159.90 0.00 -77.42 1.79 289 250 1
124828 52.486003875732 -1.889459991455 -160.10 0.00 -78.12 1.79 287 250 1
124990 52.485984802246 -1.889413356781 -157.90 0.00 -78.48 1.79 287 251 1
125151 52.485984802246 -1.889413356781 -157.60 0.00 -78.48 1.79 282 251 1
125313 52.485984802246 -1.889413356781 -155.80 0.00 -77.77 1.79 282 251 1
125473 52.485984802246 -1.889413356781 -155.90 0.00 -74.96 1.79 278 250 1
125634 52.485984802246 -1.889413356781 -156.20 0.00 -78.12 1.79 276 247 1
125796 52.485984802246 -1.889413356781 -156.20 0.00 -72.49 1.79 280 251 1
125959 52.485980987548 -1.889403343200 -159.30 0.00 -71.09 1.79 274 245 1
126119 52.485980987548 -1.889403343200 -164.90 0.00 -68.97 1.79 278 244 1
126281 52.485980987548 -1.889403343200 -169.10 0.00 -69.33 1.79 287 241 1
126442 52.485980987548 -1.889403343200 -171.10 0.00 -69.33 1.79 295 243 1
126603 52.485980987548 -1.889403343200 -171.60 0.00 -69.68 1.79 299 243 1
126765 52.485980987548 -1.889403343200 -172.50 0.00 -65.45 1.79 299 243 1
126927 52.485980987548 -1.889403343200 -172.80 0.00 -65.45 1.79 297 238 1
127088 52.485980987548 -1.889403343200 -169.50 0.00 -67.92 1.79 299 238 1
127250 52.485980987548 -1.889403343200 -166.80 0.00 -68.97 1.79 295 240 1
127411 52.485980987548 -1.889403343200 -165.50 0.00 -69.33 1.79 291 241 1
127575 52.485980987548 -1.889403343200 -164.90 0.00 -72.49 1.34 289 243 1
127735 52.485980987548 -1.889403343200 -162.00 0.00 -71.44 1.34 291 245 1
127899 52.485980987548 -1.889403343200 -160.70 0.00 -73.90 1.34 284 244 1
128060 52.485980987548 -1.889403343200 -159.40 0.00 -74.60 1.34 284 245 1
128221 52.485980987548 -1.889403343200 -158.00 0.00 -73.90 1.34 282 247 1
128381 52.485980987548 -1.889403343200 -157.00 0.00 -74.96 1.34 280 245 1
128543 52.485980987548 -1.889403343200 -156.40 0.00 -74.96 1.34 278 247 1
128704 52.485980987548 -1.889403343200 -158.00 0.00 -74.60 1.34 278 247 1
128868 52.485980987548 -1.889403343200 -159.10 0.00 -73.55 1.34 280 247 1
129029 52.485980987548 -1.889403343200 -157.20 0.00 -73.20 1.34 280 245 1
129189 52.485980987548 -1.889403343200 -156.60 0.00 -71.44 1.34 278 245 1
129350 52.485980987548 -1.889403343200 -156.50 0.00 -71.44 1.34 274 244 1
129512 52.485980987548 -1.889403343200 -156.30 0.00 -73.90 1.34 274 244 1
129674 52.485980987548 -1.889403343200 -159.00 0.00 -76.01 1.34 276 245 1
129837 52.485980987548 -1.889403343200 -165.70 0.00 -74.60 1.34 282 250 1
129997 52.485980987548 -1.889403343200 -175.50 0.00 -73.20 1.34 293 247 1
130158 52.485980987548 -1.889403343200 179.00 0.00 -74.96 1.34 308 245 1
130320 52.485980987548 -1.889403343200 172.80 0.00 -74.60 1.34 320 247 1
130481 52.485980987548 -1.889403343200 169.10 0.00 -74.60 1.34 331 247 1
130642 52.485980987548 -1.889403343200 166.50 0.00 -73.90 1.34 337 247 1
130804 52.485980987548 -1.889403343200 167.20 0.00 -74.60 1.34 341 245 1
130966 52.485946655273 -1.889379978179 167.90 0.00 -71.79 1.34 341 247 1
131128 52.485946655273 -1.889379978179 169.90 0.00 -72.14 1.34 406 244 1
131290 52.485946655273 -1.889379978179 171.80 0.00 -71.79 1.34 406 245 1
131449 52.485946655273 -1.889379978179 174.30 0.00 -71.44 1.34 406 244 1
131611 52.485946655273 -1.889379978179 -179.30 0.00 -70.38 1.34 404 244 1
131773 52.485946655273 -1.889379978179 -174.20 0.00 -70.38 1.34 400 243 1
131936 52.485946655273 -1.889379978179 -169.90 0.00 -70.03 1.34 396 243 1
132097 52.485946655273 -1.889379978179 -166.90 0.00 -70.38 0.45 389 243 1
132257 52.485946655273 -1.889379978179 -164.10 0.00 -70.03 0.45 387 243 1
132418 52.485946655273 -1.889379978179 -164.70 0.00 -68.97 0.45 383 243 1
132580 52.485946655273 -1.889379978179 -168.40 0.00 -69.33 0.45 383 241 1
132742 52.485946655273 -1.889379978179 -167.00 0.00 -68.62 0.45 387 243 1
132904 52.485946655273 -1.889379978179 -165.00 0.00 -70.03 0.45 387 241 1
133065 52.485946655273 -1.889379978179 -163.10 0.00 -68.62 0.45 385 243 1
133227 52.485946655273 -1.889379978179 -161.60 0.00 -66.86 0.45 381 241 1
133387 52.485946655273 -1.889379978179 -159.50 0.00 -68.62 0.45 379 240 1
133549 52.485946655273 -1.889379978179 -160.30 0.00 -68.62 0.45 377 241 1
133710 52.485946655273 -1.889379978179 -159.20 0.00 -62.99 0.45 379 241 1
133873 52.485946655273 -1.889379978179 -152.80 0.00 -79.88 0.45 373 236 1
134034 52.485946655273 -1.889379978179 -140.10 0.00 -92.90 0.45 375 252 1
134195 52.485946655273 -1.889379978179 -128.60 0.00 -101.00 0.45 366 265 1
134356 52.485946655273 -1.889379978179 -117.90 0.00 -114.72 0.89 356 272 1
134517 52.485946655273 -1.889379978179 -109.10 0.00 -127.04 0.89 350 286 1
134679 52.485946655273 -1.889379978179 -102.90 0.00 -136.19 0.89 345 298 1
134842 52.485946655273 -1.889379978179 -95.70 0.00 -140.76 0.89 341 306 1
135003 52.485946655273 -1.889379978179 -92.00 0.00 -144.28 0.89 333 311 1
135164 52.485946655273 -1.889379978179 -92.00 0.00 -147.10 0.89 331 315 1
135325 52.485946655273 -1.889379978179 -94.10 0.00 -148.86 0.89 333 318 1
135486 52.485946655273 -1.889379978179 -94.70 0.00 -149.56 0.89 337 318 1
135648 52.485946655273 -1.889379978179 -95.00 0.00 -149.91 0.89 339 319 1
135811 52.485946655273 -1.889379978179 -95.60 0.00 -149.56 0.89 341 319 1
135971 52.485904693603 -1.889349937438 -94.90 0.00 -149.91 0.89 341 319 1
136133 52.485904693603 -1.889349937438 -95.10 0.00 -150.97 0.89 339 319 1
136295 52.485904693603 -1.889349937438 -94.20 0.00 -151.32 0.89 341 320 1
136455 52.485904693603 -1.889349937438 -92.20 0.00 -153.08 0.89 339 320 1
136616 52.485904693603 -1.889349937438 -89.50 0.00 -155.89 0.89 339 323 1
136778 52.485904693603 -1.889349937438 -88.00 0.00 -157.65 0.89 335 325 1
136941 52.485897064208 -1.889348220825 -85.00 0.00 -159.41 0.89 335 327 1
137101 52.485897064208 -1.889348220825 -84.80 0.00 -161.17 0.89 331 329 1
137264 52.485897064208 -1.889348220825 -85.40 0.00 -164.69 0.89 333 330 1
137423 52.485897064208 -1.889348220825 -85.60 0.00 164.69 0.89 337 333 1
137585 52.485897064208 -1.889348220825 -81.90 0.00 130.91 0.89 362 333 1
137747 52.485897064208 -1.889348220825 -75.10 0.00 130.21 0.89 381 301 1
137910 52.485897064208 -1.889348220825 -66.90 0.00 131.96 0.89 373 301 1
138071 52.485897064208 -1.889348220825 -58.70 0.00 131.26 0.89 358 302 1
138231 52.485897064208 -1.889348220825 -52.70 0.00 130.91 0.89 345 302 1
138392 52.485897064208 -1.889348220825 -47.60 0.00 130.91 0.89 335 301 1
138554 52.485897064208 -1.889348220825 -44.90 0.00 131.61 0.89 326 301 1
138716 52.485897064208 -1.889348220825 -43.90 0.00 130.91 0.89 320 302 1
138878 52.485897064208 -1.889348220825 -43.10 0.00 129.50 0.89 320 301 1
139039 52.485897064208 -1.889348220825 -43.20 0.00 129.85 0.89 320 300 1
139201 52.485897064208 -1.889348220825 -42.80 0.00 130.21 0.89 320 300 1
139362 52.485897064208 -1.889348220825 -41.70 0.00 129.50 0.89 318 301 1
139523 52.485897064208 -1.889348220825 -39.80 0.00 129.15 0.89 318 300 1
139684 52.485897064208 -1.889348220825 -37.10 0.00 129.15 0.89 314 300 1
139847 52.485897064208 -1.889348220825 -35.50 0.00 129.15 0.89 310 300 1
140008 52.485897064208 -1.889348220825 -35.50 0.00 128.80 0.89 305 300 1
140170 52.485897064208 -1.889348220825 -36.80 0.00 128.80 0.89 305 300 1
140331 52.485897064208 -1.889348220825 -38.40 0.00 128.80 0.89 310 300 1
140491 52.485897064208 -1.889348220825 -40.20 0.00 128.80 0.89 312 300 1
140653 52.485897064208 -1.889348220825 -40.80 0.00 125.63 0.89 316 300 1
140816 52.485897064208 -1.889348220825 -43.70 0.00 126.33 0.89 318 295 1
140977 52.485877990722 -1.889313316345 -47.00 0.00 129.15 0.45 324 297 1
141138 52.485877990722 -1.889313316345 -53.50 0.00 131.26 0.45 326 300 1
141300 52.485877990722 -1.889313316345 -59.50 0.00 131.26 0.45 337 302 1
141460 52.485877990722 -1.889313316345 -61.60 0.00 128.09 0.45 347 302 1
141622 52.485877990722 -1.889313316345 -61.60 0.00 127.04 0.45 354 300 1
141784 52.485877990722 -1.889313316345 -60.30 0.00 125.63 0.45 354 298 1
141946 52.485877990722 -1.889313316345 -58.10 0.00 126.33 0.45 354 295 1
142107 52.485877990722 -1.889313316345 -57.00 0.00 125.63 0.45 350 297 1
142269 52.485877990722 -1.889313316345 -54.40 0.00 125.28 0.45 347 295 1
142429 52.485877990722 -1.889313316345 -52.70 0.00 123.52 0.45 343 295 1
142590 52.485877990722 -1.889313316345 -53.90 0.00 122.82 0.45 341 294 1
142752 52.485877990722 -1.889313316345 -55.10 0.00 124.22 0.45 345 293 1
142915 52.485877990722 -1.889313316345 -54.10 0.00 123.52 0.45 345 295 1
143076 52.485877990722 -1.889313316345 -53.70 0.00 121.76 0.45 345 294 1
143238 52.485877990722 -1.889313316345 -53.00 0.00 121.41 0.89 345 293 1
143398 52.485877990722 -1.889313316345 -53.90 0.00 118.59 0.89 343 293 1
143559 52.485877990722 -1.889313316345 -51.90 0.00 116.48 0.89 347 290 1
143721 52.485877990722 -1.889313316345 -51.80 0.00 114.37 0.89 347 287 1
143884 52.485877990722 -1.889313316345 -50.50 0.00 113.31 0.89 347 286 1
144045 52.485877990722 -1.889313316345 -47.20 0.00 109.79 0.89 347 284 1
144206 52.485877990722 -1.889313316345 -42.40 0.00 108.74 0.89 343 280 1
144367 52.485877990722 -1.889313316345 -36.60 0.00 105.92 0.89 337 280 1
144528 52.485877990722 -1.889313316345 -31.10 0.00 101.70 0.89 329 277 1
144690 52.485877990722 -1.889313316345 -25.10 0.00 100.65 0.89 322 273 1
144852 52.485877990722 -1.889313316345 -21.20 0.00 100.29 0.89 314 272 1
145013 52.485877990722 -1.889313316345 -18.90 0.00 100.65 0.89 305 272 1
145175 52.485877990722 -1.889313316345 -19.50 0.00 100.65 0.89 303 272 1
145336 52.485877990722 -1.889313316345 -22.70 0.00 99.94 0.89 305 272 1
145497 52.485877990722 -1.889313316345 -24.90 0.00 97.13 0.45 310 270 1
145658 52.485877990722 -1.889313316345 -25.90 0.00 98.89 0.45 316 269 1
145821 52.485877990722 -1.889313316345 -25.00 0.00 97.48 0.45 316 270 1
145983 52.485919952392 -1.889253425598 -24.10 0.00 97.83 0.45 316 269 1
146144 52.485919952392 -1.889253425598 -22.60 0.00 96.42 0.45 314 269 1
146306 52.485919952392 -1.889253425598 -21.90 0.00 95.72 0.45 312 268 1
146466 52.485919952392 -1.889253425598 -22.90 0.00 97.13 0.45 312 268 1
146627 52.485919952392 -1.889253425598 -24.60 0.00 96.42 0.45 312 269 1
146789 52.485919952392 -1.889253425598 -26.20 0.00 95.37 0.45 316 268 1
146952 52.485919952392 -1.889235019683 -26.30 0.00 95.37 0.45 320 268 1
147112 52.485919952392 -1.889235019683 -26.20 0.00 93.61 0.45 320 268 1
147274 52.485919952392 -1.889235019683 -26.70 0.00 96.07 0.45 322 265 1
147435 52.485919952392 -1.889235019683 -26.80 0.00 95.72 0.45 320 268 1
147596 52.485919952392 -1.889235019683 -25.70 0.00 94.66 0.45 320 268 1
147758 52.485919952392 -1.889235019683 -25.10 0.00 95.37 0.45 320 266 1
147920 52.485919952392 -1.889235019683 -24.00 0.00 85.51 0.45 318 268 1
148081 52.485919952392 -1.889235019683 -21.40 0.00 84.11 0.45 324 258 1
148243 52.485919952392 -1.889235019683 -20.30 0.00 91.50 0.45 322 256 1
148404 52.485919952392 -1.889235019683 -17.60 0.00 87.27 0.45 312 263 1
148566 52.485919952392 -1.889235019683 -16.20 0.00 89.74 0.45 312 259 1
148726 52.485919952392 -1.889235019683 -16.10 0.00 84.11 0.45 308 262 1
148889 52.485919952392 -1.889235019683 -15.90 0.00 82.70 0.45 312 256 1
149050 52.485919952392 -1.889235019683 -17.80 0.00 85.16 0.45 312 255 1
149212 52.485919952392 -1.889235019683 -19.60 0.00 87.27 0.45 314 258 1
149372 52.485919952392 -1.889235019683 -22.00 0.00 86.92 0.45 316 259 1
149534 52.485919952392 -1.889235019683 -20.80 0.00 86.57 0.45 320 258 1
149695 52.485919952392 -1.889235019683 -19.60 0.00 86.22 0.45 318 258 1
149858 52.485919952392 -1.889235019683 -17.80 0.00 84.81 0.45 316 258 1
150020 52.485919952392 -1.889235019683 -18.40 0.00 89.38 0.89 314 256 1
150180 52.485919952392 -1.889235019683 -16.20 0.00 83.05 0.89 312 262 1
150341 52.485919952392 -1.889235019683 -16.80 0.00 83.75 0.89 314 255 1
150503 52.485919952392 -1.889235019683 -17.30 0.00 85.16 0.89 314 255 1
150664 52.485919952392 -1.889235019683 -20.10 0.00 85.51 0.89 314 258 1
150828 52.485919952392 -1.889235019683 -20.50 0.00 83.05 0.89 318 258 1
150988 52.485919952392 -1.889235019683 -21.60 0.00 86.92 0.89 320 255 1
151149 52.485919952392 -1.889235019683 -20.90 0.00 85.51 0.89 320 258 1
151311 52.485919952392 -1.889235019683 -21.50 0.00 89.38 0.89 320 258 1
151472 52.485919952392 -1.889235019683 -20.50 0.00 85.51 0.89 316 262 1
151633 52.485919952392 -1.889235019683 -19.90 0.00 84.46 0.89 318 258 1
151795 52.485919952392 -1.889235019683 -21.20 0.00 85.51 0.89 318 256 1
151957 52.485958099365 -1.889194965362 -24.50 0.00 86.92 0.89 320 258 1
152118 52.485958099365 -1.889194965362 -25.00 0.00 83.75 0.89 324 258 1
152281 52.485958099365 -1.889194965362 -25.90 0.00 85.16 0.89 329 255 1
152440 52.485958099365 -1.889194965362 -24.90 0.00 84.11 0.89 329 258 1
152602 52.485958099365 -1.889194965362 -25.50 0.00 85.51 0.89 329 256 1
152763 52.485958099365 -1.889194965362 -25.80 0.00 83.75 0.89 329 258 1
152926 52.485958099365 -1.889194965362 -24.00 0.00 83.75 0.89 331 255 1
153088 52.485958099365 -1.889194965362 -23.60 0.00 84.81 0.89 326 255 1
153248 52.485958099365 -1.889194965362 -23.60 0.00 86.22 0.89 324 256 1
153409 52.485958099365 -1.889194965362 -22.70 0.00 80.23 0.89 324 258 1
153571 52.485958099365 -1.889194965362 -21.40 0.00 84.81 0.89 326 252 1
153732 52.485958099365 -1.889194965362 -20.20 0.00 85.16 0.89 320 256 1
153895 52.485958099365 -1.889194965362 -18.70 0.00 84.46 0.89 318 258 1
154056 52.485958099365 -1.889194965362 -20.00 0.00 87.98 0.89 316 256 1
154217 52.485958099365 -1.889194965362 -17.70 0.00 84.11 0.89 316 259 1
154378 52.485958099365 -1.889194965362 -18.80 0.00 83.40 0.89 314 256 1
154540 52.485958099365 -1.889194965362 -20.40 0.00 85.51 0.89 318 255 1
154700 52.485958099365 -1.889194965362 -22.90 0.00 88.33 0.89 318 258 1
154864 52.485958099365 -1.889194965362 -22.70 0.00 83.75 0.89 320 261 1
155025 52.485958099365 -1.889194965362 -23.20 0.00 84.81 0.89 324 255 1
155186 52.485958099365 -1.889194965362 -22.80 0.00 81.29 0.89 324 256 1
155346 52.485958099365 -1.889194965362 -23.50 0.00 92.55 0.89 326 254 1
155508 52.485958099365 -1.889194965362 -19.40 0.00 85.51 0.89 318 265 1
155670 52.485958099365 -1.889194965362 -19.50 0.00 81.64 0.89 316 258 1
155833 52.485958099365 -1.889194965362 -20.30 0.00 78.83 0.89 320 254 1
155994 52.485980987548 -1.889166641235 -22.90 0.00 79.88 0.89 324 251 1
156155 52.485980987548 -1.889166641235 -22.80 0.00 75.66 0.89 230 252 1
156316 52.485980987548 -1.889166641235 -24.50 0.00 82.70 0.89 232 248 1
156477 52.485980987548 -1.889166641235 -24.10 0.00 77.77 0.89 230 255 1
156639 52.485980987548 -1.889166641235 -24.80 0.00 85.16 0.89 232 250 1
156801 52.485980987548 -1.889166641235 -22.00 0.00 80.94 1.79 228 258 1
156962 52.485988616943 -1.889161586761 -22.20 0.00 80.23 1.79 228 252 1
157124 52.485988616943 -1.889161586761 -23.20 0.00 84.81 1.79 228 252 1
157286 52.485988616943 -1.889161586761 -24.60 0.00 92.20 1.79 228 256 1
157446 52.485988616943 -1.889161586761 -22.70 0.00 85.87 1.79 224 265 1
157607 52.485988616943 -1.889161586761 -23.90 0.00 87.62 1.79 226 258 1
157769 52.485988616943 -1.889161586761 -23.50 0.00 86.22 1.79 226 259 1
157932 52.485996246337 -1.889156723022 -22.30 0.00 84.81 1.79 226 258 1
158093 52.485996246337 -1.889156723022 -21.80 0.00 82.35 1.79 226 256 1
158255 52.485996246337 -1.889156723022 -22.40 0.00 85.51 1.79 228 255 1
158414 52.485996246337 -1.889156723022 -22.70 0.00 87.27 1.79 226 258 1
158576 52.485996246337 -1.889156723022 -24.30 0.00 89.38 1.79 226 259 1
158738 52.485996246337 -1.889156723022 -22.50 0.00 84.46 1.79 226 262 1
158901 52.485996246337 -1.889156723022 -23.50 0.00 84.11 1.79 226 256 1
159062 52.485996246337 -1.889156723022 -24.00 0.00 85.51 1.79 228 256 1
159223 52.485996246337 -1.889156723022 -24.40 0.00 86.92 1.79 228 258 1
159383 52.485996246337 -1.889156723022 -22.20 0.00 81.99 1.79 228 258 1
159545 52.485996246337 -1.889156723022 -23.50 0.00 80.94 1.79 228 254 1
159849 52.485996246337 -1.889156723022 -30.90 0.00 85.16 1.79 230 252 1
160132 52.485996246337 -1.889156723022 -32.80 0.00 87.98 1.79 236 258 1
160292 52.485996246337 -1.889156723022 -33.40 0.00 81.64 1.79 238 259 1
160453 52.485996246337 -1.889156723022 -37.90 0.00 101.70 1.79 242 254 1
160615 52.485996246337 -1.889156723022 -43.40 0.00 80.94 1.79 234 273 1
160776 52.485996246337 -1.889156723022 -51.70 0.00 79.18 1.79 259 252 1
160939 52.485996246337 -1.889156723022 -60.70 0.00 99.59 1.79 274 252 1
161099 52.485996246337 -1.889156723022 -69.70 0.00 139.35 1.79 272 270 1
161261 52.485996246337 -1.889156723022 -77.10 0.00 -168.56 0.89 255 309 1
161422 52.485996246337 -1.889156723022 -83.60 0.00 -151.32 0.89 228 337 1
161584 52.485996246337 -1.889156723022 -90.80 0.00 -144.99 0.89 226 320 1
161745 52.485996246337 -1.889156723022 -98.10 0.00 -138.65 0.89 230 315 1
161908 52.485996246337 -1.889156723022 -106.00 0.00 -150.62 0.89 236 308 1
162069 52.485996246337 -1.889156723022 -110.10 0.00 -126.33 0.89 255 320 1
162231 52.485996246337 -1.889156723022 -116.30 0.00 -113.67 0.89 245 297 1
162391 52.485996246337 -1.889156723022 -123.80 0.00 -108.04 0.89 245 284 1
162552 52.485996246337 -1.889156723022 -133.00 0.00 -108.74 0.89 251 280 1
162714 52.485996246337 -1.889156723022 -142.30 0.00 -99.59 0.89 266 280 1
162877 52.485996246337 -1.889156723022 -149.50 0.00 -95.37 0.89 274 270 1
163038 52.485996246337 -1.889156723022 -156.30 0.00 -90.09 0.89 282 268 1
163200 52.485996246337 -1.889156723022 -162.50 0.00 -85.16 0.89 291 262 1
163359 52.485996246337 -1.889156723022 -167.70 0.00 -84.81 0.89 297 258 1
163521 52.485996246337 -1.889156723022 -168.30 0.00 -83.75 0.89 305 256 1
163683 52.485996246337 -1.889156723022 -169.60 0.00 -78.83 0.89 305 255 1
163846 52.485996246337 -1.889156723022 -172.00 0.00 -77.42 0.89 305 251 1
164006 52.485996246337 -1.889156723022 -174.60 0.00 -77.42 0.89 305 250 1
164168 52.485996246337 -1.889156723022 -177.10 0.00 -78.83 0.89 310 250 1
164329 52.485996246337 -1.889156723022 -177.30 0.00 -80.23 0.89 316 251 1
164490 52.485996246337 -1.889156723022 -176.10 0.00 -81.64 0.89 318 252 1
164652 52.485996246337 -1.889156723022 -174.40 0.00 -81.64 0.89 318 254 1
164814 52.485996246337 -1.889156723022 -174.60 0.00 -79.18 0.89 314 254 1
164975 52.486019134521 -1.889130020141 -171.80 0.00 -80.59 0.89 312 252 1
165137 52.486019134521 -1.889130020141 -171.50 0.00 -81.64 0.89 308 252 1
165298 52.486019134521 -1.889130020141 -172.30 0.00 -80.59 0.89 310 254 1
165458 52.486019134521 -1.889130020141 -175.10 0.00 -80.59 0.89 310 252 1
165620 52.486019134521 -1.889130020141 -173.50 0.00 -81.29 0.89 314 252 1
165782 52.486019134521 -1.889130020141 -171.90 0.00 -80.94 1.34 312 254 1
165945 52.486019134521 -1.889128303527 -170.50 0.00 -81.64 1.34 310 252 1
166106 52.486019134521 -1.889128303527 -170.30 0.00 -82.35 1.34 308 254 1
166267 52.486019134521 -1.889128303527 -167.30 0.00 -82.70 1.34 308 255 1
166427 52.486019134521 -1.889128303527 -166.30 0.00 -80.59 1.34 303 255 1
166589 52.486019134521 -1.889128303527 -166.50 0.00 -80.23 1.34 301 252 1
166751 52.486019134521 -1.889128303527 -169.40 0.00 -81.64 1.34 301 252 1
166914 52.486019134521 -1.889128303527 -168.30 0.00 -83.40 1.34 305 254 1
167074 52.486019134521 -1.889128303527 -167.70 0.00 -81.99 1.34 305 255 1
167236 52.486019134521 -1.889128303527 -165.80 0.00 -80.94 1.34 303 254 1
167396 52.486019134521 -1.889128303527 -165.10 0.00 -80.94 1.34 299 252 1
167558 52.486019134521 -1.889128303527 -164.60 0.00 -83.05 1.34 299 252 1
167719 52.486019134521 -1.889128303527 -164.10 0.00 -83.05 1.34 299 255 1
167882 52.486019134521 -1.889128303527 -164.30 0.00 -84.46 1.34 299 255 1
168043 52.486019134521 -1.889128303527 -165.30 0.00 -84.46 0.45 299 256 1
168205 52.486019134521 -1.889128303527 -168.20 0.00 -85.87 0.45 301 256 1
168366 52.486019134521 -1.889128303527 -166.10 0.00 -86.22 0.45 305 258 1
168526 52.486019134521 -1.889128303527 -165.40 0.00 -87.98 0.45 305 258 1
168688 52.486019134521 -1.889128303527 -164.40 0.00 -87.98 0.45 305 259 1
168851 52.486019134521 -1.889128303527 -166.80 0.00 -87.62 0.45 303 259 1
169012 52.486019134521 -1.889128303527 -165.90 0.00 -88.33 0.45 305 259 1
169174 52.486019134521 -1.889128303527 -166.70 0.00 -88.33 0.45 305 261 1
169334 52.486019134521 -1.889128303527 -167.60 0.00 -87.98 0.45 305 261 1
169496 52.486019134521 -1.889128303527 -168.80 0.00 -88.68 0.45 308 259 1
169657 52.486019134521 -1.889128303527 -169.40 0.00 -89.74 0.45 310 261 1
169820 52.486019134521 -1.889128303527 -168.90 0.00 -89.03 0.45 312 262 1
169981 52.486015319824 -1.889123344421 -167.40 0.00 -89.03 0.45 310 262 1
170142 52.486015319824 -1.889123344421 -166.80 0.00 -89.74 0.45 308 262 1
170304 52.486015319824 -1.889123344421 -165.10 0.00 -92.90 0.89 308 262 1
170465 52.486015319824 -1.889123344421 -163.50 0.00 -91.14 0.89 308 265 1
170626 52.486015319824 -1.889123344421 -162.80 0.00 -90.79 0.89 305 263 1
170788 52.486015319824 -1.889123344421 -163.80 0.00 -90.79 0.89 303 262 1
170950 52.486015319824 -1.889123344421 -164.60 0.00 -92.55 0.89 305 262 1
171111 52.486015319824 -1.889123344421 -163.50 0.00 -92.20 0.89 305 265 1
171273 52.486015319824 -1.889123344421 -162.40 0.00 -92.55 0.89 305 265 1
171433 52.486015319824 -1.889123344421 -162.50 0.00 -91.85 0.89 303 265 1
171594 52.486015319824 -1.889123344421 -161.40 0.00 -92.20 0.89 303 263 1
171756 52.486015319824 -1.889123344421 -159.50 0.00 -92.20 0.89 301 265 1
171919 52.486015319824 -1.889123344421 -158.10 0.00 -92.90 0.89 299 265 1
172080 52.486015319824 -1.889123344421 -159.50 0.00 -92.55 0.89 297 265 1
172241 52.486015319824 -1.889123344421 -162.90 0.00 -91.14 0.89 299 265 1
172402 52.486015319824 -1.889123344421 -160.60 0.00 -95.37 0.89 303 263 1
172563 52.486015319824 -1.889123344421 -160.50 0.00 -95.01 0.89 303 268 1
172725 52.486015319824 -1.889123344421 -159.40 0.00 -96.07 0.89 303 268 1
172888 52.486015319824 -1.889123344421 -161.40 0.00 -93.96 0.89 301 268 1
173048 52.486015319824 -1.889123344421 -160.30 0.00 -93.61 0.89 303 265 1
173210 52.486015319824 -1.889123344421 -162.50 0.00 -86.92 0.89 301 265 1
173371 52.486015319824 -1.889123344421 -165.50 0.00 -86.22 0.89 299 258 1
173532 52.486015319824 -1.889123344421 -169.80 0.00 -86.22 0.89 303 258 1
173693 52.486015319824 -1.889123344421 -171.80 0.00 -86.92 0.89 310 258 1
173856 52.486015319824 -1.889123344421 -173.30 0.00 -85.87 0.89 314 258 1
174018 52.486015319824 -1.889123344421 -174.90 0.00 -85.16 0.89 316 258 1
174179 52.486015319824 -1.889123344421 -175.10 0.00 -85.51 0.89 318 258 1
174340 52.486015319824 -1.889123344421 -175.90 0.00 -84.81 0.89 318 258 1
174501 52.486015319824 -1.889123344421 -174.20 0.00 -86.57 0.89 320 256 1
174662 52.486015319824 -1.889123344421 -175.00 0.00 -86.92 0.89 318 258 1
174825 52.486015319824 -1.889123344421 -175.70 0.00 -86.22 0.89 320 258 1
174987 52.486015319824 -1.889123344421 -177.70 0.00 -86.22 0.89 320 258 1
175148 52.486015319824 -1.889123344421 -176.40 0.00 -86.92 0.89 324 258 1
175309 52.486015319824 -1.889123344421 -176.20 0.00 -86.22 0.89 322 258 1
175470 52.486015319824 -1.889123344421 -174.60 0.00 -86.57 0.89 322 258 1
175631 52.486015319824 -1.889123344421 -174.80 0.00 -87.27 0.89 318 258 1
175794 52.486015319824 -1.889123344421 -173.70 0.00 -87.27 0.89 320 259 1
175955 52.486015319824 -1.889123344421 -171.60 0.00 -86.92 0.89 318 259 1
176116 52.486015319824 -1.889123344421 -171.00 0.00 -86.92 0.89 314 258 1
176278 52.486015319824 -1.889123344421 -172.80 0.00 -86.22 0.89 312 258 1
176439 52.486015319824 -1.889123344421 -174.60 0.00 -85.87 0.89 316 258 1
176601 52.486015319824 -1.889123344421 -173.50 0.00 -86.22 0.89 318 258 1
176761 52.486015319824 -1.889123344421 -172.40 0.00 -85.87 0.89 316 258 1
176924 52.486015319824 -1.889123344421 -170.70 0.00 -86.22 0.89 314 258 1
177085 52.486015319824 -1.889123344421 -170.20 0.00 -84.46 0.89 312 258 1
177247 52.486015319824 -1.889123344421 -167.80 0.00 -85.51 0.89 310 256 1
177408 52.486015319824 -1.889123344421 -166.70 0.00 -85.51 0.89 305 258 1
177569 52.486015319824 -1.889123344421 -165.40 0.00 -85.51 0.89 305 258 1
177730 52.486015319824 -1.889123344421 -166.20 0.00 -85.16 0.89 303 258 1
177893 52.486015319824 -1.889123344421 -168.20 0.00 -82.70 0.89 303 258 1
178055 52.486015319824 -1.889123344421 -165.60 0.00 -84.46 0.89 305 255 1
178215 52.486015319824 -1.889123344421 -165.40 0.00 -84.46 0.89 303 256 1
178376 52.486015319824 -1.889123344421 -165.60 0.00 -88.33 0.89 301 256 1
178538 52.486015319824 -1.889123344421 -168.10 0.00 -88.33 0.89 305 261 1
178699 52.486015319824 -1.889123344421 -167.60 0.00 -89.38 0.89 308 261 1
178863 52.486015319824 -1.889123344421 -168.30 0.00 -88.68 0.89 308 262 1
179023 52.486015319824 -1.889123344421 -169.10 0.00 -87.98 0.89 310 261 1
179184 52.486015319824 -1.889123344421 -171.20 0.00 -86.57 0.89 310 259 1
179345 52.486015319824 -1.889123344421 -170.20 0.00 -88.33 0.89 312 258 1
179507 52.486015319824 -1.889123344421 -171.60 0.00 -88.33 0.89 312 261 1
179667 52.486015319824 -1.889123344421 -173.30 0.00 -87.27 0.89 316 261 1
179831 52.486015319824 -1.889123344421 -174.20 0.00 -87.27 0.89 318 259 1
179992 52.486015319824 -1.889123344421 -172.40 0.00 -87.62 0.89 318 259 1
180153 52.486015319824 -1.889123344421 -170.00 0.00 -87.98 0.89 316 259 1
180315 52.486015319824 -1.889123344421 -167.10 0.00 -89.03 0.89 312 259 1
180475 52.486015319824 -1.889123344421 -167.90 0.00 -87.98 0.89 308 262 1
180637 52.486015319824 -1.889123344421 -167.80 0.00 -87.27 0.89 308 259 1
180799 52.486015319824 -1.889123344421 -166.00 0.00 -87.98 0.89 308 259 1
180961 52.486015319824 -1.889123344421 -164.20 0.00 -87.62 0.89 305 259 1
181122 52.486015319824 -1.889123344421 -163.90 0.00 -87.27 0.89 303 259 1
181284 52.486015319824 -1.889123344421 -165.60 0.00 -82.70 0.89 301 259 1
181444 52.486015319824 -1.889123344421 -163.10 0.00 -84.81 0.89 301 255 1
181606 52.486015319824 -1.889123344421 -161.60 0.00 -86.57 0.89 299 256 1
181768 52.486015319824 -1.889123344421 -161.30 0.00 -87.62 0.89 297 258 1
181931 52.485961914062 -1.889121627807 -163.00 0.00 -87.98 0.89 297 259 1
182090 52.485961914062 -1.889121627807 -162.60 0.00 -88.68 0.89 392 259 1
182252 52.485961914062 -1.889121627807 -161.30 0.00 -89.74 0.89 392 261 1
182413 52.485961914062 -1.889121627807 -158.80 0.00 -90.79 0.89 392 262 1
182575 52.485961914062 -1.889121627807 -155.90 0.00 -103.11 0.89 389 262 1
182735 52.485961914062 -1.889121627807 -152.40 0.00 -115.07 0.89 394 275 1
182898 52.485961914062 -1.889121627807 -145.90 0.00 -119.65 0.89 396 287 1
183060 52.485961914062 -1.889121627807 -138.20 0.00 -134.08 0.89 392 290 1
183221 52.485961914062 -1.889121627807 -131.70 0.00 -137.24 0.89 392 305 1
183382 52.485961914062 -1.889121627807 -125.70 0.00 -146.39 0.89 385 308 1
183543 52.485961914062 -1.889121627807 -117.70 0.00 -167.86 0.89 383 316 1
183704 52.485961914062 -1.889121627807 -110.80 0.00 -178.77 0.89 387 337 1
183868 52.485961914062 -1.889121627807 -101.60 0.00 167.16 0.89 385 347 1
184029 52.485961914062 -1.889121627807 -93.40 0.00 155.54 0.89 383 337 1
184189 52.485961914062 -1.889121627807 -85.90 0.00 147.10 0.89 379 325 1
184350 52.485961914062 -1.889121627807 -77.80 0.00 143.93 0.89 375 318 1
184511 52.485961914062 -1.889121627807 -71.80 0.00 130.21 0.89 366 313 1
184673 52.485961914062 -1.889121627807 -67.20 0.00 122.82 0.89 366 301 1
184836 52.485961914062 -1.889121627807 -63.10 0.00 112.96 0.89 366 293 1
184997 52.485961914062 -1.889121627807 -61.30 0.00 105.22 0.89 366 283 1
185158 52.485961914062 -1.889121627807 -58.60 0.00 100.65 0.89 371 277 1
185319 52.485961914062 -1.889121627807 -54.30 0.00 104.87 0.89 368 272 1
185481 52.485961914062 -1.889121627807 -49.10 0.00 101.35 0.89 360 276 1
185641 52.485961914062 -1.889121627807 -46.10 0.00 101.35 0.89 354 273 1
185804 52.485961914062 -1.889121627807 -44.90 0.00 96.77 0.89 350 273 1
185966 52.485919952392 -1.889086723327 -41.60 0.00 94.31 0.89 352 268 1
186127 52.485919952392 -1.889086723327 -37.20 0.00 92.20 0.89 347 266 1
186290 52.485919952392 -1.889086723327 -32.10 0.00 92.55 0.89 343 265 1
186449 52.485919952392 -1.889086723327 -27.40 0.00 91.14 0.89 333 265 1
186611 52.485919952392 -1.889086723327 -24.50 0.00 90.44 0.89 326 263 1
186773 52.485919952392 -1.889086723327 -21.70 0.00 88.68 0.89 322 262 1
186936 52.485916137695 -1.889078330993 -19.10 0.00 86.22 0.89 318 261 1
187096 52.485916137695 -1.889078330993 -15.60 0.00 82.70 0.89 316 258 1
187257 52.485916137695 -1.889078330993 -12.20 0.00 80.23 0.89 312 255 1
187418 52.485916137695 -1.889078330993 -10.60 0.00 80.94 0.89 308 252 1
187580 52.485916137695 -1.889078330993 -13.30 0.00 83.75 0.89 305 252 1
187741 52.485916137695 -1.889078330993 -16.50 0.00 83.75 0.89 308 255 1
187905 52.485916137695 -1.889078330993 -21.10 0.00 87.98 0.89 314 255 1
188065 52.485916137695 -1.889078330993 -22.20 0.00 86.22 0.89 318 259 1
188226 52.485916137695 -1.889078330993 -24.40 0.00 89.74 0.89 320 258 1
188387 52.485916137695 -1.889078330993 -25.70 0.00 88.33 0.89 322 262 1
188549 52.485916137695 -1.889078330993 -27.30 0.00 92.90 0.89 324 261 1
188709 52.485916137695 -1.889078330993 -28.20 0.00 93.61 0.89 324 265 1
188873 52.485916137695 -1.889078330993 -27.30 0.00 95.37 0.89 324 265 1
189034 52.485916137695 -1.889078330993 -26.90 0.00 93.96 0.89 322 268 1
189195 52.485916137695 -1.889078330993 -27.70 0.00 97.48 0.89 322 265 1
189356 52.485916137695 -1.889078330993 -28.40 0.00 94.31 0.89 320 269 1
189517 52.485916137695 -1.889078330993 -27.50 0.00 95.37 0.89 324 266 1
189678 52.485916137695 -1.889078330993 -25.60 0.00 96.42 0.89 322 268 1
189842 52.485916137695 -1.889078330993 -24.50 0.00 95.72 0.89 318 268 1
190003 52.485916137695 -1.889078330993 -24.80 0.00 95.37 0.89 316 268 1
190164 52.485916137695 -1.889078330993 -24.40 0.00 94.66 0.89 318 268 1
190325 52.485916137695 -1.889078330993 -24.70 0.00 95.01 0.89 318 266 1
190486 52.485916137695 -1.889078330993 -26.20 0.00 96.42 0.45 318 268 1
190648 52.485916137695 -1.889078330993 -26.50 0.00 95.37 0.45 318 268 1
190810 52.485916137695 -1.889078330993 -26.10 0.00 95.72 0.45 320 268 1
190971 52.485927581787 -1.889046669006 -24.30 0.00 95.01 0.45 320 268 1
191132 52.485927581787 -1.889046669006 -23.70 0.00 95.01 0.45 316 268 1
191295 52.485927581787 -1.889046669006 -23.60 0.00 97.48 0.45 316 268 1
191455 52.485927581787 -1.889046669006 -22.20 0.00 93.26 0.45 314 269 1
191617 52.485927581787 -1.889046669006 -23.10 0.00 94.31 0.45 314 265 1
191777 52.485927581787 -1.889046669006 -24.90 0.00 96.07 0.45 316 266 1
191941 52.485927581787 -1.889046669006 -25.60 0.00 92.55 0.45 316 268 1
192102 52.485927581787 -1.889046669006 -23.80 0.00 94.31 0.45 322 265 1
192263 52.485927581787 -1.889046669006 -22.10 0.00 92.55 0.45 316 266 1
192423 52.485927581787 -1.889046669006 -21.50 0.00 94.31 0.45 316 265 1
192585 52.485927581787 -1.889046669006 -21.70 0.00 95.37 0.45 312 266 1
192746 52.485927581787 -1.889046669006 -21.60 0.00 92.20 0.00 312 268 1
192909 52.485927581787 -1.889046669006 -22.70 0.00 93.61 0.00 274 265 1
193070 52.485927581787 -1.889046669006 -24.80 0.00 96.42 0.00 276 265 1
193231 52.485927581787 -1.889046669006 -26.30 0.00 96.77 0.00 278 268 1
193392 52.485927581787 -1.889046669006 -26.40 0.00 95.72 0.00 278 268 1
193553 52.485927581787 -1.889046669006 -26.40 0.00 98.53 0.00 278 268 1
193715 52.485927581787 -1.889046669006 -28.50 0.00 99.59 0.00 278 270 1
193878 52.485927581787 -1.889046669006 -31.40 0.00 117.54 0.00 280 270 1
194038 52.485927581787 -1.889046669006 -30.60 0.00 120.35 0.00 284 288 1
194200 52.485927581787 -1.889046669006 -34.10 0.00 121.41 0.00 282 291 1
194361 52.485927581787 -1.889046669006 -39.40 0.00 124.22 0.00 287 293 1
194522 52.485927581787 -1.889046669006 -46.70 0.00 123.52 0.00 291 295 1
194683 52.485927581787 -1.889046669006 -51.30 0.00 122.82 0.00 297 294 1
194846 52.485927581787 -1.889046669006 -56.20 0.00 127.39 0.00 301 293 1
195007 52.485927581787 -1.889046669006 -59.20 0.00 130.21 0.00 305 298 1
195169 52.485927581787 -1.889046669006 -62.70 0.00 132.67 0.00 308 301 1
195330 52.485927581787 -1.889046669006 -61.00 0.00 124.57 0.00 310 302 1
195491 52.485927581787 -1.889046669006 -58.20 0.00 131.96 0.00 308 295 1
195652 52.485927581787 -1.889046669006 -56.60 0.00 136.89 0.00 305 302 1
195815 52.485927581787 -1.889046669006 -55.80 0.00 133.37 0.00 305 306 1
195977 52.485939025878 -1.888994979858 -53.80 0.00 128.45 0.00 305 304 1
196137 52.485939025878 -1.888994979858 -50.50 0.00 131.61 0.00 301 300 1
196299 52.485939025878 -1.888994979858 -47.70 0.00 131.26 0.00 299 302 1
196460 52.485939025878 -1.888994979858 -46.80 0.00 130.91 0.00 295 302 1
196621 52.485939025878 -1.888994979858 -45.80 0.00 130.91 0.00 295 301 1
196784 52.485939025878 -1.888994979858 -44.70 0.00 132.32 0.00 295 301 1
196945 52.485942840576 -1.888978195190 -45.30 0.00 133.37 0.00 293 302 1
197106 52.485942840576 -1.888978195190 -49.70 0.00 134.43 0.00 293 304 1
197268 52.485942840576 -1.888978195190 -51.70 0.00 131.61 0.45 297 305 1
197429 52.485942840576 -1.888978195190 -52.00 0.00 134.08 0.45 333 302 1
197591 52.485942840576 -1.888978195190 -53.20 0.00 134.43 0.45 331 305 1
197752 52.485942840576 -1.888978195190 -52.50 0.00 131.96 0.45 333 305 1
197915 52.485942840576 -1.888978195190 -51.00 0.00 133.37 0.45 335 302 1
198076 52.485942840576 -1.888978195190 -52.40 0.00 131.96 0.45 331 304 1
198238 52.485942840576 -1.888978195190 -55.60 0.00 136.54 0.45 335 302 1
198397 52.485942840576 -1.888978195190 -59.80 0.00 132.32 0.45 335 306 1
198559 52.485942840576 -1.888978195190 -58.00 0.00 135.13 0.45 347 302 1
198721 52.485942840576 -1.888978195190 -57.30 0.00 131.26 0.45 341 305 1
198884 52.485942840576 -1.888978195190 -56.00 0.00 134.08 0.45 343 302 1
199045 52.485961914062 -1.888965034484 -55.90 0.00 130.91 0.45 339 305 1
199206 52.485961914062 -1.888965034484 -53.10 0.00 133.02 0.45 341 301 1
199366 52.485961914062 -1.888965034484 -53.20 0.00 131.96 0.45 335 304 1
199528 52.485961914062 -1.888965034484 -56.00 0.00 134.08 0.45 335 302 1
199690 52.485961914062 -1.888965034484 -58.10 0.00 128.09 0.45 339 305 1
199853 52.485961914062 -1.888965034484 -55.40 0.00 127.74 0.45 347 300 1
200013 52.485961914062 -1.888965034484 -51.70 0.00 125.63 0.45 343 298 1
200175 52.485961914062 -1.888965034484 -47.40 0.00 125.28 0.45 339 295 1
200336 52.485961914062 -1.888965034484 -45.40 0.00 124.93 0.45 331 295 1
200497 52.485961914062 -1.888965034484 -40.30 0.00 122.82 0.45 329 295 1
200658 52.485961914062 -1.888965034484 -37.90 0.00 122.82 0.45 320 293 1
200821 52.485961914062 -1.888965034484 -38.20 0.00 124.57 0.45 316 293 1
200982 52.485969543457 -1.888941764831 -40.70 0.00 124.57 0.45 316 295 1
201144 52.485969543457 -1.888941764831 -41.30 0.00 121.76 0.45 320 295 1
201305 52.485969543457 -1.888941764831 -42.20 0.00 121.41 0.45 324 293 1
201465 52.485969543457 -1.888941764831 -42.80 0.00 121.76 0.45 324 293 1
201627 52.485969543457 -1.888941764831 -44.50 0.00 121.41 0.45 326 293 1
201789 52.485969543457 -1.888941764831 -43.80 0.00 120.70 0.00 329 293 1
201951 52.485973358154 -1.888928318023 -45.00 0.00 119.30 0.00 287 291 1
202113 52.485973358154 -1.888928318023 -47.30 0.00 121.41 0.00 284 290 1
202274 52.485973358154 -1.888928318023 -50.20 0.00 122.82 0.00 287 293 1
202434 52.485973358154 -1.888928318023 -50.10 0.00 123.52 0.00 291 293 1
202596 52.485973358154 -1.888928318023 -52.40 0.00 128.80 0.00 289 294 1
202758 52.485973358154 -1.888928318023 -55.20 0.00 135.13 0.00 291 300 1
202920 52.485980987548 -1.888915061950 -59.90 0.00 135.13 0.00 295 305 1
203081 52.485980987548 -1.888915061950 -63.80 0.00 137.95 0.00 297 305 1
203243 52.485980987548 -1.888915061950 -67.30 0.00 141.11 0.00 301 308 1
203403 52.485980987548 -1.888915061950 -73.20 0.00 139.35 0.00 303 312 1
203565 52.485980987548 -1.888915061950 -76.30 0.00 137.24 0.00 308 309 1
203725 52.485980987548 -1.888915061950 -77.30 0.00 139.71 0.00 310 308 1
203889 52.485980987548 -1.888915061950 -77.00 0.00 138.65 0.00 312 309 1
204050 52.485980987548 -1.888915061950 -76.50 0.00 147.80 0.45 312 308 1
204212 52.485980987548 -1.888915061950 -77.40 0.00 140.06 0.45 360 318 1
204372 52.485980987548 -1.888915061950 -75.90 0.00 150.97 0.45 368 311 1
204533 52.485980987548 -1.888915061950 -77.10 0.00 142.52 0.45 358 320 1
204695 52.485980987548 -1.888915061950 -79.40 0.00 136.54 0.45 366 312 1
204858 52.485980987548 -1.888915061950 -79.60 0.00 134.08 0.45 373 306 1
205019 52.485980987548 -1.888915061950 -73.90 0.00 131.26 0.45 375 305 1
205180 52.485980987548 -1.888915061950 -67.70 0.00 128.45 0.45 368 302 1
205341 52.485980987548 -1.888915061950 -61.70 0.00 125.98 0.45 362 300 1
205502 52.485980987548 -1.888915061950 -57.80 0.00 124.57 0.45 356 295 1
205664 52.485980987548 -1.888915061950 -51.60 0.00 118.24 0.45 350 295 1
205827 52.485980987548 -1.888915061950 -47.20 0.00 121.06 0.45 345 290 1
205987 52.485980987548 -1.888915061950 -45.10 0.00 125.63 0.45 335 293 1
206149 52.485980987548 -1.888915061950 -45.80 0.00 124.93 0.45 326 295 1
206310 52.485980987548 -1.888915061950 -45.00 0.00 122.82 0.00 329 295 1
206471 52.485980987548 -1.888915061950 -46.30 0.00 124.57 0.00 284 293 1
206632 52.485980987548 -1.888915061950 -46.10 0.00 121.41 0.00 284 295 1
206794 52.485980987548 -1.888915061950 -47.50 0.00 126.33 0.00 284 293 1
206957 52.485980987548 -1.888853263854 -48.20 0.00 112.61 0.00 287 297 1
208518 52.485980987548 -1.888853263854 -71.90 0.00 140.41 0.00 200 283 1
208671 52.485980987548 -1.888853263854 -75.20 0.00 143.93 0.00 385 311 1
208834 52.485980987548 -1.888853263854 -76.70 0.00 146.39 0.00 387 313 1
208995 52.485980987548 -1.888853263854 -76.60 0.00 148.50 0.00 389 316 1
209157 52.485980987548 -1.888853263854 -76.90 0.00 153.08 0.00 389 318 1
209317 52.485980987548 -1.888853263854 -76.80 0.00 155.54 0.00 389 323 1
209478 52.485980987548 -1.888853263854 -75.60 0.00 158.01 0.00 389 325 1
209640 52.485980987548 -1.888853263854 -74.80 0.00 160.47 0.00 387 327 1
209802 52.485980987548 -1.888853263854 -71.90 0.00 163.28 0.00 387 330 1
209965 52.485977172851 -1.888821697235 -71.90 0.00 169.62 0.00 385 333 1
210125 52.485977172851 -1.888821697235 -72.10 0.00 175.95 0.00 385 338 1
210287 52.485977172851 -1.888821697235 -71.70 0.00 -177.01 0.00 385 344 1
210447 52.485977172851 -1.888821697235 -71.00 0.00 -172.79 0.00 385 345 1
210609 52.485977172851 -1.888821697235 -71.20 0.00 -168.91 0.00 385 341 1
210807 52.485977172851 -1.888821697235 -72.60 0.00 -167.86 0.45 309 212 0
211009 52.485980987548 -1.888816642761 -74.80 0.00 -167.86 0.45 315 214 0
211211 52.485980987548 -1.888816642761 -77.60 0.00 -167.86 0.45 315 214 0
211411 52.485980987548 -1.888816642761 -78.60 0.00 -167.86 0.45 311 212 0
211593 52.485980987548 -1.888816642761 -77.30 0.00 -168.56 0.45 312 212 0
211775 52.485980987548 -1.888816642761 -75.80 0.00 -169.27 0.45 310 212 0
211979 52.485984802246 -1.888816642761 -73.10 0.00 -171.73 0.45 312 214 0
212179 52.485984802246 -1.888816642761 -72.40 0.00 -171.38 0.45 313 214 0
212380 52.485984802246 -1.888816642761 -74.10 0.00 -174.55 0.45 311 212 0
212562 52.485984802246 -1.888816642761 -71.70 0.00 175.60 0.45 311 212 0
212744 52.485984802246 -1.888816642761 -68.00 0.00 168.21 0.45 309 212 0
212927 52.485984802246 -1.888816642761 -67.60 0.00 168.91 0.45 314 214 0
213128 52.485984802246 -1.888816642761 -68.00 0.00 172.43 0.00 314 214 0
213329 52.485984802246 -1.888816642761 -68.70 0.00 175.25 0.00 312 212 0
213531 52.485984802246 -1.888816642761 -70.40 0.00 175.60 0.00 309 212 0
213712 52.485984802246 -1.888816642761 -71.10 0.00 175.60 0.00 309 212 0
213896 52.485984802246 -1.888816642761 -70.20 0.00 175.60 0.00 314 214 0
214096 52.485984802246 -1.888816642761 -69.00 0.00 175.60 0.00 314 214 0
214299 52.485984802246 -1.888816642761 -68.70 0.00 175.95 0.00 315 214 0
214500 52.485984802246 -1.888816642761 -68.00 0.00 175.95 0.00 309 212 0
214702 52.485984802246 -1.888816642761 -67.70 0.00 177.01 0.00 310 212 0
214885 52.485984802246 -1.888816642761 -68.60 0.00 -178.77 0.00 317 214 0
215086 52.485984802246 -1.888816642761 -71.10 0.00 -174.19 0.00 314 213 0
215287 52.485984802246 -1.888816642761 -72.30 0.00 -171.73 0.45 314 214 0
215489 52.485984802246 -1.888816642761 -72.50 0.00 -170.32 0.45 312 212 0
215670 52.485984802246 -1.888816642761 -70.50 0.00 -171.03 0.45 309 212 0
215854 52.485984802246 -1.888816642761 -68.30 0.00 -171.73 0.45 312 212 0
216054 52.485984802246 -1.888816642761 -66.70 0.00 -172.08 0.45 314 214 0
216256 52.485984802246 -1.888816642761 -65.00 0.00 -172.08 0.45 314 214 0
216458 52.485984802246 -1.888816642761 -65.80 0.00 -171.73 0.45 309 212 0
216639 52.485984802246 -1.888816642761 -67.10 0.00 -171.38 0.45 310 212 0
216822 52.485984802246 -1.888816642761 -67.20 0.00 -169.97 0.45 312 212 0
217024 52.485988616943 -1.888816642761 -67.90 0.00 -169.97 0.45 314 214 0
