13764 -0.00 ovf 25.40 -80.23 0.00 305 230 1
13924 -0.00 ovf 25.30 -80.23 0.00 200 202 1
14064 -0.00 ovf 27.20 -80.23 0.00 200 202 1
14205 -0.00 ovf 27.60 -80.23 0.00 200 202 1
14347 -0.00 ovf 26.40 -80.23 0.00 200 202 1
14488 -0.00 ovf 27.70 -80.59 0.00 200 202 1
14630 -0.00 ovf 27.50 -80.23 0.00 200 202 1
14772 -0.00 ovf 27.40 -80.23 0.00 200 202 1
14912 -0.00 ovf 27.40 -80.23 0.00 200 202 1
15053 -0.00 ovf 27.40 -80.23 0.00 200 202 1
15195 -0.00 ovf 27.40 -80.23 0.00 200 202 1
15336 -0.00 ovf 27.40 -80.23 0.00 200 202 1
15477 -0.00 ovf 27.40 -80.23 0.00 200 202 1
15621 -0.00 ovf 27.40 -80.23 0.00 200 202 1
15762 -0.00 ovf 27.40 -80.59 0.00 200 202 1
15902 -0.00 ovf 27.40 -80.23 0.00 200 202 1
16044 -0.00 ovf 27.40 -80.23 0.00 200 202 1
16185 -0.00 ovf 27.40 -80.59 0.00 200 202 1
16326 -0.00 ovf 27.40 -80.23 0.00 200 202 1
16467 -0.00 ovf 27.40 -80.23 0.00 200 202 1
16610 -0.00 ovf 27.40 -80.59 0.00 200 202 1
16751 -0.00 ovf 27.40 -80.23 0.00 200 202 1
16891 -0.00 ovf 27.40 -80.59 0.00 200 202 1
17033 -0.00 ovf 27.40 -80.23 0.00 200 202 1
17174 -0.00 ovf 27.40 -80.59 0.00 200 202 1
17315 -0.00 ovf 27.40 -80.23 0.00 200 202 1
17457 -0.00 ovf 27.40 -80.23 0.00 200 202 1
17599 -0.00 ovf 27.40 -80.23 0.00 200 202 1
17741 -0.00 ovf 27.40 -80.23 0.00 200 202 1
17881 -0.00 ovf 27.40 -80.23 0.00 200 202 1
18022 -0.00 ovf 27.40 -80.59 0.00 200 202 1
18163 -0.00 ovf 27.40 -80.23 0.00 200 202 1
18305 -0.00 ovf 27.40 -80.23 0.00 200 202 1
18446 -0.00 ovf 27.40 -80.23 0.00 200 202 1
18588 -0.00 ovf 27.40 -80.59 0.00 200 202 1
18771 -0.00 ovf 27.40 -80.23 0.00 200 202 0
18951 -0.00 ovf 27.40 -80.59 0.00 200 202 0
19133 -0.00 ovf 27.40 -80.23 0.00 200 202 0
19314 -0.00 ovf 27.40 -80.23 0.00 200 202 0
19496 -0.00 ovf 27.40 -80.23 0.00 200 202 0
19680 -0.00 ovf 27.40 -80.59 0.00 200 202 0
19860 -0.00 ovf 27.40 -80.23 0.00 200 202 0
20041 -0.00 ovf 27.40 -80.23 0.00 200 202 0
20222 -0.00 ovf 27.40 -80.59 0.00 200 202 0
20405 -0.00 ovf 27.40 -80.59 0.00 200 202 0
20587 -0.00 ovf 27.40 -80.23 0.00 200 202 0
20768 -0.00 ovf 27.40 -80.23 0.00 200 202 0
20952 -0.00 ovf 27.40 -80.23 0.00 200 202 0
21132 -0.00 ovf 27.40 -80.23 0.00 200 202 0
21313 -0.00 ovf 27.40 -80.23 0.00 200 202 0
21495 -0.00 ovf 27.40 -80.23 0.00 200 202 0
21679 -0.00 ovf 27.40 -80.23 0.00 200 202 0
21859 -0.00 ovf 27.40 -80.23 0.00 200 202 0
22040 -0.00 ovf 27.40 -80.59 0.00 200 202 0
22222 -0.00 ovf 27.40 -80.23 0.00 200 202 0
22404 -0.00 ovf 27.40 -80.23 0.00 200 202 0
22587 -0.00 ovf 27.40 -80.23 0.00 200 202 0
22767 -0.00 ovf 27.40 -80.59 0.00 200 202 0
22950 -0.00 ovf 27.40 -80.23 0.00 200 202 0
23131 -0.00 ovf 27.40 -80.23 0.00 200 202 0
23313 -0.00 ovf 27.40 -80.59 0.00 200 202 0
23494 -0.00 ovf 27.40 -80.23 0.00 200 202 0
23678 -0.00 ovf 27.40 -80.59 0.00 200 202 0
23858 -0.00 ovf 27.40 -80.59 0.00 200 202 0
24040 -0.00 ovf 27.40 -80.59 0.00 200 202 0
24221 -0.00 ovf 27.40 -80.23 0.00 200 202 0
24403 -0.00 ovf 27.40 -80.59 0.00 200 202 0
24586 -0.00 ovf 27.40 -80.59 0.00 200 202 0
24767 -0.00 ovf 27.40 -80.59 0.00 200 202 0
24949 -0.00 ovf 27.40 -80.59 0.00 200 202 0
25129 -0.00 ovf 27.40 -80.23 0.00 200 202 0
25312 -0.00 ovf 27.40 -80.59 0.00 200 202 0
25493 -0.00 ovf 27.40 -80.59 0.00 200 202 0
25676 -0.00 ovf 27.40 -80.23 0.00 200 202 0
25857 -0.00 ovf 27.40 -80.59 0.00 200 202 0
26039 -0.00 ovf 27.40 -80.59 0.00 200 202 0
26220 -0.00 ovf 27.40 -80.59 0.00 200 202 0
26402 -0.00 ovf 27.40 -80.23 0.00 200 202 0
26585 -0.00 ovf 27.40 -80.59 0.00 200 202 0
26766 -0.00 ovf 27.40 -80.59 0.00 200 202 0
26948 -0.00 ovf 27.40 -80.23 0.00 200 202 0
27129 -0.00 ovf 27.40 -80.23 0.00 200 202 0
27311 -0.00 ovf 27.40 -80.59 0.00 200 202 0
27493 -0.00 ovf 27.40 -80.59 0.00 200 202 0
27675 -0.00 ovf 27.40 -80.59 0.00 200 202 0
27856 -0.00 ovf 27.40 -80.23 0.00 200 202 0
28038 -0.00 ovf 27.40 -80.23 0.00 200 202 0
28220 -0.00 ovf 27.40 -80.59 0.00 200 202 0
28402 -0.00 ovf 27.40 -80.23 0.00 200 202 0
28582 -0.00 ovf 27.40 -80.23 0.00 200 202 0
28765 -0.00 ovf 27.40 -80.59 0.00 200 202 0
28946 -0.00 ovf 27.40 -80.59 0.00 200 202 0
29128 -0.00 ovf 27.40 -80.23 0.00 200 202 0
29312 -0.00 ovf 27.40 -80.59 0.00 200 202 0
29492 -0.00 ovf 27.40 -80.23 0.00 200 202 0
29673 -0.00 ovf 27.40 -80.59 0.00 200 202 0
29855 -0.00 ovf 27.40 -80.23 0.00 200 202 0
30036 -0.00 ovf 27.40 -80.23 0.00 200 202 0
30220 -0.00 ovf 27.40 -80.23 0.00 200 202 0
30401 -0.00 ovf 27.40 -80.23 0.00 200 202 0
30582 -0.00 ovf 27.40 -80.23 0.00 200 202 0
30764 -0.00 ovf 27.40 -80.59 0.00 200 202 0
30946 -0.00 ovf 27.40 -80.23 0.00 200 202 0
31127 -0.00 ovf 27.40 -80.23 0.00 200 202 0
31310 -0.00 ovf 27.40 -80.59 0.00 200 202 0
31491 -0.00 ovf 27.40 -80.59 0.00 200 202 0
31673 -0.00 ovf 27.40 -80.23 0.00 200 202 0
31854 -0.00 ovf 27.40 -80.23 0.00 200 202 0
32036 -0.00 ovf 27.40 -80.59 0.00 200 202 0
32219 -0.00 ovf 27.40 -80.23 0.00 200 202 0
32400 -0.00 ovf 27.40 -80.59 0.00 200 202 0
32581 -0.00 ovf 27.40 -80.59 0.00 200 202 0
32762 -0.00 ovf 27.40 -80.23 0.00 200 202 0
32945 -0.00 ovf 27.40 -80.23 0.00 200 202 0
33126 -0.00 ovf 27.40 -80.59 0.00 200 202 0
33310 -0.00 ovf 27.40 -80.23 0.00 200 202 0
33489 -0.00 ovf 27.40 -80.23 0.00 200 202 0
33672 -0.00 ovf 27.40 -80.23 0.00 200 202 0
33853 -0.00 ovf 27.40 -80.23 0.00 200 202 0
34035 -0.00 ovf 27.40 -80.23 0.00 200 202 0
34217 -0.00 ovf 27.40 -80.23 0.00 200 202 0
34400 -0.00 ovf 27.40 -80.23 0.00 200 202 0
34580 -0.00 ovf 27.40 -80.23 0.00 200 202 0
34762 -0.00 ovf 27.40 -80.23 0.00 200 202 0
34944 -0.00 ovf 27.40 -80.59 0.00 200 202 0
35126 -0.00 ovf 27.40 -80.59 0.00 200 202 0
35309 -0.00 ovf 27.40 -80.59 0.00 200 202 0
35489 -0.00 ovf 27.40 -80.23 0.00 200 202 0
35671 -0.00 ovf 27.40 -80.23 0.00 200 202 0
35853 -0.00 ovf 27.40 -80.23 0.00 200 202 0
36034 -0.00 ovf 27.40 -80.59 0.00 200 202 0
36217 -0.00 ovf 27.40 -80.23 0.00 200 202 0
36399 -0.00 ovf 27.40 -80.59 0.00 200 202 0
36539 -0.00 ovf 27.40 -80.23 0.00 200 202 1
36680 -0.00 ovf 27.40 -80.23 0.00 200 202 1
36822 -0.00 ovf 27.40 -80.23 0.00 200 202 1
36963 -0.00 ovf 27.40 -80.23 0.00 200 202 1
37104 -0.00 ovf 27.40 -80.59 0.00 200 202 1
37248 -0.00 ovf 27.40 -80.23 0.00 200 202 1
37387 -0.00 ovf 27.40 -80.23 0.00 200 202 1
37529 -0.00 ovf 27.40 -80.59 0.00 200 202 1
37670 -0.00 ovf 27.40 -80.23 0.00 200 202 1
37812 -0.00 ovf 27.40 -80.23 0.00 200 202 1
37953 -0.00 ovf 27.40 -80.59 0.00 200 202 1
38094 -0.00 ovf 27.40 -80.23 0.00 200 202 1
38237 -0.00 ovf 27.40 -80.23 0.00 200 202 1
38377 -0.00 ovf 27.40 -80.59 0.00 200 202 1
38518 -0.00 ovf 27.40 -80.23 0.00 200 202 1
38660 -0.00 ovf 27.40 -80.23 0.00 200 202 1
38801 -0.00 ovf 27.40 -80.23 0.00 200 202 1
38942 -0.00 ovf 27.40 -80.59 0.00 200 202 1
39084 -0.00 ovf 27.40 -80.59 0.00 200 202 1
39226 -0.00 ovf 27.40 -80.59 0.00 200 202 1
39367 -0.00 ovf 27.40 -80.23 0.00 200 202 1
39507 -0.00 ovf 27.40 -80.59 0.00 200 202 1
