11262 0.00 ovf 6.40 46.45 0.00 305 230 1
11419 0.00 ovf 9.40 46.45 0.00 200 280 1
11563 0.00 ovf 12.90 46.45 0.00 200 280 1
11703 0.00 ovf 13.10 46.10 0.00 200 280 1
11844 0.00 ovf 12.20 46.45 0.00 200 280 1
11985 0.00 ovf 10.00 46.45 0.00 200 280 1
12127 0.00 ovf 8.10 46.45 0.00 200 280 1
12269 0.00 ovf 7.90 46.80 0.00 200 280 1
12409 0.00 ovf 7.00 46.45 0.00 200 280 1
12552 0.00 ovf 10.90 46.45 0.00 200 280 1
12692 0.00 ovf 10.40 46.45 0.00 200 280 1
12833 0.00 ovf 8.60 46.45 0.00 200 280 1
12975 0.00 ovf 9.30 46.45 0.00 200 280 1
13116 0.00 ovf 4.30 46.45 0.00 200 280 1
13258 0.00 ovf 4.60 46.45 0.00 200 280 1
13399 0.00 ovf 5.00 46.45 0.00 200 280 1
13541 0.00 ovf 3.70 46.45 0.00 200 280 1
13681 0.00 ovf 4.80 46.10 0.00 200 280 1
13822 0.00 ovf 5.20 46.45 0.00 200 280 1
13964 0.00 ovf 5.10 46.45 0.00 200 280 1
14106 0.00 ovf 5.10 46.45 0.00 200 280 1
14247 0.00 ovf 5.10 46.45 0.00 200 280 1
14389 0.00 ovf 5.10 46.45 0.00 200 280 1
14530 0.00 ovf 5.10 46.45 0.00 200 280 1
14671 0.00 ovf 5.10 46.45 0.00 200 280 1
14813 0.00 ovf 5.10 46.45 0.00 200 280 1
14954 0.00 ovf 5.10 46.45 0.00 200 280 1
15095 0.00 ovf 5.10 46.45 0.00 200 280 1
15237 0.00 ovf 5.10 46.45 0.00 200 280 1
15378 0.00 ovf 5.10 46.45 0.00 200 280 1
15519 0.00 ovf 5.10 46.45 0.00 200 280 1
15661 0.00 ovf 5.10 46.45 0.00 200 280 1
15802 0.00 ovf 5.10 46.45 0.00 200 280 1
15943 0.00 ovf 5.10 46.45 0.00 200 280 1
16084 0.00 ovf 5.10 46.45 0.00 200 280 1
16226 0.00 ovf 5.10 46.45 0.00 200 280 1
16367 0.00 ovf 5.10 46.80 0.00 200 280 1
16509 0.00 ovf 5.10 46.45 0.00 200 280 1
16650 0.00 ovf 5.10 46.45 0.00 200 280 1
16791 0.00 ovf 5.10 46.45 0.00 200 280 1
16932 0.00 ovf 5.10 46.45 0.00 200 280 1
17074 0.00 ovf 5.10 46.45 0.00 200 280 1
17215 0.00 ovf 5.10 46.45 0.00 200 280 1
17356 0.00 ovf 5.10 46.45 0.00 200 280 1
17499 0.00 ovf 5.10 46.45 0.00 200 280 1
17640 0.00 ovf 5.10 46.45 0.00 200 280 1
17781 0.00 ovf 5.10 46.45 0.00 200 280 1
17923 0.00 ovf 5.10 46.10 0.00 200 280 1
18064 0.00 ovf 5.10 46.45 0.00 200 280 1
18205 0.00 ovf 5.10 46.45 0.00 200 280 1
18347 0.00 ovf 5.10 46.45 0.00 200 280 1
18488 0.00 ovf 5.10 46.45 0.00 200 280 1
18629 0.00 ovf 5.10 46.45 0.00 200 280 1
18770 0.00 ovf 5.10 46.45 0.00 200 280 1
18912 0.00 ovf 5.10 46.45 0.00 200 280 1
19053 0.00 ovf 5.10 46.45 0.00 200 280 1
19194 0.00 ovf 5.10 46.45 0.00 200 280 1
19336 0.00 ovf 5.10 46.45 0.00 200 280 1
19478 0.00 ovf 5.10 46.45 0.00 200 280 1
19618 0.00 ovf 5.10 46.45 0.00 200 280 1
19760 0.00 ovf 5.10 46.45 0.00 200 280 1
19901 0.00 ovf 5.10 46.45 0.00 200 280 1
20042 0.00 ovf 5.10 46.45 0.00 200 280 1
20184 0.00 ovf 5.10 46.45 0.00 200 280 1
20325 0.00 ovf 5.10 46.45 0.00 200 280 1
20466 0.00 ovf 5.10 46.45 0.00 200 280 1
20608 0.00 ovf 5.10 46.45 0.00 200 280 1
20750 0.00 ovf 5.10 46.45 0.00 200 280 1
20891 0.00 ovf 5.10 46.45 0.00 200 280 1
21032 0.00 ovf 5.10 46.45 0.00 200 280 1
21174 0.00 ovf 5.10 46.45 0.00 200 280 1
21316 0.00 ovf 5.10 46.45 0.00 200 280 1
21457 0.00 ovf 5.10 46.45 0.00 200 280 1
21598 0.00 ovf 5.10 46.45 0.00 200 280 1
21739 0.00 ovf 5.10 46.45 0.00 200 280 1
21880 0.00 ovf 5.10 46.45 0.00 200 280 1
22022 0.00 ovf 5.10 46.10 0.00 200 280 1
22163 0.00 ovf 5.10 46.45 0.00 200 280 1
22306 0.00 ovf 5.10 46.45 0.00 200 280 1
22447 0.00 ovf 5.10 46.45 0.00 200 280 1
22587 0.00 ovf 5.10 46.45 0.00 200 280 1
22728 0.00 ovf 5.10 46.45 0.00 200 280 1
22870 0.00 ovf 5.10 46.45 0.00 200 280 1
23011 0.00 ovf 5.10 46.45 0.00 200 280 1
23152 0.00 ovf 5.10 46.45 0.00 200 280 1
23296 0.00 ovf 5.10 46.45 0.00 200 280 1
23437 0.00 ovf 5.10 46.45 0.00 200 280 1
23576 0.00 ovf 5.10 46.45 0.00 200 280 1
23717 0.00 ovf 5.10 46.45 0.00 200 280 1
23859 0.00 ovf 5.10 46.45 0.00 200 280 1
24000 0.00 ovf 5.10 46.45 0.00 200 280 1
24141 0.00 ovf 5.10 46.45 0.00 200 280 1
24284 0.00 ovf 5.10 46.45 0.00 200 280 1
24427 0.00 ovf 5.10 46.45 0.00 200 280 1
24566 0.00 ovf 5.10 46.45 0.00 200 280 1
24708 0.00 ovf 5.10 46.45 0.00 200 280 1
24849 0.00 ovf 5.10 46.10 0.00 200 280 1
24990 0.00 ovf 5.10 46.45 0.00 200 280 1
25132 0.00 ovf 5.10 46.45 0.00 200 280 1
25274 0.00 ovf 5.10 46.45 0.00 200 280 1
25416 0.00 ovf 5.10 46.45 0.00 200 280 1
25555 0.00 ovf 5.10 46.45 0.00 200 280 1
25697 0.00 ovf 5.10 46.45 0.00 200 280 1
25838 0.00 ovf 5.10 46.45 0.00 200 280 1
25979 0.00 ovf 5.10 46.45 0.00 200 280 1
26121 0.00 ovf 5.10 46.45 0.00 200 280 1
26262 0.00 ovf 5.10 46.45 0.00 200 280 1
26405 0.00 ovf 5.10 46.45 0.00 200 280 1
26545 0.00 ovf 5.10 46.45 0.00 200 280 1
26686 0.00 ovf 5.10 46.45 0.00 200 280 1
26827 0.00 ovf 5.10 46.45 0.00 200 280 1
26969 0.00 ovf 5.10 46.45 0.00 200 280 1
27110 0.00 ovf 5.10 46.45 0.00 200 280 1
27251 0.00 ovf 5.10 46.45 0.00 200 280 1
27393 0.00 ovf 5.10 46.45 0.00 200 280 1
27535 0.00 ovf 5.10 46.45 0.00 200 280 1
27675 0.00 ovf 5.10 46.45 0.00 200 280 1
27817 0.00 ovf 5.10 46.45 0.00 200 280 1
27959 0.00 ovf 5.10 46.45 0.00 200 280 1
28100 0.00 ovf 5.10 46.45 0.00 200 280 1
28241 0.00 ovf 5.10 46.45 0.00 200 280 1
28383 0.00 ovf 5.10 46.45 0.00 200 280 1
28524 0.00 ovf 5.10 46.45 0.00 200 280 1
28665 0.00 ovf 5.10 46.45 0.00 200 280 1
28807 0.00 ovf 5.10 46.45 0.00 200 280 1
28948 0.00 ovf 5.10 46.45 0.00 200 280 1
29089 0.00 ovf 5.10 46.45 0.00 200 280 1
29231 0.00 ovf 5.10 46.45 0.00 200 280 1
29372 0.00 ovf 5.10 46.45 0.00 200 280 1
29514 0.00 ovf 5.10 46.45 0.00 200 280 1
29655 0.00 ovf 5.10 46.45 0.00 200 280 1
29796 0.00 ovf 5.10 46.45 0.00 200 280 1
29937 0.00 ovf 5.10 46.45 0.00 200 280 1
30078 0.00 ovf 5.10 46.45 0.00 200 280 1
30220 0.00 ovf 5.10 46.45 0.00 200 280 1
30361 0.00 ovf 5.10 46.45 0.00 200 280 1
30503 0.00 ovf 5.10 46.45 0.00 200 280 1
30644 0.00 ovf 5.10 46.45 0.00 200 280 1
30785 0.00 ovf 5.10 46.45 0.00 200 280 1
30926 0.00 ovf 5.10 46.45 0.00 200 280 1
31069 0.00 ovf 5.10 46.45 0.00 200 280 1
31210 0.00 ovf 5.10 46.45 0.00 200 280 1
31351 0.00 ovf 5.10 46.45 0.00 200 280 1
31492 0.00 ovf 5.10 46.45 0.00 200 280 1
31634 0.00 ovf 5.10 46.10 0.00 200 280 1
31775 0.00 ovf 5.10 46.45 0.00 200 280 1
31917 0.00 ovf 5.10 46.45 0.00 200 280 1
32058 0.00 ovf 5.10 46.45 0.00 200 280 1
32199 0.00 ovf 5.10 46.45 0.00 200 280 1
32343 0.00 ovf 5.10 46.45 0.00 200 280 1
32481 0.00 ovf 5.10 46.45 0.00 200 280 1
32623 0.00 ovf 5.10 46.45 0.00 200 280 1
32764 0.00 ovf 5.10 46.45 0.00 200 280 1
32906 0.00 ovf 5.10 46.45 0.00 200 280 1
33047 0.00 ovf 5.10 46.10 0.00 200 280 1
33188 0.00 ovf 5.10 46.45 0.00 200 280 1
33332 0.00 ovf 5.10 46.45 0.00 200 280 1
33471 0.00 ovf 5.10 46.45 0.00 200 280 1
33612 0.00 ovf 5.10 46.45 0.00 200 280 1
33754 0.00 ovf 5.10 46.45 0.00 200 280 1
33895 0.00 ovf 5.10 46.45 0.00 200 280 1
34036 0.00 ovf 5.10 46.45 0.00 200 280 1
34178 0.00 ovf 5.10 46.45 0.00 200 280 1
34321 0.00 ovf 5.10 46.45 0.00 200 280 1
34462 0.00 ovf 5.10 46.45 0.00 200 280 1
34601 0.00 ovf 5.10 46.45 0.00 200 280 1
34744 0.00 ovf 5.10 46.45 0.00 200 280 1
34885 0.00 ovf 5.10 46.45 0.00 200 280 1
35026 0.00 ovf 5.10 46.45 0.00 200 280 1
35168 0.00 ovf 5.10 46.45 0.00 200 280 1
35310 0.00 ovf 5.10 46.45 0.00 200 280 1
35451 0.00 ovf 5.10 46.45 0.00 200 280 1
35592 0.00 ovf 5.10 46.45 0.00 200 280 1
35733 0.00 ovf 5.10 46.45 0.00 200 280 1
35874 0.00 ovf 5.10 46.45 0.00 200 280 1
36016 0.00 ovf 5.10 46.45 0.00 200 280 1
36157 0.00 ovf 5.10 46.45 0.00 200 280 1
36299 0.00 ovf 5.10 46.45 0.00 200 280 1
36442 0.00 ovf 5.10 46.45 0.00 200 280 1
36581 0.00 ovf 5.10 46.45 0.00 200 280 1
36722 0.00 ovf 5.10 46.45 0.00 200 280 1
36864 0.00 ovf 5.10 46.45 0.00 200 280 1
37005 0.00 ovf 5.10 46.45 0.00 200 280 1
37146 0.00 ovf 5.10 46.45 0.00 200 280 1
37288 0.00 ovf 5.10 46.45 0.00 200 280 1
37432 0.00 ovf 5.10 46.45 0.00 200 280 1
37570 0.00 ovf 5.10 46.45 0.00 200 280 1
37711 0.00 ovf 5.10 46.45 0.00 200 280 1
37853 0.00 ovf 5.10 46.45 0.00 200 280 1
37995 0.00 ovf 5.10 46.45 0.00 200 280 1
38136 0.00 ovf 5.10 46.45 0.00 200 280 1
38278 0.00 ovf 5.10 46.45 0.00 200 280 1
38420 0.00 ovf 5.10 46.45 0.00 200 280 1
38560 0.00 ovf 5.10 46.45 0.00 200 280 1
38702 0.00 ovf 5.10 46.45 0.00 200 280 1
38845 0.00 ovf 5.10 46.45 0.00 200 280 1
38986 0.00 ovf 5.10 46.45 0.00 200 280 1
39128 0.00 ovf 5.10 46.45 0.00 200 280 1
39269 0.00 ovf 5.10 46.45 0.00 200 280 1
39410 0.00 ovf 5.10 46.45 0.00 200 280 1
39553 0.00 ovf 5.10 46.45 0.00 200 280 1
39693 0.00 ovf 5.10 46.45 0.00 200 280 1
39834 0.00 ovf 5.10 46.45 0.00 200 280 1
39975 0.00 ovf 5.10 46.45 0.00 200 280 1
40117 0.00 ovf 5.10 46.45 0.00 200 280 1
40258 0.00 ovf 5.10 46.45 0.00 200 280 1
40399 0.00 ovf 5.10 46.45 0.00 200 280 1
40542 0.00 ovf 5.10 46.45 0.00 200 280 1
40683 0.00 ovf 5.10 46.45 0.00 200 280 1
40824 0.00 ovf 5.10 46.45 0.00 200 280 1
40966 0.00 ovf 5.10 46.45 0.00 200 280 1
41107 0.00 ovf 5.10 46.45 0.00 200 280 1
41248 0.00 ovf 5.10 46.45 0.00 200 280 1
41390 0.00 ovf 5.10 46.45 0.00 200 280 1
41531 0.00 ovf 5.10 46.45 0.00 200 280 1
41672 0.00 ovf 5.10 46.45 0.00 200 280 1
41814 0.00 ovf 5.10 46.45 0.00 200 280 1
41955 0.00 ovf 5.10 46.45 0.00 200 280 1
42096 0.00 ovf 5.10 46.45 0.00 200 280 1
42237 0.00 ovf 5.10 46.45 0.00 200 280 1
42379 0.00 ovf 5.10 46.80 0.00 200 280 1
42521 0.00 ovf 5.10 46.45 0.00 200 280 1
42661 0.00 ovf 5.10 46.45 0.00 200 280 1
42803 0.00 ovf 5.10 46.45 0.00 200 280 1
42944 0.00 ovf 5.10 46.45 0.00 200 280 1
43085 0.00 ovf 5.10 46.45 0.00 200 280 1
43227 0.00 ovf 5.10 46.45 0.00 200 280 1
43368 0.00 ovf 5.10 46.45 0.00 200 280 1
43510 0.00 ovf 5.10 46.45 0.00 200 280 1
43651 0.00 ovf 5.10 46.45 0.00 200 280 1
43792 0.00 ovf 5.10 46.45 0.00 200 280 1
43933 0.00 ovf 5.10 46.45 0.00 200 280 1
44075 0.00 ovf 5.10 46.45 0.00 200 280 1
44217 0.00 ovf 5.10 46.45 0.00 200 280 1
44358 0.00 ovf 5.10 46.45 0.00 200 280 1
44499 0.00 ovf 5.10 46.45 0.00 200 280 1
44641 0.00 ovf 5.10 46.45 0.00 200 280 1
44782 0.00 ovf 5.10 46.45 0.00 200 280 1
44923 0.00 ovf 5.10 46.45 0.00 200 280 1
45065 0.00 ovf 5.10 46.45 0.00 200 280 1
45206 0.00 ovf 5.10 46.45 0.00 200 280 1
45349 0.00 ovf 5.10 46.45 0.00 200 280 1
45489 0.00 ovf 5.10 46.45 0.00 200 280 1
45630 0.00 ovf 5.10 46.45 0.00 200 280 1
45771 0.00 ovf 5.10 46.45 0.00 200 280 1
45913 0.00 ovf 5.10 46.10 0.00 200 280 1
46054 0.00 ovf 5.10 46.45 0.00 200 280 1
46195 0.00 ovf 5.10 46.45 0.00 200 280 1
46337 0.00 ovf 5.10 46.45 0.00 200 280 1
46478 0.00 ovf 5.10 46.45 0.00 200 280 1
46619 0.00 ovf 5.10 46.45 0.00 200 280 1
46760 0.00 ovf 5.10 46.45 0.00 200 280 1
46902 0.00 ovf 5.10 46.45 0.00 200 280 1
47043 0.00 ovf 5.10 46.45 0.00 200 280 1
47184 0.00 ovf 5.10 46.45 0.00 200 280 1
47328 0.00 ovf 5.10 46.45 0.00 200 280 1
47467 0.00 ovf 5.10 46.45 0.00 200 280 1
47609 0.00 ovf 5.10 46.45 0.00 200 280 1
47751 0.00 ovf 5.10 46.45 0.00 200 280 1
47892 0.00 ovf 5.10 46.45 0.00 200 280 1
48033 0.00 ovf 5.10 46.45 0.00 200 280 1
48175 0.00 ovf 5.10 46.45 0.00 200 280 1
48317 0.00 ovf 5.10 46.45 0.00 200 280 1
48458 0.00 ovf 5.10 46.45 0.00 200 280 1
48599 0.00 ovf 5.10 46.45 0.00 200 280 1
48740 0.00 ovf 5.10 46.45 0.00 200 280 1
48881 0.00 ovf 5.10 46.45 0.00 200 280 1
49022 0.00 ovf 5.10 46.45 0.00 200 280 1
49164 0.00 ovf 5.10 46.45 0.00 200 280 1
49307 0.00 ovf 5.10 46.45 0.00 200 280 1
49447 0.00 ovf 5.10 46.45 0.00 200 280 1
49588 0.00 ovf 5.10 46.45 0.00 200 280 1
49729 0.00 ovf 5.10 46.45 0.00 200 280 1
49870 0.00 ovf 5.10 46.45 0.00 200 280 1
50012 0.00 ovf 5.10 46.45 0.00 200 280 1
50153 0.00 ovf 5.10 46.45 0.00 200 280 1
50295 0.00 ovf 5.10 46.45 0.00 200 280 1
50439 0.00 ovf 5.10 46.45 0.00 200 280 1
50577 0.00 ovf 5.10 46.45 0.00 200 280 1
50718 0.00 ovf 5.10 46.45 0.00 200 280 1
50860 0.00 ovf 5.10 46.45 0.00 200 280 1
51002 0.00 ovf 5.10 46.45 0.00 200 280 1
51143 0.00 ovf 5.10 46.45 0.00 200 280 1
51284 0.00 ovf 5.10 46.45 0.00 200 280 1
51428 0.00 ovf 5.10 46.45 0.00 200 280 1
51567 0.00 ovf 5.10 46.45 0.00 200 280 1
51708 0.00 ovf 5.10 46.45 0.00 200 280 1
51850 0.00 ovf 5.10 46.45 0.00 200 280 1
51991 0.00 ovf 5.10 46.45 0.00 200 280 1
52132 0.00 ovf 5.10 46.10 0.00 200 280 1
52275 0.00 ovf 5.10 46.45 0.00 200 280 1
52417 0.00 ovf 5.10 46.45 0.00 200 280 1
52556 0.00 ovf 5.10 46.45 0.00 200 280 1
52698 0.00 ovf 5.10 46.45 0.00 200 280 1
52839 0.00 ovf 5.10 46.45 0.00 200 280 1
52980 0.00 ovf 5.10 46.45 0.00 200 280 1
53122 0.00 ovf 5.10 46.45 0.00 200 280 1
53263 0.00 ovf 5.10 46.45 0.00 200 280 1
53404 0.00 ovf 5.10 46.45 0.00 200 280 1
53547 0.00 ovf 5.10 46.10 0.00 200 280 1
53687 0.00 ovf 5.10 46.45 0.00 200 280 1
53828 0.00 ovf 5.10 46.45 0.00 200 280 1
53969 0.00 ovf 5.10 46.45 0.00 200 280 1
54111 0.00 ovf 5.10 46.45 0.00 200 280 1
54253 0.00 ovf 5.10 46.45 0.00 200 280 1
54394 0.00 ovf 5.10 46.45 0.00 200 280 1
54536 0.00 ovf 5.10 46.45 0.00 200 280 1
54677 0.00 ovf 5.10 46.45 0.00 200 280 1
54818 0.00 ovf 5.10 46.45 0.00 200 280 1
54960 0.00 ovf 5.10 46.10 0.00 200 280 1
55101 0.00 ovf 5.10 46.45 0.00 200 280 1
55242 0.00 ovf 5.10 46.45 0.00 200 280 1
55384 0.00 ovf 5.10 46.45 0.00 200 280 1
55525 0.00 ovf 5.10 46.45 0.00 200 280 1
55666 0.00 ovf 5.10 46.45 0.00 200 280 1
55808 0.00 ovf 5.10 46.45 0.00 200 280 1
56131 0.00 ovf 5.10 46.45 0.00 200 280 1
56272 0.00 ovf 5.10 46.45 0.00 200 280 1
56413 0.00 ovf 5.10 46.45 0.00 200 280 1
56555 0.00 ovf 5.10 46.45 0.00 200 280 1
56696 0.00 ovf 5.10 46.45 0.00 200 280 1
56838 0.00 ovf 5.10 46.45 0.00 200 280 1
56979 0.00 ovf 5.10 46.45 0.00 200 280 1
57120 0.00 ovf 5.10 46.45 0.00 200 280 1
57262 0.00 ovf 5.10 46.45 0.00 200 280 1
57403 0.00 ovf 5.10 46.45 0.00 200 280 1
57544 0.00 ovf 5.10 46.45 0.00 200 280 1
57686 0.00 ovf 5.10 46.45 0.00 200 280 1
57827 0.00 ovf 5.10 46.45 0.00 200 280 1
57968 0.00 ovf 5.10 46.45 0.00 200 280 1
58109 0.00 ovf 5.10 46.45 0.00 200 280 1
58251 0.00 ovf 5.10 46.45 0.00 200 280 1
58392 0.00 ovf 5.10 46.45 0.00 200 280 1
58534 0.00 ovf 5.10 46.45 0.00 200 280 1
58675 0.00 ovf 5.10 46.45 0.00 200 280 1
58816 0.00 ovf 5.10 46.45 0.00 200 280 1
58957 0.00 ovf 5.10 46.45 0.00 200 280 1
59099 0.00 ovf 5.10 46.45 0.00 200 280 1
59240 0.00 ovf 5.10 46.45 0.00 200 280 1
59381 0.00 ovf 5.10 46.45 0.00 200 280 1
59524 0.00 ovf 5.10 46.45 0.00 200 280 1
59664 0.00 ovf 5.10 46.45 0.00 200 280 1
