12328 0.00 ovf 10.50 42.93 0.00 305 230 1
14548 0.00 ovf 7.60 42.93 0.00 305 230 0
16753 0.00 ovf 7.60 42.93 0.00 305 230 0
18957 0.00 ovf 7.60 42.93 0.00 305 230 0
21161 0.00 ovf 7.60 42.93 0.00 305 230 0
23366 0.00 ovf 7.60 42.93 0.00 305 230 0
25571 0.00 ovf 7.60 42.93 0.00 305 230 0
27777 0.00 ovf 7.60 42.58 0.00 305 230 0
29981 0.00 ovf 7.60 42.93 0.00 305 230 0
32186 0.00 ovf 7.60 42.93 0.00 305 230 0
34390 0.00 ovf 7.60 42.93 0.00 305 230 0
36594 0.00 ovf 7.60 42.93 0.00 305 230 0
38799 0.00 ovf 7.60 42.93 0.00 305 230 0
41007 0.00 ovf 7.60 42.93 0.00 305 230 0
43211 0.00 ovf 7.60 42.93 0.00 305 230 0
45416 0.00 ovf 7.60 42.93 0.00 305 230 0
47620 0.00 ovf 7.60 42.93 0.00 305 230 0
49824 0.00 ovf 7.60 42.93 0.00 305 230 0
52028 0.00 ovf 7.60 42.93 0.00 305 230 0
54234 0.00 ovf 7.60 42.93 0.00 305 230 0
56438 0.00 ovf 7.60 42.93 0.00 305 230 0
58643 0.00 ovf 7.60 42.93 0.00 305 230 0
60849 0.00 ovf 7.60 42.93 0.00 305 230 0
63053 0.00 ovf 7.60 42.93 0.00 305 230 0
65258 0.00 ovf 7.60 42.93 0.00 305 230 0
67467 0.00 ovf 7.60 42.93 0.00 305 230 0
69671 0.00 ovf 7.60 42.93 0.00 305 230 0
71876 0.00 ovf 7.60 42.93 0.00 305 230 0
74082 0.00 ovf 7.60 42.93 0.00 305 230 0
76286 0.00 ovf 7.60 42.93 0.00 305 230 0
78491 0.00 ovf 7.60 42.93 0.00 305 230 0
80697 0.00 ovf 7.60 42.58 0.00 305 230 0
82902 0.00 ovf 7.60 42.93 0.00 305 230 0
85106 0.00 ovf 7.60 42.93 0.00 305 230 0
87312 0.00 ovf 7.60 42.93 0.00 305 230 0
89517 0.00 ovf 7.60 42.93 0.00 305 230 0
91722 0.00 ovf 7.60 42.93 0.00 305 230 0
93932 0.00 ovf 7.60 42.93 0.00 305 230 0
96137 0.00 ovf 7.60 42.93 0.00 305 230 0
98341 0.00 ovf 7.60 42.93 0.00 305 230 0
100547 0.00 ovf 7.60 42.93 0.00 305 230 0
102752 0.00 ovf 7.60 42.58 0.00 305 230 0
104956 0.00 ovf 7.60 42.93 0.00 305 230 0
107171 0.00 ovf 7.60 42.93 0.00 305 230 0
109611 0.00 ovf 7.60 42.93 0.00 305 230 0
111883 0.00 ovf 7.60 42.93 0.00 305 230 0
114097 0.00 ovf 7.60 42.93 0.00 305 230 0
116302 0.00 ovf 7.60 42.93 0.00 305 230 0
118509 0.00 ovf 7.60 42.93 0.00 305 230 0
120717 0.00 ovf 7.60 42.93 0.00 305 230 0
122921 0.00 ovf 7.60 42.93 0.00 305 230 0
125127 0.00 ovf 7.60 42.93 0.00 305 230 0
127332 0.00 ovf 7.60 42.93 0.00 305 230 0
129537 0.00 ovf 7.60 42.93 0.00 305 230 0
131742 0.00 ovf 7.60 42.93 0.00 305 230 0
133947 0.00 ovf 7.60 42.93 0.00 305 230 0
136154 0.00 ovf 7.60 42.93 0.00 305 230 0
138359 0.00 ovf 7.60 42.93 0.00 305 230 0
140564 0.00 ovf 7.60 42.93 0.00 305 230 0
142769 0.00 ovf 7.60 42.93 0.00 305 230 0
144975 0.00 ovf 7.60 42.93 0.00 305 230 0
147182 0.00 ovf 7.60 42.93 0.00 305 230 0
149387 0.00 ovf 7.60 42.93 0.00 305 230 0
151593 0.00 ovf 7.60 42.93 0.00 305 230 0
153797 0.00 ovf 7.60 42.93 0.00 305 230 0
156002 0.00 ovf 7.60 42.93 0.00 305 230 0
158208 0.00 ovf 7.60 42.93 0.00 305 230 0
160412 0.00 ovf 7.60 42.93 0.00 305 230 0
162617 0.00 ovf 7.60 42.93 0.00 305 230 0
164823 0.00 ovf 7.60 42.93 0.00 305 230 0
167027 0.00 ovf 7.60 42.93 0.00 305 230 0
169232 0.00 ovf 7.60 42.93 0.00 305 230 0
171437 0.00 ovf 7.60 42.93 0.00 305 230 0
173643 0.00 ovf 7.60 42.93 0.00 305 230 0
175848 0.00 ovf 7.60 42.93 0.00 305 230 0
178053 0.00 ovf 7.60 42.93 0.00 305 230 0
180258 0.00 ovf 7.60 42.58 0.00 305 230 0
182462 0.00 ovf 7.60 42.58 0.00 305 230 0
184667 0.00 ovf 7.60 42.93 0.00 305 230 0
186871 0.00 ovf 7.60 42.93 0.00 305 230 0
189075 0.00 ovf 7.60 42.93 0.00 305 230 0
191281 0.00 ovf 7.60 42.93 0.00 305 230 0
193485 0.00 ovf 7.60 42.58 0.00 305 230 0
195690 0.00 ovf 7.60 42.93 0.00 305 230 0
197897 0.00 ovf 7.60 42.93 0.00 305 230 0
200105 0.00 ovf 7.60 42.93 0.00 305 230 0
202309 0.00 ovf 7.60 42.93 0.00 305 230 0
204514 0.00 ovf 7.60 42.93 0.00 305 230 0
206720 0.00 ovf 7.60 42.93 0.00 305 230 0
208924 0.00 ovf 7.60 42.93 0.00 305 230 0
211129 0.00 ovf 7.60 42.93 0.00 305 230 0
213335 0.00 ovf 7.60 42.93 0.00 305 230 0
215539 0.00 ovf 7.60 42.93 0.00 305 230 0
217744 0.00 ovf 7.60 42.93 0.00 305 230 0
219950 0.00 ovf 7.60 42.58 0.00 305 230 0
222154 0.00 ovf 7.60 42.93 0.00 305 230 0
224360 0.00 ovf 7.60 42.93 0.00 305 230 0
226569 0.00 ovf 7.60 42.93 0.00 305 230 0
228773 0.00 ovf 7.60 42.93 0.00 305 230 0
230978 0.00 ovf 7.60 42.93 0.00 305 230 0
233185 0.00 ovf 7.60 42.93 0.00 305 230 0
235388 0.00 ovf 7.60 42.93 0.00 305 230 0
237593 0.00 ovf 7.70 42.93 0.00 305 230 0
239458 0.00 ovf 7.60 42.93 0.00 305 230 0
240708 0.00 ovf 7.60 43.64 0.00 305 230 0
240890 0.00 ovf 7.70 43.64 0.00 305 230 0
241071 0.00 ovf 7.70 43.64 0.00 305 230 0
241253 0.00 ovf 7.80 43.64 0.00 305 230 0
241435 0.00 ovf 7.50 43.64 0.00 305 230 0
241616 0.00 ovf 7.50 43.28 0.00 305 230 0
241799 0.00 ovf 7.40 43.64 0.00 305 230 0
241982 0.00 ovf 7.40 43.64 0.00 305 230 0
242161 0.00 ovf 7.40 43.64 0.00 305 230 0
242343 0.00 ovf 7.40 43.64 0.00 305 230 0
242525 0.00 ovf 7.40 43.64 0.00 305 230 0
242707 0.00 ovf 7.40 43.64 0.00 305 230 0
242888 0.00 ovf 7.40 43.64 0.00 305 230 0
243070 0.00 ovf 7.40 43.64 0.00 305 230 0
243252 0.00 ovf 7.40 43.99 0.00 305 230 0
243434 0.00 ovf 7.40 43.99 0.00 305 230 0
243615 0.00 ovf 7.30 43.99 0.00 305 230 0
243798 0.00 ovf 7.40 44.34 0.00 305 230 0
243981 0.00 ovf 7.50 44.34 0.00 305 230 0
244161 0.00 ovf 7.50 44.34 0.00 305 230 0
244342 0.00 ovf 7.50 44.34 0.00 305 230 0
244525 0.00 ovf 7.50 44.34 0.00 305 230 0
244706 0.00 ovf 7.50 44.34 0.00 305 230 0
244888 0.00 ovf 7.50 44.34 0.00 305 230 0
245069 0.00 ovf 7.40 44.34 0.00 305 230 0
245252 0.00 ovf 7.40 44.69 0.00 305 230 0
245433 0.00 ovf 7.40 44.34 0.00 305 230 0
245615 0.00 ovf 7.40 44.34 0.00 305 230 0
245796 0.00 ovf 7.50 44.34 0.00 305 230 0
245980 0.00 ovf 7.40 44.69 0.00 305 230 0
246160 0.00 ovf 7.40 44.69 0.00 305 230 0
246342 0.00 ovf 7.40 44.69 0.00 305 230 0
246523 0.00 ovf 7.50 44.69 0.00 305 230 0
246705 0.00 ovf 7.50 44.69 0.00 305 230 0
246887 0.00 ovf 7.40 44.69 0.00 305 230 0
247070 0.00 ovf 7.30 44.69 0.00 305 230 0
247250 0.00 ovf 7.40 44.69 0.00 305 230 0
247432 0.00 ovf 7.30 45.04 0.00 305 230 0
247614 0.00 ovf 7.40 44.69 0.00 305 230 0
247795 0.00 ovf 7.40 44.69 0.00 305 230 0
247980 0.00 ovf 7.40 44.69 0.00 305 230 0
248159 0.00 ovf 7.60 44.69 0.00 305 230 0
248341 0.00 ovf 7.50 44.69 0.00 305 230 0
248522 0.00 ovf 7.50 44.69 0.00 305 230 0
248705 0.00 ovf 7.60 44.69 0.00 305 230 0
248886 0.00 ovf 7.60 44.69 0.00 305 230 0
249068 0.00 ovf 7.60 44.69 0.00 305 230 0
249249 0.00 ovf 7.60 44.69 0.00 305 230 0
249432 0.00 ovf 7.60 44.69 0.00 305 230 0
249613 0.00 ovf 7.60 44.69 0.00 305 230 0
249795 0.00 ovf 7.60 44.69 0.00 305 230 0
249978 0.00 ovf 7.60 44.69 0.00 305 230 0
250159 0.00 ovf 7.60 44.69 0.00 305 230 0
250340 0.00 ovf 7.60 44.69 0.00 305 230 0
250522 0.00 ovf 7.60 44.69 0.00 305 230 0
250703 0.00 ovf 7.60 44.69 0.00 305 230 0
250886 0.00 ovf 7.60 44.69 0.00 305 230 0
251067 0.00 ovf 7.60 44.69 0.00 305 230 0
251249 0.00 ovf 7.60 44.69 0.00 305 230 0
251430 0.00 ovf 7.60 44.69 0.00 305 230 0
251612 0.00 ovf 7.60 44.69 0.00 305 230 0
251794 0.00 ovf 7.60 44.69 0.00 305 230 0
251977 0.00 ovf 7.60 44.69 0.00 305 230 0
252157 0.00 ovf 7.60 44.69 0.00 305 230 0
252339 0.00 ovf 7.60 44.69 0.00 305 230 0
252521 0.00 ovf 7.60 44.69 0.00 305 230 0
252702 0.00 ovf 7.60 44.69 0.00 305 230 0
252884 0.00 ovf 7.60 44.69 0.00 305 230 0
253066 0.00 ovf 7.40 44.69 0.00 305 230 0
253248 0.00 ovf 7.30 44.69 0.00 305 230 0
253429 0.00 ovf 7.40 44.69 0.00 305 230 0
253612 0.00 ovf 7.40 45.04 0.00 305 230 0
253793 0.00 ovf 7.20 44.69 0.00 305 230 0
253976 0.00 ovf 7.10 44.69 0.00 305 230 0
254156 0.00 ovf 7.10 44.69 0.00 305 230 0
254339 0.00 ovf 7.10 44.69 0.00 305 230 0
254520 0.00 ovf 7.10 45.04 0.00 305 230 0
254702 0.00 ovf 7.30 44.69 0.00 305 230 0
254883 0.00 ovf 7.30 44.69 0.00 305 230 0
255065 0.00 ovf 7.30 44.69 0.00 305 230 0
255247 0.00 ovf 7.30 44.69 0.00 305 230 0
255429 0.00 ovf 7.20 44.69 0.00 305 230 0
255610 0.00 ovf 7.20 44.69 0.00 305 230 0
255793 0.00 ovf 7.20 44.69 0.00 305 230 0
255976 0.00 ovf 7.30 44.69 0.00 305 230 0
256156 0.00 ovf 7.40 45.04 0.00 305 230 0
256337 0.00 ovf 7.40 45.40 0.00 305 230 0
256519 0.00 ovf 7.30 45.40 0.00 305 230 0
256703 0.00 ovf 7.40 45.40 0.00 305 230 0
256885 0.00 ovf 7.40 45.40 0.00 305 230 0
257067 0.00 ovf 7.40 45.40 0.00 305 230 0
257249 0.00 ovf 7.40 45.40 0.00 305 230 0
257430 0.00 ovf 7.40 45.75 0.00 305 230 0
257612 0.00 ovf 7.40 45.40 0.00 305 230 0
257794 0.00 ovf 7.40 45.40 0.00 305 230 0
257977 0.00 ovf 7.40 45.40 0.00 305 230 0
258157 0.00 ovf 7.40 45.40 0.00 305 230 0
258339 0.00 ovf 7.40 45.40 0.00 305 230 0
258521 0.00 ovf 7.40 45.40 0.00 305 230 0
258702 0.00 ovf 7.40 45.40 0.00 305 230 0
258884 0.00 ovf 7.60 45.40 0.00 305 230 0
259065 0.00 ovf 7.40 45.75 0.00 305 230 0
259248 0.00 ovf 7.30 46.10 0.00 305 230 0
259429 0.00 ovf 7.30 45.75 0.00 305 230 0
259611 0.00 ovf 7.30 45.75 0.00 305 230 0
259792 0.00 ovf 7.30 46.10 0.00 305 230 0
259977 0.00 ovf 7.30 46.10 0.00 305 230 0
260156 0.00 ovf 7.30 46.10 0.00 305 230 0
260338 0.00 ovf 7.30 46.10 0.00 305 230 0
260519 0.00 ovf 7.30 46.10 0.00 305 230 0
260702 0.00 ovf 7.30 45.75 0.00 305 230 0
260883 0.00 ovf 7.30 46.10 0.00 305 230 0
261064 0.00 ovf 7.30 46.10 0.00 305 230 0
261246 0.00 ovf 7.30 46.10 0.00 305 230 0
261429 0.00 ovf 7.40 46.10 0.00 305 230 0
261610 0.00 ovf 7.40 46.10 0.00 305 230 0
261792 0.00 ovf 7.30 46.10 0.00 305 230 0
261976 0.00 ovf 7.30 46.10 0.00 305 230 0
262156 0.00 ovf 7.30 46.10 0.00 305 230 0
262337 0.00 ovf 7.40 46.10 0.00 305 230 0
262518 0.00 ovf 7.30 46.10 0.00 305 230 0
262701 0.00 ovf 7.30 46.10 0.00 305 230 0
262883 0.00 ovf 7.30 46.10 0.00 305 230 0
263065 0.00 ovf 7.30 46.10 0.00 305 230 0
263245 0.00 ovf 7.40 46.10 0.00 305 230 0
263428 0.00 ovf 7.40 46.10 0.00 305 230 0
263609 0.00 ovf 7.40 46.10 0.00 305 230 0
263791 0.00 ovf 7.40 46.10 0.00 305 230 0
263974 0.00 ovf 7.40 46.10 0.00 305 230 0
264155 0.00 ovf 7.40 46.10 0.00 305 230 0
264336 0.00 ovf 7.50 46.10 0.00 305 230 0
264518 0.00 ovf 7.50 46.10 0.00 305 230 0
264699 0.00 ovf 7.50 46.45 0.00 305 230 0
264882 0.00 ovf 7.70 46.45 0.00 305 230 0
265065 0.00 ovf 8.00 46.45 0.00 305 230 0
265245 0.00 ovf 8.10 46.45 0.00 305 230 0
265426 0.00 ovf 7.90 46.45 0.00 305 230 0
265609 0.00 ovf 7.90 46.45 0.00 305 230 0
265790 0.00 ovf 7.90 46.45 0.00 305 230 0
265973 0.00 ovf 7.90 46.45 0.00 305 230 0
266153 0.00 ovf 7.90 46.45 0.00 305 230 0
266336 0.00 ovf 7.90 46.45 0.00 305 230 0
266517 0.00 ovf 7.90 46.45 0.00 305 230 0
266699 0.00 ovf 7.90 46.45 0.00 305 230 0
266881 0.00 ovf 7.90 46.45 0.00 305 230 0
267064 0.00 ovf 7.90 46.45 0.00 305 230 0
267244 0.00 ovf 7.90 46.45 0.00 305 230 0
267426 0.00 ovf 7.90 46.45 0.00 305 230 0
267608 0.00 ovf 7.90 46.45 0.00 305 230 0
267789 0.00 ovf 7.90 46.10 0.00 305 230 0
267973 0.00 ovf 7.90 46.45 0.00 305 230 0
268152 0.00 ovf 7.90 46.10 0.00 305 230 0
268335 0.00 ovf 7.90 46.45 0.00 305 230 0
268516 0.00 ovf 7.90 46.45 0.00 305 230 0
268698 0.00 ovf 7.90 46.45 0.00 305 230 0
268879 0.00 ovf 7.90 46.45 0.00 305 230 0
269062 0.00 ovf 7.90 46.45 0.00 305 230 0
269243 0.00 ovf 7.90 46.45 0.00 305 230 0
269425 0.00 ovf 7.90 46.45 0.00 305 230 0
269606 0.00 ovf 7.90 46.45 0.00 305 230 0
269789 0.00 ovf 7.90 46.10 0.00 305 230 0
269972 0.00 ovf 7.90 46.45 0.00 305 230 0
270152 0.00 ovf 7.90 46.45 0.00 305 230 0
270333 0.00 ovf 7.90 46.45 0.00 305 230 0
270516 0.00 ovf 7.90 46.45 0.00 305 230 0
270697 0.00 ovf 7.90 46.45 0.00 305 230 0
270879 0.00 ovf 7.90 46.10 0.00 305 230 0
271060 0.00 ovf 7.90 46.45 0.00 305 230 0
271243 0.00 ovf 7.90 46.45 0.00 305 230 0
271424 0.00 ovf 7.90 46.45 0.00 305 230 0
271606 0.00 ovf 7.90 46.45 0.00 305 230 0
271788 0.00 ovf 7.90 46.45 0.00 305 230 0
271971 0.00 ovf 7.90 46.45 0.00 305 230 0
272151 0.00 ovf 7.90 46.45 0.00 305 230 0
272332 0.00 ovf 7.90 46.45 0.00 305 230 0
272515 0.00 ovf 7.90 46.45 0.00 305 230 0
272696 0.00 ovf 7.90 46.10 0.00 305 230 0
272878 0.00 ovf 7.90 46.45 0.00 305 230 0
273059 0.00 ovf 7.90 46.45 0.00 305 230 0
273242 0.00 ovf 7.90 46.45 0.00 305 230 0
273424 0.00 ovf 7.90 46.45 0.00 305 230 0
273605 0.00 ovf 7.90 46.45 0.00 305 230 0
273786 0.00 ovf 7.90 46.10 0.00 305 230 0
273971 0.00 ovf 7.90 46.45 0.00 305 230 0
274150 0.00 ovf 7.90 46.45 0.00 305 230 0
274332 0.00 ovf 7.90 46.45 0.00 305 230 0
274513 0.00 ovf 7.90 46.45 0.00 305 230 0
274696 0.00 ovf 7.90 46.45 0.00 305 230 0
274877 0.00 ovf 7.90 46.45 0.00 305 230 0
275060 0.00 ovf 7.90 46.45 0.00 305 230 0
275240 0.00 ovf 7.90 46.45 0.00 305 230 0
275423 0.00 ovf 7.90 46.45 0.00 305 230 0
275604 0.00 ovf 7.90 46.45 0.00 305 230 0
275786 0.00 ovf 7.90 46.45 0.00 305 230 0
275970 0.00 ovf 7.90 46.45 0.00 305 230 0
276150 0.00 ovf 7.90 46.45 0.00 305 230 0
276331 0.00 ovf 7.90 46.45 0.00 305 230 0
276513 0.00 ovf 7.90 46.45 0.00 305 230 0
276695 0.00 ovf 7.90 46.45 0.00 305 230 0
276877 0.00 ovf 7.90 46.45 0.00 305 230 0
277060 0.00 ovf 7.90 46.45 0.00 305 230 0
277240 0.00 ovf 7.90 46.45 0.00 305 230 0
277422 0.00 ovf 7.90 46.45 0.00 305 230 0
277603 0.00 ovf 7.90 46.45 0.00 305 230 0
277785 0.00 ovf 7.90 46.45 0.00 305 230 0
277968 0.00 ovf 7.90 46.45 0.00 305 230 0
278149 0.00 ovf 7.90 46.45 0.00 305 230 0
278330 0.00 ovf 7.90 46.45 0.00 305 230 0
278512 0.00 ovf 7.90 46.45 0.00 305 230 0
278693 0.00 ovf 7.90 46.45 0.00 305 230 0
278876 0.00 ovf 7.90 46.45 0.00 305 230 0
279059 0.00 ovf 7.90 46.45 0.00 305 230 0
279239 0.00 ovf 7.90 46.45 0.00 305 230 0
279420 0.00 ovf 7.90 46.45 0.00 305 230 0
279603 0.00 ovf 7.90 46.45 0.00 305 230 0
279784 0.00 ovf 7.90 46.45 0.00 305 230 0
279968 0.00 ovf 7.90 46.45 0.00 305 230 0
280147 0.00 ovf 7.90 46.45 0.00 305 230 0
280330 0.00 ovf 7.90 46.45 0.00 305 230 0
280511 0.00 ovf 7.90 46.45 0.00 305 230 0
280693 0.00 ovf 7.90 46.45 0.00 305 230 0
280877 0.00 ovf 7.90 46.45 0.00 305 230 0
281058 0.00 ovf 7.90 46.45 0.00 305 230 0
281238 0.00 ovf 7.90 46.45 0.00 305 230 0
281420 0.00 ovf 7.90 46.45 0.00 305 230 0
281602 0.00 ovf 7.90 46.45 0.00 305 230 0
281784 0.00 ovf 7.90 46.45 0.00 305 230 0
281967 0.00 ovf 7.90 46.45 0.00 305 230 0
282147 0.00 ovf 7.90 46.45 0.00 305 230 0
282329 0.00 ovf 7.90 46.45 0.00 305 230 0
282511 0.00 ovf 7.90 46.45 0.00 305 230 0
282692 0.00 ovf 7.90 46.45 0.00 305 230 0
282873 0.00 ovf 7.90 46.45 0.00 305 230 0
283056 0.00 ovf 7.90 46.45 0.00 305 230 0
283237 0.00 ovf 7.90 46.45 0.00 305 230 0
283419 0.00 ovf 7.90 46.45 0.00 305 230 0
283600 0.00 ovf 7.90 46.45 0.00 305 230 0
283783 0.00 ovf 7.90 46.45 0.00 305 230 0
283966 0.00 ovf 7.90 46.45 0.00 305 230 0
284146 0.00 ovf 7.90 46.45 0.00 305 230 0
284327 0.00 ovf 7.90 46.45 0.00 305 230 0
284510 0.00 ovf 7.90 46.45 0.00 305 230 0
284691 0.00 ovf 7.90 46.45 0.00 305 230 0
284873 0.00 ovf 7.90 46.45 0.00 305 230 0
285057 0.00 ovf 7.90 46.45 0.00 305 230 0
285237 0.00 ovf 7.90 46.45 0.00 305 230 0
285418 0.00 ovf 7.90 46.45 0.00 305 230 0
285600 0.00 ovf 7.90 46.45 0.00 305 230 0
285782 0.00 ovf 7.90 46.45 0.00 305 230 0
285965 0.00 ovf 7.90 46.10 0.00 305 230 0
286145 0.00 ovf 7.90 46.45 0.00 305 230 0
286327 0.00 ovf 7.90 46.45 0.00 305 230 0
286509 0.00 ovf 7.90 46.45 0.00 305 230 0
286691 0.00 ovf 7.90 46.45 0.00 305 230 0
286872 0.00 ovf 7.90 46.45 0.00 305 230 0
287055 0.00 ovf 7.90 46.45 0.00 305 230 0
287236 0.00 ovf 7.90 46.45 0.00 305 230 0
287417 0.00 ovf 7.90 46.45 0.00 305 230 0
287599 0.00 ovf 7.90 46.45 0.00 305 230 0
