51897 52.486026763916 -1.889770030975 -88.40 0.00 -179.47 0.00 301 287 1
52108 52.486026763916 -1.889770030975 -88.20 0.00 179.82 0.00 300 212 0
52291 52.486026763916 -1.889770030975 -87.80 0.00 179.82 0.00 308 212 0
52471 52.486026763916 -1.889770030975 -87.20 0.00 178.77 0.00 305 214 0
52654 52.486026763916 -1.889770030975 -87.20 0.00 178.42 0.00 305 214 0
52834 52.486026763916 -1.889770030975 -86.50 0.00 178.06 0.00 302 212 0
53016 52.486026763916 -1.889770030975 -86.50 0.00 176.66 1.34 300 212 0
53198 52.486026763916 -1.889770030975 -87.00 0.00 177.36 1.34 303 212 0
53381 52.486026763916 -1.889770030975 -87.60 0.00 173.84 1.34 305 214 0
53562 52.486026763916 -1.889770030975 -87.70 0.00 173.14 1.34 305 214 0
53742 52.486026763916 -1.889770030975 -87.60 0.00 172.79 1.34 303 212 0
53924 52.486026763916 -1.889770030975 -87.80 0.00 172.79 1.34 300 212 0
54106 52.486026763916 -1.889770030975 -88.10 0.00 172.79 1.34 303 212 0
54289 52.486026763916 -1.889770030975 -88.70 0.00 172.79 1.34 305 214 0
54470 52.486026763916 -1.889770030975 -88.80 0.00 172.79 1.34 305 214 0
54672 52.486026763916 -1.889770030975 -88.30 0.00 175.60 1.34 300 214 0
54852 52.486026763916 -1.889770030975 -88.30 0.00 177.01 1.34 302 212 0
55034 52.486026763916 -1.889770030975 -88.30 0.00 177.01 1.34 300 212 0
55217 52.486026763916 -1.889770030975 -88.00 0.00 177.71 0.89 310 212 0
55399 52.486026763916 -1.889770030975 -87.80 0.00 178.77 0.89 305 214 0
55580 52.486026763916 -1.889770030975 -87.60 0.00 178.77 0.89 303 214 0
55760 52.486026763916 -1.889770030975 -87.30 0.00 -178.77 0.89 302 212 0
55962 52.486026763916 -1.889770030975 -87.40 0.00 -173.14 0.89 302 212 0
56144 52.486026763916 -1.889770030975 -87.40 0.00 -173.49 0.89 300 212 0
56328 52.486026763916 -1.889770030975 -87.40 0.00 -173.49 0.89 305 213 0
56508 52.486026763916 -1.889770030975 -87.20 0.00 -173.49 0.89 305 214 0
56690 52.486026763916 -1.889770030975 -87.20 0.00 -173.49 0.89 303 214 0
56870 52.486026763916 -1.889770030975 -87.20 0.00 -173.49 0.89 302 212 0
57053 52.486026763916 -1.889770030975 -87.20 0.00 -173.49 0.89 300 212 0
57236 52.486026763916 -1.889770030975 -87.20 0.00 -173.49 0.89 303 212 0
57416 52.486026763916 -1.889770030975 -87.20 0.00 -173.49 0.89 305 214 0
57598 52.486026763916 -1.889770030975 -87.00 0.00 -175.95 0.89 305 213 0
57779 52.486026763916 -1.889770030975 -86.70 0.00 -176.31 0.89 302 212 0
57961 52.486026763916 -1.889770030975 -86.40 0.00 -176.31 0.89 300 212 0
58142 52.486026763916 -1.889770030975 -86.30 0.00 -176.66 0.89 303 212 0
58346 52.486026763916 -1.889770030975 -86.30 0.00 -177.71 0.89 305 214 0
58527 52.486026763916 -1.889770030975 -86.50 0.00 -178.77 0.89 305 214 0
58707 52.486026763916 -1.889770030975 -86.90 0.00 -178.42 0.89 303 212 0
58890 52.486026763916 -1.889770030975 -87.10 0.00 -178.42 0.89 302 212 0
59071 52.486026763916 -1.889770030975 -87.10 0.00 -178.06 0.89 300 212 0
59254 52.486026763916 -1.889770030975 -87.30 0.00 -175.60 0.89 305 212 0
59435 52.486026763916 -1.889770030975 -87.60 0.00 -174.90 0.89 305 214 0
59637 52.486026763916 -1.889770030975 -87.70 0.00 -174.19 0.45 303 214 0
59817 52.486026763916 -1.889770030975 -87.60 0.00 -173.14 0.45 302 212 0
60000 52.486026763916 -1.889770030975 -87.50 0.00 -172.79 0.45 300 212 0
60181 52.486026763916 -1.889770030975 -87.50 0.00 -171.38 0.45 300 212 0
60364 52.486026763916 -1.889770030975 -87.50 0.00 -166.45 0.45 305 215 0
60546 52.486026763916 -1.889770030975 -87.40 0.00 -163.64 0.45 305 214 0
60726 52.486026763916 -1.889770030975 -87.10 0.00 -163.64 0.45 303 212 0
60928 52.486026763916 -1.889770030975 -87.50 0.00 -163.64 0.45 302 212 0
61110 52.486026763916 -1.889770030975 -88.10 0.00 -163.64 0.45 300 212 0
61293 52.486026763916 -1.889770030975 -88.10 0.00 -162.58 0.45 308 214 0
61473 52.486026763916 -1.889770030975 -88.00 0.00 -162.23 0.45 305 214 0
61656 52.486026763916 -1.889770030975 -88.10 0.00 -160.82 0.45 300 214 0
61836 52.486026763916 -1.889770030975 -88.30 0.00 -160.12 0.45 302 212 0
62018 52.486026763916 -1.889770030975 -89.30 0.00 -159.06 0.89 300 212 0
62200 52.486026763916 -1.889770030975 -88.80 0.00 -158.71 0.89 303 212 0
62383 52.486026763916 -1.889770030975 -88.20 0.00 -157.30 0.89 305 214 0
62564 52.486026763916 -1.889770030975 -89.10 0.00 -156.25 0.89 305 214 0
62744 52.486026763916 -1.889770030975 -88.90 0.00 -156.25 0.89 302 211 0
62926 52.486026763916 -1.889770030975 -88.50 0.00 -154.84 0.89 300 212 0
63108 52.486026763916 -1.889770030975 -88.90 0.00 -150.62 0.89 302 212 0
63291 52.486026763916 -1.889770030975 -88.60 0.00 -144.28 0.89 308 214 0
63492 52.486026763916 -1.889770030975 -87.90 0.00 -141.82 0.89 303 214 0
63673 52.486026763916 -1.889770030975 -87.60 0.00 -141.82 0.89 300 212 0
63854 52.486026763916 -1.889770030975 -87.90 0.00 -142.52 0.89 312 212 0
64036 52.486026763916 -1.889770030975 -88.30 0.00 -142.52 0.89 309 212 0
64220 52.486026763916 -1.889770030975 -88.30 0.00 -142.52 1.34 311 212 0
64400 52.486026763916 -1.889770030975 -88.20 0.00 -144.63 1.34 314 214 0
64582 52.486026763916 -1.889770030975 -88.20 0.00 -147.45 1.34 315 214 0
64783 52.486026763916 -1.889770030975 -87.90 0.00 -147.45 1.34 302 212 0
64964 52.486026763916 -1.889770030975 -87.60 0.00 -147.45 1.34 311 212 0
65146 52.486026763916 -1.889770030975 -87.60 0.00 -147.10 1.34 309 212 0
65330 52.486026763916 -1.889770030975 -87.50 0.00 -146.04 1.34 306 214 0
65510 52.486026763916 -1.889770030975 -87.60 0.00 -142.17 1.34 303 214 0
65691 52.486026763916 -1.889770030975 -87.60 0.00 -136.54 1.34 309 213 0
65872 52.486026763916 -1.889770030975 -87.70 0.00 -134.08 1.34 311 212 0
66055 52.486026763916 -1.889770030975 -87.90 0.00 -133.72 1.34 309 212 0
66238 52.486026763916 -1.889770030975 -89.00 0.00 -133.72 1.34 302 212 0
66418 52.486026763916 -1.889770030975 -90.30 0.00 -133.02 0.89 305 214 0
66600 52.486026763916 -1.889770030975 -94.30 0.00 -132.32 0.89 305 214 0
66781 52.486026763916 -1.889770030975 -93.50 0.00 -136.54 0.89 303 212 0
66963 52.486026763916 -1.889770030975 -91.90 0.00 -136.89 0.89 300 212 0
67144 52.486026763916 -1.889770030975 -90.60 0.00 -136.19 0.89 302 212 0
67348 52.486026763916 -1.889770030975 -89.90 0.00 -136.19 0.89 305 214 0
67529 52.486026763916 -1.889770030975 -90.20 0.00 -136.19 0.89 303 214 0
67709 52.486026763916 -1.889770030975 -91.00 0.00 -136.54 0.89 303 212 0
67891 52.486026763916 -1.889770030975 -92.20 0.00 -136.54 0.89 302 212 0
68073 52.486026763916 -1.889770030975 -93.80 0.00 -136.54 0.89 300 212 0
68256 52.486026763916 -1.889770030975 -93.90 0.00 -136.54 0.89 308 211 0
68436 52.486026763916 -1.889770030975 -93.70 0.00 -136.54 0.89 303 214 0
68639 52.486026763916 -1.889770030975 -93.40 0.00 -135.13 1.34 312 214 0
68819 52.486026763916 -1.889770030975 -93.00 0.00 -136.54 1.34 311 212 0
69001 52.486026763916 -1.889770030975 -93.00 0.00 -135.84 1.34 309 212 0
69184 52.486026763916 -1.889770030975 -92.90 0.00 -136.19 1.34 309 212 0
69365 52.486026763916 -1.889770030975 -92.60 0.00 -136.19 1.34 317 214 0
69548 52.486026763916 -1.889770030975 -92.10 0.00 -136.19 1.34 312 214 0
69728 52.486026763916 -1.889770030975 -91.90 0.00 -135.84 1.34 312 212 0
69929 52.486026763916 -1.889770030975 -91.70 0.00 -135.84 1.34 311 211 0
70112 52.486026763916 -1.889770030975 -91.40 0.00 -135.48 1.34 309 212 0
70294 52.486026763916 -1.889770030975 -91.20 0.00 -133.02 1.34 315 214 0
70475 52.486026763916 -1.889770030975 -91.40 0.00 -131.96 1.34 314 214 0
70658 52.486026763916 -1.889770030975 -91.60 0.00 -130.91 1.34 315 214 0
70838 52.486026763916 -1.889770030975 -91.50 0.00 -130.21 1.34 311 212 0
71020 52.486026763916 -1.889770030975 -91.30 0.00 -129.85 1.34 309 212 0
71223 52.486026763916 -1.889770030975 -91.40 0.00 -129.85 1.34 309 212 0
71404 52.486026763916 -1.889770030975 -91.40 0.00 -130.21 1.34 317 214 0
71585 52.486026763916 -1.889770030975 -91.60 0.00 -129.50 1.34 317 214 0
71767 52.486026763916 -1.889770030975 -92.20 0.00 -129.50 1.34 309 212 0
71948 52.486026763916 -1.889770030975 -92.30 0.00 -129.15 1.34 311 212 0
72130 52.486026763916 -1.889770030975 -92.40 0.00 -129.15 1.34 309 212 0
72333 52.486026763916 -1.889770030975 -91.90 0.00 -128.80 1.34 315 214 0
72514 52.486026763916 -1.889770030975 -91.60 0.00 -129.50 1.34 314 213 0
72695 52.486026763916 -1.889770030975 -91.50 0.00 -130.56 1.34 310 212 0
72877 52.486026763916 -1.889770030975 -91.20 0.00 -130.91 1.34 309 212 0
73058 52.486026763916 -1.889770030975 -91.40 0.00 -133.37 1.34 312 212 0
73241 52.486026763916 -1.889770030975 -91.40 0.00 -134.08 1.34 309 212 0
73422 52.486026763916 -1.889770030975 -91.50 0.00 -134.08 1.34 317 214 0
73624 52.486026763916 -1.889770030975 -91.80 0.00 -133.37 1.34 314 213 0
73805 52.486026763916 -1.889770030975 -91.40 0.00 -133.02 1.34 309 212 0
73987 52.486026763916 -1.889770030975 -90.90 0.00 -132.67 1.34 311 212 0
74169 52.486026763916 -1.889770030975 -90.00 0.00 -132.67 1.34 312 212 0
74351 52.486026763916 -1.889770030975 -89.40 0.00 -133.02 1.34 315 214 0
74532 52.486026763916 -1.889770030975 -88.80 0.00 -134.78 1.34 314 214 0
74714 52.486026763916 -1.889770030975 -87.40 0.00 -135.48 1.34 309 212 0
74915 52.486026763916 -1.889770030975 -88.20 0.00 -135.13 1.34 309 212 0
75097 52.486026763916 -1.889770030975 -89.20 0.00 -135.13 1.34 311 212 0
75280 52.486026763916 -1.889770030975 -90.20 0.00 -128.09 1.34 312 212 0
75461 52.486026763916 -1.889770030975 -90.50 0.00 -116.83 1.34 315 214 0
75642 52.486026763916 -1.889770030975 -90.70 0.00 -110.50 1.34 317 214 0
75824 52.486026763916 -1.889770030975 -90.70 0.00 -110.50 1.34 309 212 0
76005 52.486026763916 -1.889770030975 -90.40 0.00 -112.96 1.34 311 212 0
76187 52.486026763916 -1.889770030975 -90.30 0.00 -118.94 1.34 309 212 0
76369 52.486026763916 -1.889770030975 -91.80 0.00 -122.82 1.34 315 214 0
76551 52.486026763916 -1.889770030975 -93.90 0.00 -122.46 1.34 317 214 0
76732 52.486026763916 -1.889770030975 -95.40 0.00 -122.11 1.34 309 212 0
76913 52.486026763916 -1.889770030975 -94.80 0.00 -122.46 1.34 311 212 0
77094 52.486026763916 -1.889770030975 -92.90 0.00 -120.35 1.34 312 212 0
77298 52.486026763916 -1.889770030975 -90.30 0.00 -121.76 1.34 312 214 0
77702 52.486026763916 -1.889770030975 -82.90 0.00 -128.45 0.89 309 212 0
77882 52.486026763916 -1.889770030975 -80.70 0.00 -130.21 0.89 311 212 0
78064 52.486026763916 -1.889770030975 -80.50 0.00 -130.21 0.89 309 212 0
78246 52.486026763916 -1.889770030975 -84.00 0.00 -128.80 0.89 316 212 0
78428 52.486026763916 -1.889770030975 -84.10 0.00 -139.71 0.89 314 213 0
78610 52.486026763916 -1.889770030975 -85.50 0.00 -142.87 0.89 315 214 0
78790 52.486026763916 -1.889770030975 -87.60 0.00 -155.54 0.89 311 212 0
78992 52.486026763916 -1.889770030975 -84.30 0.00 169.62 0.89 311 212 0
79174 52.486026763916 -1.889770030975 -82.40 0.00 140.76 0.89 309 212 0
79356 52.486026763916 -1.889770030975 -80.40 0.00 126.69 0.89 317 214 0
79538 52.486026763916 -1.889770030975 -79.20 0.00 130.91 0.89 314 214 0
79719 52.486026763916 -1.889770030975 -79.20 0.00 142.87 0.89 309 212 0
79900 52.486026763916 -1.889770030975 -80.60 0.00 159.06 1.34 312 211 0
80082 52.486026763916 -1.889770030975 -80.70 0.00 177.36 1.34 309 212 0
80285 52.486026763916 -1.889770030975 -80.90 0.00 -160.82 1.34 312 214 0
80466 52.486026763916 -1.889770030975 -82.50 0.00 -140.41 1.34 317 214 0
80649 52.486026763916 -1.889770030975 -83.70 0.00 -124.93 1.34 312 214 0
80829 52.486026763916 -1.889770030975 -82.20 0.00 -123.17 1.34 309 212 0
81010 52.486026763916 -1.889770030975 -78.70 0.00 -123.52 1.34 311 212 0
81193 52.486026763916 -1.889770030975 -77.10 0.00 -124.57 1.34 309 212 0
81375 52.486026763916 -1.889770030975 -77.20 0.00 -128.45 1.34 314 214 0
81576 52.486026763916 -1.889770030975 -77.30 0.00 -137.95 1.34 317 214 0
81758 52.486026763916 -1.889770030975 -77.50 0.00 -158.36 1.34 309 212 0
81939 52.486026763916 -1.889770030975 -75.90 0.00 173.14 1.34 311 212 0
82120 52.486026763916 -1.889770030975 -75.80 0.00 161.17 1.79 312 212 0
82304 52.486026763916 -1.889770030975 -76.50 0.00 165.75 1.79 315 214 0
82485 52.486026763916 -1.889770030975 -77.00 0.00 174.55 1.79 314 213 0
82666 52.486026763916 -1.889770030975 -78.90 0.00 -179.12 1.79 309 214 0
82868 52.486026763916 -1.889770030975 -79.80 0.00 -177.71 1.79 309 212 0
83049 52.486026763916 -1.889770030975 -79.60 0.00 -177.71 1.79 311 212 0
83232 52.486026763916 -1.889770030975 -79.00 0.00 -179.47 1.79 309 212 0
83414 52.486026763916 -1.889770030975 -77.30 0.00 178.42 1.79 312 214 0
83595 52.486026763916 -1.889770030975 -76.30 0.00 154.84 1.79 317 214 0
83776 52.486026763916 -1.889770030975 -77.20 0.00 92.90 1.79 309 212 0
83957 52.486026763916 -1.889770030975 -78.00 0.00 23.23 1.79 312 212 0
84139 52.486026763916 -1.889770030975 -78.60 0.00 -5.63 1.79 311 212 0
84322 52.486026763916 -1.889770030975 -79.10 0.00 -1.06 1.79 312 214 0
84503 52.486026763916 -1.889770030975 -79.70 0.00 -1.41 0.89 317 214 0
84684 52.486026763916 -1.889770030975 -80.40 0.00 -0.35 0.89 309 214 0
84866 52.486026763916 -1.889770030975 -80.80 0.00 -0.00 0.89 312 212 0
85047 52.486026763916 -1.889770030975 -80.90 0.00 -0.35 0.89 311 212 0
85230 52.486026763916 -1.889770030975 -81.00 0.00 -1.06 0.89 309 212 0
85432 52.486026763916 -1.889770030975 -81.00 0.00 -1.41 0.89 312 214 0
85613 52.486026763916 -1.889770030975 -81.30 0.00 -2.11 0.89 317 214 0
85794 52.486026763916 -1.889770030975 -82.40 0.00 -2.11 0.89 309 212 0
85976 52.486026763916 -1.889770030975 -83.10 0.00 -5.63 0.89 311 212 0
86158 52.486026763916 -1.889770030975 -82.50 0.00 -10.91 0.89 309 212 0
86340 52.486026763916 -1.889770030975 -82.20 0.00 -29.21 0.89 312 214 0
86521 52.486026763916 -1.889770030975 -81.90 0.00 -71.79 0.89 317 214 0
86686 52.486026763916 -1.889770030975 -81.60 0.00 -119.30 0.89 280 244 1
86848 52.486026763916 -1.889770030975 -81.50 0.00 -161.52 0.89 209 290 1
87010 52.486026763916 -1.889770030975 -81.10 0.00 162.93 0.89 228 330 1
87172 52.486026763916 -1.889770030975 -80.60 0.00 142.87 0.89 253 331 1
87334 52.486026763916 -1.889770030975 -80.80 0.00 86.92 0.89 270 312 1
87495 52.486026763916 -1.889770030975 -80.10 0.00 28.50 0.89 280 258 1
87656 52.486026763916 -1.889770030975 -80.50 0.00 12.67 0.89 278 350 1
87817 52.486026763916 -1.889770030975 -82.50 0.00 7.04 0.89 280 350 1
87977 52.486026763916 -1.889770030975 -84.30 0.00 11.26 0.89 280 350 1
88139 52.486026763916 -1.889770030975 -85.10 0.00 14.78 0.89 282 350 1
88302 52.486026763916 -1.889770030975 -84.50 0.00 13.37 0.89 284 350 1
88464 52.486026763916 -1.889770030975 -85.00 0.00 13.72 0.89 282 350 1
88626 52.486026763916 -1.889770030975 -86.40 0.00 16.54 0.89 282 350 1
88785 52.486026763916 -1.889770030975 -86.80 0.00 15.84 0.89 284 350 1
88947 52.486026763916 -1.889770030975 -85.50 0.00 15.13 1.34 284 350 1
89108 52.486026763916 -1.889770030975 -85.30 0.00 15.48 1.34 284 350 1
89271 52.486026763916 -1.889770030975 -87.20 0.00 15.48 1.34 284 350 1
89433 52.486026763916 -1.889770030975 -91.80 0.00 15.84 1.34 284 350 1
89594 52.486026763916 -1.889770030975 -97.80 0.00 16.19 1.34 289 350 1
89754 52.486026763916 -1.889770030975 -103.60 0.00 14.43 1.34 295 350 1
89916 52.486026763916 -1.889770030975 -108.10 0.00 14.08 1.34 301 350 1
90078 52.486026763916 -1.889770030975 -111.30 0.00 12.32 1.34 303 350 1
90241 52.486026763916 -1.889770030975 -112.40 0.00 14.43 1.34 305 350 1
90401 52.486026763916 -1.889770030975 -112.20 0.00 14.78 1.34 305 350 1
90563 52.486026763916 -1.889770030975 -108.10 0.00 14.43 1.34 305 350 1
90723 52.486026763916 -1.889770030975 -104.60 0.00 17.95 1.34 303 350 1
90885 52.486026763916 -1.889770030975 -102.20 0.00 18.30 1.34 301 350 1
91046 52.486026763916 -1.889770030975 -102.00 0.00 20.76 1.34 299 350 1
91209 52.486026763916 -1.889770030975 -101.20 0.00 19.71 0.45 299 350 1
91370 52.486026763916 -1.889770030975 -100.50 0.00 17.60 0.45 297 350 1
91532 52.486026763916 -1.889770030975 -100.10 0.00 17.24 0.45 297 350 1
91693 52.486026763916 -1.889770030975 -102.10 0.00 19.71 0.45 297 350 1
91853 52.486026763916 -1.889770030975 -105.10 0.00 22.17 0.45 299 350 1
92015 52.486026763916 -1.889770030975 -104.50 0.00 21.11 0.45 301 350 1
92177 52.486026763916 -1.889770030975 -103.90 0.00 25.34 0.45 301 350 1
92340 52.486026763916 -1.889770030975 -102.50 0.00 23.23 0.45 301 350 1
92500 52.486026763916 -1.889770030975 -102.30 0.00 27.10 0.45 299 350 1
92661 52.486026763916 -1.889770030975 -101.40 0.00 26.74 0.45 299 350 1
92822 52.486026763916 -1.889770030975 -100.80 0.00 23.23 0.45 299 350 1
92984 52.486026763916 -1.889770030975 -101.20 0.00 22.17 0.45 297 350 1
93146 52.486026763916 -1.889770030975 -103.10 0.00 22.52 0.45 297 350 1
93308 52.486026763916 -1.889770030975 -102.40 0.00 20.41 0.45 299 350 1
93469 52.486026763916 -1.889770030975 -101.90 0.00 20.06 1.34 299 350 1
93631 52.486026763916 -1.889770030975 -102.00 0.00 19.35 1.34 299 350 1
93791 52.486026763916 -1.889770030975 -101.90 0.00 18.30 1.34 299 350 1
93953 52.486026763916 -1.889770030975 -100.80 0.00 16.89 1.34 299 350 1
94114 52.486026763916 -1.889770030975 -99.70 0.00 16.19 1.34 297 350 1
94277 52.486026763916 -1.889770030975 -101.10 0.00 17.24 1.34 297 350 1
94438 52.486026763916 -1.889770030975 -103.90 0.00 20.06 1.34 297 350 1
94600 52.486026763916 -1.889770030975 -104.20 0.00 18.30 1.34 301 350 1
94759 52.486026763916 -1.889770030975 -103.70 0.00 20.41 1.34 301 350 1
94921 52.486026763916 -1.889770030975 -103.50 0.00 20.06 1.34 301 350 1
95083 52.486026763916 -1.889770030975 -102.40 0.00 21.11 1.34 299 350 1
95246 52.486026763916 -1.889770030975 -100.70 0.00 21.11 1.34 299 350 1
95407 52.486026763916 -1.889770030975 -101.60 0.00 21.11 1.34 297 350 1
95568 52.486026763916 -1.889770030975 -104.00 0.00 22.87 1.34 299 350 1
95729 52.486026763916 -1.889770030975 -105.00 0.00 20.41 0.89 301 350 1
95890 52.486026763916 -1.889770030975 -104.20 0.00 20.06 0.89 301 350 1
96052 52.486026763916 -1.889770030975 -102.90 0.00 17.95 0.89 301 350 1
96215 52.486026763916 -1.889770030975 -102.60 0.00 18.65 0.89 299 350 1
96375 52.486026763916 -1.889770030975 -101.30 0.00 15.84 0.89 299 350 1
96537 52.486026763916 -1.889770030975 -100.90 0.00 11.96 0.89 299 350 1
96698 52.486026763916 -1.889770030975 -103.30 0.00 14.78 0.89 297 350 1
96859 52.486026763916 -1.889770030975 -107.70 0.00 16.89 0.89 299 350 1
97020 52.486026763916 -1.889770030975 -109.50 0.00 14.43 0.89 303 350 1
97183 52.486026763916 -1.889770030975 -110.20 0.00 14.43 0.89 305 350 1
97345 52.485961914062 -1.889703273773 -111.10 0.00 14.43 0.89 305 350 1
97506 52.485961914062 -1.889703273773 -113.70 0.00 16.89 0.89 329 350 1
97667 52.485961914062 -1.889703273773 -114.30 0.00 13.37 0.89 333 350 1
97827 52.485961914062 -1.889703273773 -116.20 0.00 11.96 0.89 333 350 1
97989 52.485961914062 -1.889703273773 -120.90 0.00 16.19 1.34 335 350 1
98151 52.485961914062 -1.889703273773 -124.90 0.00 17.60 1.34 339 350 1
98314 52.485961914062 -1.889691543579 -124.00 0.00 11.96 1.34 341 350 1
98475 52.485961914062 -1.889691543579 -123.60 0.00 13.02 1.34 341 350 1
98636 52.485961914062 -1.889691543579 -123.40 0.00 12.67 1.34 341 350 1
98797 52.485961914062 -1.889691543579 -122.20 0.00 14.08 1.34 341 350 1
98958 52.485961914062 -1.889691543579 -118.60 0.00 9.85 1.34 339 350 1
99120 52.485961914062 -1.889691543579 -117.00 0.00 9.85 1.34 337 350 1
99282 52.485961914062 -1.889691543579 -117.70 0.00 12.67 1.34 335 350 1
99443 52.485961914062 -1.889691543579 -116.50 0.00 10.91 1.34 335 350 1
99605 52.485961914062 -1.889691543579 -114.70 0.00 13.02 1.34 335 350 1
99766 52.485961914062 -1.889691543579 -113.10 0.00 13.72 1.34 333 350 1
99927 52.485961914062 -1.889691543579 -111.90 0.00 15.13 1.34 331 350 1
100088 52.485961914062 -1.889691543579 -109.80 0.00 15.48 1.34 331 350 1
100251 52.485961914062 -1.889691543579 -107.40 0.00 13.37 1.34 329 350 1
100412 52.485961914062 -1.889691543579 -107.00 0.00 13.37 1.34 326 350 1
100574 52.485961914062 -1.889691543579 -109.20 0.00 16.19 1.34 326 350 1
100734 52.485961914062 -1.889691543579 -108.70 0.00 13.72 1.34 329 350 1
100895 52.485961914062 -1.889691543579 -107.30 0.00 12.67 1.34 329 350 1
101057 52.485961914062 -1.889691543579 -106.30 0.00 11.26 1.34 326 350 1
101220 52.485961914062 -1.889691543579 -107.80 0.00 17.95 1.34 326 350 1
101381 52.485961914062 -1.889691543579 -105.10 0.00 10.91 1.34 326 350 1
101542 52.485961914062 -1.889691543579 -104.70 0.00 10.91 1.34 324 350 1
101703 52.485961914062 -1.889691543579 -107.00 0.00 14.08 1.34 324 350 1
101865 52.485961914062 -1.889691543579 -109.20 0.00 15.13 1.34 326 350 1
102026 52.485961914062 -1.889691543579 -108.10 0.00 13.37 1.34 329 350 1
102189 52.485961914062 -1.889691543579 -106.10 0.00 11.96 1.34 326 350 1
102350 52.485939025878 -1.889633369445 -104.40 0.00 9.50 0.89 326 350 1
102511 52.485939025878 -1.889633369445 -103.50 0.00 10.91 0.89 333 350 1
102672 52.485939025878 -1.889633369445 -103.50 0.00 7.74 0.89 333 350 1
102834 52.485939025878 -1.889633369445 -104.80 0.00 7.39 0.89 333 350 1
102994 52.485939025878 -1.889633369445 -107.40 0.00 10.21 0.89 333 350 1
103157 52.485939025878 -1.889633369445 -105.80 0.00 3.87 0.89 335 350 1
103319 52.485935211181 -1.889621734619 -104.70 0.00 4.22 0.89 335 350 1
103480 52.485935211181 -1.889621734619 -102.80 0.00 0.00 0.89 337 350 1
103642 52.485935211181 -1.889621734619 -100.80 0.00 4.22 0.89 335 350 1
103802 52.485935211181 -1.889621734619 -96.20 0.00 0.00 0.89 333 350 1
103963 52.485935211181 -1.889621734619 -93.20 0.00 1.06 0.89 329 350 1
104125 52.485935211181 -1.889621734619 -92.50 0.00 2.11 0.89 326 350 1
104288 52.485935211181 -1.889621734619 -91.60 0.00 3.17 0.89 324 350 1
104449 52.485935211181 -1.889621734619 -88.80 0.00 1.76 0.89 324 350 1
104610 52.485935211181 -1.889621734619 -88.00 0.00 2.11 1.34 322 350 1
104771 52.485935211181 -1.889621734619 -86.70 0.00 1.76 1.34 322 350 1
104932 52.485935211181 -1.889621734619 -85.90 0.00 1.76 1.34 320 350 1
105094 52.485935211181 -1.889621734619 -84.40 0.00 0.00 1.34 320 350 1
105256 52.485935211181 -1.889621734619 -85.50 0.00 0.00 1.34 318 350 1
105417 52.485935211181 -1.889621734619 -87.50 0.00 0.00 1.34 318 350 1
105579 52.485935211181 -1.889621734619 -86.80 0.00 0.00 1.34 320 350 1
105740 52.485935211181 -1.889621734619 -86.00 0.00 0.00 1.34 320 350 1
105901 52.485935211181 -1.889621734619 -84.20 0.00 0.00 1.34 320 350 1
106062 52.485935211181 -1.889621734619 -84.80 0.00 0.00 1.34 318 350 1
106225 52.485935211181 -1.889621734619 -82.70 0.00 0.00 1.34 318 350 1
106387 52.485935211181 -1.889621734619 -82.50 0.00 0.00 1.34 316 350 1
106548 52.485935211181 -1.889621734619 -84.00 0.00 0.00 1.34 316 350 1
106708 52.485935211181 -1.889621734619 -80.40 0.00 0.00 1.34 318 350 1
106870 52.485935211181 -1.889621734619 -75.60 0.00 -0.00 0.89 314 350 1
107031 52.485935211181 -1.889621734619 -75.10 0.00 -0.00 0.89 310 350 1
107194 52.485935211181 -1.889621734619 -76.30 0.00 0.00 0.89 310 350 1
107356 52.485919952392 -1.889556694030 -73.80 0.00 0.00 0.89 310 350 1
107516 52.485919952392 -1.889556694030 -72.90 0.00 0.35 0.89 314 350 1
107677 52.485919952392 -1.889556694030 -75.50 0.00 0.00 0.89 314 350 1
107839 52.485919952392 -1.889556694030 -78.40 0.00 0.00 0.89 316 350 1
108000 52.485919952392 -1.889556694030 -79.60 0.00 0.00 0.89 318 350 1
108163 52.485919952392 -1.889556694030 -81.00 0.00 0.00 0.89 320 350 1
108324 52.485919952392 -1.889539909362 -80.70 0.00 0.00 0.89 320 350 1
108485 52.485919952392 -1.889539909362 -80.70 0.00 0.00 0.89 320 350 1
108647 52.485919952392 -1.889539909362 -79.90 0.00 0.00 0.89 320 350 1
108808 52.485919952392 -1.889539909362 -81.70 0.00 0.00 0.89 320 350 1
108968 52.485919952392 -1.889539909362 -85.20 0.00 0.00 0.89 322 350 1
109130 52.485919952392 -1.889539909362 -85.30 0.00 0.00 0.89 324 350 1
109293 52.485919952392 -1.889539909362 -84.50 0.00 0.00 0.89 324 350 1
109454 52.485919952392 -1.889539909362 -83.10 0.00 0.00 0.89 324 350 1
109617 52.485919952392 -1.889539909362 -80.70 0.00 -0.00 0.89 322 350 1
109776 52.485919952392 -1.889539909362 -81.00 0.00 -0.00 0.89 320 350 1
109938 52.485919952392 -1.889539909362 -82.30 0.00 -0.00 0.89 320 350 1
110099 52.485919952392 -1.889539909362 -84.60 0.00 -0.00 0.89 322 350 1
110262 52.485919952392 -1.889539909362 -85.00 0.00 -0.00 0.89 324 350 1
110423 52.485919952392 -1.889539909362 -84.20 0.00 87.98 0.89 324 350 1
110585 52.485919952392 -1.889539909362 -80.10 0.00 -0.00 0.89 404 259 1
110745 52.485919952392 -1.889539909362 -74.80 0.00 -0.00 0.89 320 350 1
110907 52.485919952392 -1.889539909362 -69.40 0.00 -0.00 0.89 316 350 1
111068 52.485919952392 -1.889539909362 -66.50 0.00 -0.35 0.89 310 350 1
111230 52.485919952392 -1.889539909362 -66.70 0.00 -0.00 0.89 308 350 1
111392 52.485919952392 -1.889539909362 -64.60 0.00 -0.00 0.45 308 350 1
111553 52.485919952392 -1.889539909362 -63.50 0.00 -0.00 0.45 305 350 1
111714 52.485919952392 -1.889539909362 -61.50 0.00 -3.52 0.45 305 350 1
111876 52.485919952392 -1.889539909362 -59.50 0.00 -4.93 0.45 305 350 1
112036 52.485919952392 -1.889539909362 -58.90 0.00 -6.33 0.45 303 350 1
112199 52.485919952392 -1.889539909362 -61.70 0.00 -4.93 0.45 303 350 1
112361 52.485950469970 -1.889454936981 -63.80 0.00 -6.33 0.45 305 350 1
112522 52.485950469970 -1.889454936981 -65.10 0.00 -11.26 0.45 299 350 1
112684 52.485950469970 -1.889454936981 -65.90 0.00 -16.19 0.45 299 350 1
112844 52.485950469970 -1.889454936981 -65.50 0.00 -17.24 0.45 301 350 1
113005 52.485950469970 -1.889454936981 -63.90 0.00 -24.63 0.45 301 350 1
113168 52.485950469970 -1.889454936981 -62.90 0.00 -27.45 0.45 299 350 1
113330 52.485958099365 -1.889436721801 -63.80 0.00 -28.50 0.45 297 350 1
113490 52.485958099365 -1.889436721801 -66.50 0.00 -28.86 0.45 297 350 1
113652 52.485958099365 -1.889436721801 -68.50 0.00 -27.80 0.45 299 350 1
113813 52.485958099365 -1.889436721801 -67.30 0.00 -28.86 0.45 301 350 1
113975 52.485958099365 -1.889436721801 -65.60 0.00 -29.91 0.45 299 350 1
114136 52.485958099365 -1.889436721801 -65.80 0.00 -27.45 0.45 297 350 1
114299 52.485958099365 -1.889436721801 -64.60 0.00 -28.86 0.45 299 350 1
114460 52.485958099365 -1.889436721801 -62.40 0.00 -30.97 0.45 297 350 1
114621 52.485958099365 -1.889436721801 -64.00 0.00 -27.80 0.45 295 350 1
114782 52.485958099365 -1.889436721801 -68.60 0.00 -24.28 0.45 297 350 1
114944 52.485958099365 -1.889436721801 -70.00 0.00 -26.39 0.45 301 350 1
115104 52.485958099365 -1.889436721801 -69.40 0.00 -27.45 0.45 301 350 1
115268 52.485958099365 -1.889436721801 -69.60 0.00 -25.34 0.45 301 350 1
115429 52.485958099365 -1.889436721801 -68.30 0.00 -24.28 0.45 301 350 1
115591 52.485958099365 -1.889436721801 -67.40 0.00 -26.39 0.45 301 350 1
115750 52.485958099365 -1.889436721801 -69.00 0.00 -24.99 0.45 299 350 1
115912 52.485958099365 -1.889436721801 -73.70 0.00 -22.17 0.45 301 350 1
116073 52.485958099365 -1.889436721801 -75.40 0.00 -23.23 0.45 305 350 1
116237 52.485958099365 -1.889436721801 -74.60 0.00 -24.28 0.45 305 350 1
116398 52.485958099365 -1.889436721801 -74.80 0.00 -23.58 0.45 305 350 1
116559 52.485958099365 -1.889436721801 -74.50 0.00 -20.06 0.45 305 350 1
116719 52.485958099365 -1.889436721801 -73.30 0.00 -22.17 0.45 305 350 1
116881 52.485958099365 -1.889436721801 -73.20 0.00 -24.28 0.45 305 350 1
117043 52.485958099365 -1.889436721801 -76.40 0.00 -20.76 0.45 305 350 1
117206 52.485958099365 -1.889436721801 -77.90 0.00 -23.23 0.45 305 350 1
117366 52.485958099365 -1.889436721801 -76.80 0.00 -22.87 0.45 308 350 1
117528 52.485958099365 -1.889436721801 -75.90 0.00 -21.82 0.45 305 350 1
117689 52.485958099365 -1.889436721801 -75.20 0.00 -19.71 0.45 305 350 1
117850 52.485958099365 -1.889436721801 -73.40 0.00 -23.93 0.45 305 350 1
118011 52.485958099365 -1.889436721801 -72.10 0.00 -24.63 0.45 305 350 1
118173 52.485958099365 -1.889436721801 -73.60 0.00 -22.87 0.45 303 350 1
118335 52.485988616943 -1.889351654052 -75.30 0.00 -22.87 0.45 305 350 1
118497 52.485988616943 -1.889351654052 -74.70 0.00 -21.11 0.45 295 350 1
118658 52.485988616943 -1.889351654052 -74.30 0.00 -21.47 0.45 295 350 1
118818 52.485988616943 -1.889351654052 -74.60 0.00 -19.35 0.45 295 350 1
118980 52.485988616943 -1.889351654052 -74.40 0.00 -23.58 0.45 295 350 1
119142 52.485988616943 -1.889351654052 -74.10 0.00 -26.04 0.45 295 350 1
119305 52.485996246337 -1.889333248138 -77.50 0.00 -24.99 0.45 293 350 1
119465 52.485996246337 -1.889333248138 -83.00 0.00 -21.82 0.45 295 350 1
119626 52.485996246337 -1.889333248138 -84.80 0.00 -24.99 0.45 301 350 1
119787 52.485996246337 -1.889333248138 -87.00 0.00 -22.17 0.45 303 350 1
119949 52.485996246337 -1.889333248138 -87.60 0.00 -23.23 0.45 305 350 1
120111 52.485996246337 -1.889333248138 -88.00 0.00 -19.00 0.45 305 350 1
120273 52.485996246337 -1.889333248138 -85.80 0.00 -21.11 0.45 305 350 1
120434 52.485996246337 -1.889333248138 -83.80 0.00 -19.71 0.89 303 350 1
120596 52.485996246337 -1.889333248138 -82.20 0.00 -15.84 0.89 301 350 1
120756 52.485996246337 -1.889333248138 -82.50 0.00 -9.85 0.89 299 350 1
120918 52.485996246337 -1.889333248138 -81.00 0.00 -5.63 0.89 301 350 1
121079 52.485996246337 -1.889333248138 -78.90 0.00 -7.39 0.89 299 350 1
121242 52.485996246337 -1.889333248138 -77.90 0.00 -5.98 0.89 297 350 1
121403 52.485996246337 -1.889333248138 -75.50 0.00 -7.74 0.89 297 350 1
121565 52.485996246337 -1.889333248138 -74.60 0.00 -8.45 0.89 295 350 1
121724 52.485996246337 -1.889333248138 -75.00 0.00 -8.45 0.89 293 350 1
121886 52.485996246337 -1.889333248138 -78.40 0.00 -7.74 0.89 293 350 1
122048 52.485996246337 -1.889333248138 -78.00 0.00 -9.85 0.89 297 350 1
122211 52.485996246337 -1.889333248138 -77.70 0.00 -8.45 0.89 297 350 1
122372 52.485996246337 -1.889333248138 -76.40 0.00 -9.50 0.89 295 350 1
122533 52.485996246337 -1.889333248138 -74.30 0.00 -7.74 0.89 295 350 1
122694 52.485996246337 -1.889333248138 -71.90 0.00 -9.50 0.45 293 350 1
122855 52.485996246337 -1.889333248138 -71.30 0.00 -10.56 0.45 291 350 1
123017 52.485996246337 -1.889333248138 -75.00 0.00 -8.45 0.45 291 350 1
123180 52.485996246337 -1.889333248138 -77.90 0.00 -7.39 0.45 293 350 1
123340 52.486015319824 -1.889261722564 -80.60 0.00 -2.82 0.45 297 350 1
123502 52.486015319824 -1.889261722564 -83.60 0.00 -0.00 0.45 291 350 1
123663 52.486015319824 -1.889261722564 -87.40 0.00 -0.00 0.45 295 350 1
123824 52.486015319824 -1.889261722564 -86.70 0.00 -0.00 0.45 297 350 1
123985 52.486015319824 -1.889261722564 -86.40 0.00 -0.00 0.45 297 350 1
124147 52.486015319824 -1.889261722564 -88.30 0.00 -0.00 0.45 297 350 1
124310 52.486015319824 -1.889261722564 -88.90 0.00 -0.00 0.45 299 350 1
124471 52.486015319824 -1.889261722564 -87.40 0.00 -0.00 0.45 299 350 1
124633 52.486015319824 -1.889261722564 -86.00 0.00 -0.35 0.45 297 350 1
124793 52.486015319824 -1.889261722564 -83.10 0.00 -1.06 0.45 297 350 1
124954 52.486015319824 -1.889261722564 -80.90 0.00 -3.52 0.89 295 350 1
125116 52.486015319824 -1.889261722564 -79.40 0.00 -1.41 0.89 293 350 1
125279 52.486015319824 -1.889261722564 -79.30 0.00 -1.76 0.89 291 350 1
125440 52.486015319824 -1.889261722564 -81.80 0.00 -0.00 0.89 291 350 1
125601 52.486015319824 -1.889261722564 -82.30 0.00 -1.06 0.89 293 350 1
125762 52.486015319824 -1.889261722564 -83.10 0.00 -0.00 0.89 293 350 1
125923 52.486015319824 -1.889261722564 -84.40 0.00 0.00 0.89 295 350 1
126085 52.486015319824 -1.889261722564 -85.60 0.00 0.00 0.89 295 350 1
126247 52.486015319824 -1.889261722564 -86.80 0.00 0.00 0.89 297 350 1
126408 52.486015319824 -1.889261722564 -89.10 0.00 0.00 0.89 297 350 1
126570 52.486015319824 -1.889261722564 -95.50 0.00 0.00 0.89 299 350 1
126731 52.486015319824 -1.889261722564 -99.90 0.00 0.00 0.89 305 350 1
126892 52.486015319824 -1.889261722564 -103.30 0.00 0.00 0.89 308 350 1
127053 52.486015319824 -1.889261722564 -106.90 0.00 0.00 0.89 310 350 1
127216 52.486015319824 -1.889261722564 -109.30 0.00 0.00 0.00 314 350 1
127377 52.486015319824 -1.889261722564 -108.60 0.00 -0.00 0.00 316 350 1
127539 52.486015319824 -1.889261722564 -109.50 0.00 -0.00 0.00 316 350 1
127699 52.486015319824 -1.889261722564 -110.00 0.00 0.35 0.00 316 350 1
127860 52.486015319824 -1.889261722564 -111.60 0.00 0.00 0.00 316 350 1
128022 52.486015319824 -1.889261722564 -109.60 0.00 0.00 0.00 318 350 1
128185 52.486015319824 -1.889261722564 -107.70 0.00 6.69 0.00 316 350 1
128347 52.486080169677 -1.889171600341 -106.40 0.00 1.41 0.00 314 350 1
128509 52.486080169677 -1.889171600341 -102.50 0.00 0.00 0.00 299 350 1
128670 52.486080169677 -1.889171600341 -99.60 0.00 0.70 0.00 297 350 1
128832 52.486080169677 -1.889171600341 -98.40 0.00 1.06 0.00 295 350 1
128993 52.486080169677 -1.889171600341 -100.00 0.00 1.76 0.00 293 350 1
129156 52.486080169677 -1.889171600341 -99.60 0.00 0.00 0.00 295 350 1
129317 52.486083984375 -1.889156723022 -98.80 0.00 2.46 0.00 295 350 1
129478 52.486083984375 -1.889156723022 -96.70 0.00 1.41 0.89 293 350 1
129640 52.486083984375 -1.889156723022 -94.10 0.00 2.82 0.89 291 350 1
129801 52.486083984375 -1.889156723022 -91.70 0.00 0.00 0.89 289 350 1
129963 52.486083984375 -1.889156723022 -90.00 0.00 0.00 0.89 287 350 1
130123 52.486083984375 -1.889156723022 -93.20 0.00 0.70 0.89 284 350 1
130287 52.486083984375 -1.889156723022 -94.90 0.00 1.76 0.89 289 350 1
130448 52.486083984375 -1.889156723022 -94.60 0.00 1.76 0.89 289 350 1
130610 52.486083984375 -1.889156723022 -97.40 0.00 6.69 0.89 289 350 1
130769 52.486083984375 -1.889156723022 -102.40 0.00 11.26 0.89 291 350 1
130931 52.486083984375 -1.889156723022 -103.10 0.00 9.50 0.89 297 350 1
131092 52.486083984375 -1.889156723022 -104.40 0.00 14.08 0.89 297 350 1
131256 52.486083984375 -1.889156723022 -107.90 0.00 17.95 0.89 297 350 1
131417 52.486083984375 -1.889156723022 -112.00 0.00 19.71 0.89 301 350 1
131577 52.486083984375 -1.889156723022 -114.20 0.00 16.54 0.89 305 350 1
131738 52.486083984375 -1.889156723022 -114.30 0.00 16.54 0.89 305 350 1
131900 52.486083984375 -1.889156723022 -113.20 0.00 16.19 0.89 305 350 1
132061 52.486083984375 -1.889156723022 -110.10 0.00 15.48 0.89 305 350 1
132225 52.486083984375 -1.889156723022 -106.50 0.00 14.08 0.89 303 350 1
132385 52.486083984375 -1.889156723022 -105.40 0.00 14.08 0.89 299 350 1
132546 52.486083984375 -1.889156723022 -106.80 0.00 13.72 0.89 299 350 1
132707 52.486083984375 -1.889156723022 -106.80 0.00 10.56 0.89 299 350 1
132869 52.486083984375 -1.889156723022 -107.00 0.00 13.02 0.89 299 350 1
133030 52.486083984375 -1.889156723022 -108.50 0.00 15.13 0.89 301 350 1
133193 52.486083984375 -1.889156723022 -109.10 0.00 16.54 0.89 301 350 1
133354 52.486061096191 -1.889091682434 -109.10 0.00 12.32 0.89 301 350 1
133516 52.486061096191 -1.889091682434 -113.90 0.00 15.13 0.89 305 350 1
133677 52.486061096191 -1.889091682434 -121.20 0.00 19.00 0.89 310 350 1
133837 52.486061096191 -1.889091682434 -125.60 0.00 19.00 0.45 316 350 1
133999 52.486061096191 -1.889091682434 -127.50 0.00 17.95 0.45 320 350 1
134161 52.486061096191 -1.889091682434 -129.40 0.00 19.71 0.45 322 350 1
134324 52.486057281494 -1.889075088500 -128.80 0.00 16.54 0.45 322 350 1
134484 52.486057281494 -1.889075088500 -126.40 0.00 13.37 0.45 324 350 1
134645 52.486057281494 -1.889075088500 -125.70 0.00 14.43 0.45 322 350 1
134806 52.486057281494 -1.889075088500 -126.10 0.00 12.67 0.45 320 350 1
134968 52.486057281494 -1.889075088500 -127.20 0.00 14.08 0.45 320 350 1
135130 52.486057281494 -1.889075088500 -127.40 0.00 14.08 0.45 322 350 1
135292 52.486057281494 -1.889075088500 -125.10 0.00 13.02 0.45 322 350 1
135453 52.486057281494 -1.889075088500 -120.90 0.00 11.61 0.45 320 350 1
135615 52.486057281494 -1.889075088500 -116.10 0.00 10.56 0.45 316 350 1
135775 52.486057281494 -1.889075088500 -111.70 0.00 8.80 0.45 312 350 1
135937 52.486057281494 -1.889075088500 -106.90 0.00 7.39 0.45 308 350 1
136097 52.486057281494 -1.889075088500 -101.70 0.00 6.33 1.34 305 350 1
136261 52.486057281494 -1.889075088500 -96.30 0.00 1.76 1.34 301 350 1
136422 52.486057281494 -1.889075088500 -94.00 0.00 0.00 1.34 297 350 1
136583 52.486057281494 -1.889075088500 -95.90 0.00 0.00 1.34 295 350 1
136743 52.486057281494 -1.889075088500 -95.20 0.00 0.00 1.34 295 350 1
136905 52.486057281494 -1.889075088500 -93.20 0.00 0.00 1.34 295 350 1
137067 52.486057281494 -1.889075088500 -91.80 0.00 0.00 1.34 293 350 1
137230 52.486057281494 -1.889075088500 -91.30 0.00 0.00 1.34 293 350 1
137391 52.486057281494 -1.889075088500 -90.60 0.00 0.70 1.34 291 350 1
137552 52.486057281494 -1.889075088500 -89.30 0.00 0.00 1.34 291 350 1
137712 52.486057281494 -1.889075088500 -89.70 0.00 0.00 1.34 291 350 1
137874 52.486057281494 -1.889075088500 -91.90 0.00 0.00 1.34 291 350 1
138036 52.486057281494 -1.889075088500 -91.80 0.00 0.00 1.34 293 350 1
138199 52.486057281494 -1.889075088500 -91.70 0.00 0.00 1.34 293 350 1
138359 52.486019134521 -1.889015007019 -90.90 0.00 2.82 0.89 293 350 1
138521 52.486019134521 -1.889015007019 -89.50 0.00 9.15 0.89 305 350 1
138682 52.486019134521 -1.889015007019 -91.40 0.00 14.43 0.89 305 350 1
138843 52.486019134521 -1.889015007019 -95.20 0.00 10.21 0.89 305 350 1
139004 52.486019134521 -1.889015007019 -101.60 0.00 15.84 0.89 308 350 1
139166 52.486019134521 -1.889015007019 -106.50 0.00 13.37 0.89 314 350 1
139329 52.486015319824 -1.888999938964 -107.80 0.00 15.84 0.89 318 350 1
139490 52.486015319824 -1.888999938964 -106.60 0.00 13.37 0.89 322 350 1
139651 52.486015319824 -1.888999938964 -106.00 0.00 15.48 0.89 320 350 1
139812 52.486015319824 -1.888999938964 -102.70 0.00 11.96 0.89 320 350 1
140217 52.486015319824 -1.888999938964 -103.30 0.00 17.60 0.89 316 350 1
140419 52.486015319824 -1.888999938964 -100.80 0.00 7.74 0.89 318 350 1
140579 52.486015319824 -1.888999938964 -101.00 0.00 11.26 0.89 316 350 1
140740 52.486015319824 -1.888999938964 -101.70 0.00 10.56 0.45 316 350 1
140902 52.486015319824 -1.888999938964 -100.60 0.00 7.39 0.45 316 350 1
141063 52.486015319824 -1.888999938964 -99.70 0.00 6.33 0.45 316 350 1
141225 52.486015319824 -1.888999938964 -99.80 0.00 6.69 0.45 314 350 1
141387 52.486015319824 -1.888999938964 -102.40 0.00 8.09 0.45 314 350 1
141548 52.486015319824 -1.888999938964 -103.00 0.00 4.22 0.45 316 350 1
141709 52.486015319824 -1.888999938964 -102.70 0.00 7.39 0.45 318 350 1
141871 52.486015319824 -1.888999938964 -101.50 0.00 5.63 0.45 316 350 1
142031 52.486015319824 -1.888999938964 -101.60 0.00 7.74 0.45 316 350 1
142195 52.486015319824 -1.888999938964 -101.20 0.00 5.28 0.45 316 350 1
142356 52.486015319824 -1.888999938964 -100.50 0.00 4.57 0.45 316 350 1
142517 52.486015319824 -1.888999938964 -99.20 0.00 0.35 0.45 316 350 1
142678 52.486015319824 -1.888999938964 -102.80 0.00 3.87 0.45 314 350 1
142839 52.486015319824 -1.888999938964 -104.60 0.00 1.41 0.89 316 350 1
143000 52.486015319824 -1.888999938964 -103.10 0.00 0.00 0.89 318 350 1
143163 52.486015319824 -1.888999938964 -100.60 0.00 0.00 0.89 318 350 1
143325 52.486000061035 -1.888940048217 -99.70 0.00 3.17 0.89 316 350 1
143485 52.486000061035 -1.888940048217 -95.50 0.00 0.35 0.89 322 350 1
143647 52.486000061035 -1.888940048217 -92.60 0.00 0.00 0.89 318 350 1
143808 52.486000061035 -1.888940048217 -94.10 0.00 0.00 0.89 316 350 1
143970 52.486000061035 -1.888940048217 -95.50 0.00 0.00 0.89 318 350 1
144131 52.486000061035 -1.888940048217 -96.10 0.00 0.00 0.89 318 350 1
144294 52.485992431640 -1.888925075531 -94.70 0.00 0.00 0.89 320 350 1
144454 52.485992431640 -1.888925075531 -95.40 0.00 0.00 0.89 322 350 1
144616 52.485992431640 -1.888925075531 -93.90 0.00 0.00 0.89 322 350 1
144777 52.485992431640 -1.888925075531 -91.70 0.00 -0.00 0.89 320 350 1
144939 52.485992431640 -1.888925075531 -92.40 0.00 0.00 0.89 318 350 1
145099 52.485992431640 -1.888925075531 -94.60 0.00 0.00 0.45 320 350 1
145263 52.485992431640 -1.888925075531 -94.30 0.00 -64.75 0.45 322 350 1
145424 52.485992431640 -1.888925075531 -94.60 0.00 0.00 0.45 320 237 1
145585 52.485992431640 -1.888925075531 -94.00 0.00 0.00 0.45 322 350 1
145745 52.485992431640 -1.888925075531 -93.10 0.00 0.00 0.45 320 350 1
145907 52.485992431640 -1.888925075531 -90.60 0.00 -1.06 0.45 320 350 1
146068 52.485992431640 -1.888925075531 -90.20 0.00 -0.00 0.45 318 350 1
146231 52.485992431640 -1.888925075531 -90.50 0.00 147.10 0.45 318 350 1
146393 52.485992431640 -1.888925075531 -92.50 0.00 27.45 0.45 282 318 1
146553 52.485992431640 -1.888925075531 -92.20 0.00 0.00 0.45 320 350 1
146714 52.485992431640 -1.888925075531 -91.30 0.00 0.00 0.45 320 350 1
146876 52.485992431640 -1.888925075531 -90.70 0.00 0.00 0.45 318 350 1
147038 52.485992431640 -1.888925075531 -90.20 0.00 0.00 0.45 318 350 1
147201 52.485992431640 -1.888925075531 -88.20 0.00 -0.00 0.45 318 350 1
147361 52.485973358154 -1.888871669769 -89.90 0.00 -0.00 0.89 316 350 1
148923 52.485973358154 -1.888871669769 -99.20 0.00 -0.00 0.89 200 350 1
149076 52.485973358154 -1.888871669769 -100.10 0.00 -14.43 0.89 402 350 1
149239 52.485973358154 -1.888871669769 -99.60 0.00 -40.47 0.89 406 350 1
149400 52.485973358154 -1.888871669769 -98.10 0.00 -70.03 0.89 408 350 1
149561 52.485973358154 -1.888871669769 -96.80 0.00 -98.89 0.89 408 243 1
149722 52.485973358154 -1.888871669769 -96.20 0.00 -123.87 0.89 408 270 1
149883 52.485973358154 -1.888871669769 -95.00 0.00 -146.39 0.89 408 294 1
150044 52.485973358154 -1.888871669769 -94.70 0.00 -162.58 0.89 408 316 1
150208 52.485973358154 -1.888871669769 -95.50 0.00 -170.32 0.89 408 331 1
150369 52.485973358154 -1.888871669769 -96.40 0.00 -171.03 0.89 408 340 1
150565 52.485973358154 -1.888871669769 -98.10 0.00 -164.69 0.89 308 214 0
150767 52.485973358154 -1.888871669769 -100.30 0.00 -155.89 0.89 300 212 0
150948 52.485973358154 -1.888871669769 -102.40 0.00 -152.38 0.89 300 212 0
151131 52.485973358154 -1.888871669769 -104.10 0.00 -152.38 0.89 302 212 0
151312 52.485973358154 -1.888871669769 -104.40 0.00 -152.38 0.89 300 212 0
151516 52.485973358154 -1.888871669769 -103.90 0.00 -151.67 0.89 306 212 0
151716 52.485973358154 -1.888871669769 -102.10 0.00 -151.32 0.89 305 214 0
151919 52.485973358154 -1.888871669769 -99.20 0.00 -150.26 0.89 302 214 0
152119 52.485973358154 -1.888871669769 -94.80 0.00 -148.15 0.89 302 212 0
152301 52.485973358154 -1.888871669769 -92.30 0.00 -147.10 0.89 302 212 0
152483 52.485973358154 -1.888871669769 -88.40 0.00 -150.62 0.89 300 212 0
152685 52.485946655273 -1.888829994201 -84.70 0.00 -155.54 0.89 308 214 0
152887 52.485946655273 -1.888829994201 -82.00 0.00 -160.47 0.89 305 214 0
153088 52.485946655273 -1.888829994201 -78.40 0.00 -161.88 0.89 302 212 0
153289 52.485946655273 -1.888829994201 -72.60 0.00 -162.23 0.89 302 212 0
153473 52.485946655273 -1.888829994201 -66.40 0.00 -161.52 0.89 300 212 0
153674 52.485946655273 -1.888829994201 -64.70 0.00 -158.71 0.89 303 214 0
153876 52.485946655273 -1.888829994201 -64.70 0.00 -155.89 0.89 305 214 0
154077 52.485946655273 -1.888829994201 -67.30 0.00 -154.13 0.89 303 212 0
154259 52.485946655273 -1.888829994201 -65.60 0.00 -155.89 1.34 302 212 0
154440 52.485946655273 -1.888829994201 -66.00 0.00 -153.08 1.34 300 212 0
154644 52.485946655273 -1.888829994201 -65.00 0.00 -149.56 1.34 303 214 0
154845 52.485946655273 -1.888829994201 -66.10 0.00 -149.56 1.34 305 214 0
155045 52.485946655273 -1.888829994201 -68.30 0.00 -150.97 1.34 303 212 0
155228 52.485946655273 -1.888829994201 -69.90 0.00 -152.38 1.34 302 212 0
155409 52.485946655273 -1.888829994201 -69.30 0.00 -156.25 1.34 300 212 0
155592 52.485946655273 -1.888829994201 -67.90 0.00 -163.28 1.34 305 214 0
155793 52.485946655273 -1.888829994201 -66.40 0.00 -167.16 1.34 305 214 0
155995 52.485946655273 -1.888829994201 -65.80 0.00 -167.51 1.34 302 212 0
156196 52.485946655273 -1.888829994201 -66.40 0.00 -172.79 1.34 300 212 0
156378 52.485946655273 -1.888829994201 -65.80 0.00 -176.31 0.89 300 212 0
156561 52.485946655273 -1.888829994201 -63.70 0.00 -177.01 0.89 305 214 0
156763 52.485946655273 -1.888829994201 -59.50 0.00 178.77 0.89 308 214 0
156928 52.485946655273 -1.888829994201 -53.50 0.00 178.06 0.89 400 347 1
157088 52.485946655273 -1.888829994201 -47.80 0.00 178.06 0.89 398 347 1
157250 52.485946655273 -1.888829994201 -44.10 0.00 173.14 0.89 394 347 1
157411 52.485946655273 -1.888829994201 -41.00 0.00 157.65 0.89 392 343 1
157575 52.485946655273 -1.888829994201 -37.90 0.00 132.32 0.89 392 327 1
157735 52.485946655273 -1.888829994201 -30.50 0.00 95.37 0.89 389 302 1
157897 52.485946655273 -1.888829994201 -17.30 0.00 66.86 0.89 385 268 1
158057 52.485946655273 -1.888829994201 -4.10 0.00 66.86 0.89 377 240 1
158219 52.485946655273 -1.888829994201 8.30 0.00 68.97 0.89 368 240 1
158381 52.485946655273 -1.888829994201 21.00 0.00 65.45 0.89 358 241 1
158543 52.485946655273 -1.888829994201 33.10 0.00 48.91 0.89 347 238 1
158704 52.485946655273 -1.888829994201 43.70 0.00 35.89 1.34 337 350 1
158865 52.485946655273 -1.888829994201 51.20 0.00 23.93 1.34 329 350 1
159026 52.485946655273 -1.888829994201 57.00 0.00 22.17 1.34 322 350 1
159187 52.485946655273 -1.888829994201 62.30 0.00 22.87 1.34 316 350 1
159349 52.485946655273 -1.888829994201 67.60 0.00 22.17 1.34 312 350 1
159512 52.485946655273 -1.888829994201 72.00 0.00 17.95 1.34 305 350 1
159673 52.485946655273 -1.888829994201 76.60 0.00 15.48 1.34 305 350 1
159834 52.485946655273 -1.888829994201 79.10 0.00 15.13 1.34 301 350 1
159994 52.485946655273 -1.888829994201 80.70 0.00 15.13 1.34 297 350 1
160156 52.485946655273 -1.888829994201 82.80 0.00 7.04 1.34 297 350 1
160318 52.485946655273 -1.888829994201 83.20 0.00 2.82 1.34 295 350 1
160481 52.485946655273 -1.888829994201 82.30 0.00 4.22 1.34 295 350 1
160642 52.485946655273 -1.888828277587 81.30 0.00 5.28 1.34 295 350 1
160803 52.485946655273 -1.888828277587 81.90 0.00 7.39 1.34 295 350 1
160964 52.485946655273 -1.888828277587 82.60 0.00 9.85 2.24 295 350 1
161125 52.485946655273 -1.888828277587 82.30 0.00 11.61 2.24 295 350 1
161287 52.485946655273 -1.888828277587 81.30 0.00 12.32 2.24 295 350 1
161447 52.485946655273 -1.888828277587 79.80 0.00 12.67 2.24 295 350 1
161611 52.485946655273 -1.888828277587 78.70 0.00 12.67 2.24 297 350 1
161772 52.485946655273 -1.888828277587 78.70 0.00 13.72 2.24 299 350 1
161933 52.485946655273 -1.888828277587 79.80 0.00 15.13 2.24 299 350 1
162094 52.485946655273 -1.888828277587 81.20 0.00 17.95 2.24 297 350 1
162255 52.485946655273 -1.888828277587 82.20 0.00 20.76 2.24 297 350 1
162417 52.485946655273 -1.888828277587 82.60 0.00 22.87 2.24 295 350 1
162580 52.485946655273 -1.888828277587 82.90 0.00 22.87 2.24 295 350 1
162741 52.485946655273 -1.888828277587 83.30 0.00 20.41 2.24 295 350 1
162903 52.485946655273 -1.888828277587 83.80 0.00 22.87 2.24 295 350 1
163062 52.485946655273 -1.888828277587 84.20 0.00 23.93 2.24 293 350 1
163224 52.485946655273 -1.888828277587 84.30 0.00 24.99 1.79 293 350 1
163386 52.485946655273 -1.888828277587 84.80 0.00 24.99 1.79 293 350 1
163549 52.485946655273 -1.888828277587 85.80 0.00 24.99 1.79 293 350 1
163709 52.485946655273 -1.888828277587 85.80 0.00 24.99 1.79 293 350 1
163871 52.485946655273 -1.888828277587 85.10 0.00 24.63 1.79 293 350 1
164031 52.485946655273 -1.888828277587 84.20 0.00 39.06 1.79 293 350 1
164193 52.485946655273 -1.888828277587 83.20 0.00 79.88 1.79 293 350 1
164355 52.485946655273 -1.888828277587 82.20 0.00 120.35 1.79 295 252 1
164517 52.485946655273 -1.888828277587 81.60 0.00 174.19 1.79 295 291 1
164678 52.485946655273 -1.888828277587 82.10 0.00 -150.26 1.79 272 343 1
164840 52.485946655273 -1.888828277587 83.10 0.00 -148.15 1.79 242 320 1
165001 52.485946655273 -1.888828277587 84.30 0.00 -148.86 1.79 240 318 1
165161 52.485946655273 -1.888828277587 86.00 0.00 -148.50 1.79 238 318 1
165323 52.485946655273 -1.888828277587 87.50 0.00 -148.50 1.79 236 318 1
165486 52.485946655273 -1.888828277587 88.40 0.00 -148.86 1.79 234 318 1
165647 52.485946655273 -1.888828277587 88.70 0.00 -149.91 1.79 234 318 1
165809 52.485946655273 -1.888828277587 88.80 0.00 -149.91 1.79 234 319 1
165969 52.485946655273 -1.888828277587 89.00 0.00 -147.45 1.79 234 319 1
166130 52.485946655273 -1.888828277587 89.10 0.00 -126.33 1.79 232 318 1
166292 52.485946655273 -1.888828277587 89.40 0.00 -105.22 1.79 219 297 1
166455 52.485946655273 -1.888828277587 89.00 0.00 -94.31 1.79 211 277 1
166616 52.485946655273 -1.888828277587 88.70 0.00 -92.20 1.79 289 266 1
166777 52.485946655273 -1.888828277587 88.40 0.00 -91.85 1.79 289 265 1
166938 52.485946655273 -1.888828277587 88.40 0.00 -91.85 1.79 289 263 1
167099 52.485946655273 -1.888828277587 88.40 0.00 -92.90 1.79 289 263 1
167261 52.485946655273 -1.888828277587 88.40 0.00 -104.52 1.79 289 265 1
167424 52.485946655273 -1.888828277587 88.30 0.00 -114.02 1.79 211 276 1
167585 52.485946655273 -1.888828277587 88.30 0.00 -117.54 1.79 215 286 1
167746 52.485946655273 -1.888828277587 88.50 0.00 -116.13 2.24 215 288 1
167908 52.485946655273 -1.888828277587 88.40 0.00 -116.48 2.24 215 287 1
168069 52.485946655273 -1.888828277587 88.30 0.00 -121.76 2.24 215 287 1
168229 52.485946655273 -1.888828277587 88.00 0.00 -139.71 2.24 217 293 1
168391 52.485946655273 -1.888828277587 87.40 0.00 -165.75 2.24 228 309 1
168554 52.485946655273 -1.888828277587 86.70 0.00 165.40 2.24 247 334 1
168715 52.485946655273 -1.888828277587 86.30 0.00 139.71 2.24 272 334 1
168877 52.485946655273 -1.888828277587 86.30 0.00 130.56 2.24 291 309 1
169036 52.485946655273 -1.888828277587 86.60 0.00 117.89 2.24 291 301 1
169198 52.485946655273 -1.888828277587 86.80 0.00 106.98 2.24 291 288 1
169360 52.485946655273 -1.888828277587 87.20 0.00 104.52 2.24 291 277 1
169523 52.485946655273 -1.888828277587 87.50 0.00 107.68 2.24 291 276 1
169683 52.485946655273 -1.888828277587 87.80 0.00 129.85 2.24 291 279 1
169845 52.485946655273 -1.888828277587 88.00 0.00 146.39 1.34 291 300 1
170006 52.485946655273 -1.888828277587 87.90 0.00 154.13 1.34 287 316 1
170168 52.485946655273 -1.888828277587 87.30 0.00 157.30 1.34 280 325 1
170329 52.485946655273 -1.888828277587 86.90 0.00 160.82 1.34 278 327 1
170491 52.485946655273 -1.888828277587 86.60 0.00 166.10 1.34 276 330 1
170652 52.485946655273 -1.888828277587 86.70 0.00 177.36 1.34 272 336 1
170814 52.485946655273 -1.888828277587 87.00 0.00 -168.21 1.34 261 345 1
170975 52.485946655273 -1.888828277587 87.50 0.00 -153.43 1.34 249 337 1
171137 52.485946655273 -1.888828277587 87.70 0.00 -154.13 1.34 238 323 1
171297 52.485946655273 -1.888828277587 87.30 0.00 179.47 1.34 238 325 1
171460 52.485946655273 -1.888828277587 86.90 0.00 140.06 1.34 259 348 1
171622 52.485946655273 -1.888828277587 87.10 0.00 101.35 1.34 291 311 1
171783 52.485946655273 -1.888828277587 87.80 0.00 79.88 1.34 291 273 1
171943 52.485946655273 -1.888828277587 88.30 0.00 67.21 1.34 291 252 1
172104 52.485946655273 -1.888828277587 88.30 0.00 65.81 1.79 289 240 1
172266 52.485946655273 -1.888828277587 87.90 0.00 75.66 1.79 289 238 1
172428 52.485946655273 -1.888828277587 87.30 0.00 82.35 1.79 291 248 1
172591 52.485946655273 -1.888828277587 87.30 0.00 83.40 1.79 291 255 1
172751 52.485946655273 -1.888828277587 87.50 0.00 87.62 1.79 291 255 1
172913 52.485946655273 -1.888828277587 87.70 0.00 85.87 1.79 291 259 1
173074 52.485946655273 -1.888828277587 87.80 0.00 84.46 1.79 291 258 1
173235 52.485946655273 -1.888828277587 87.80 0.00 84.11 1.79 291 256 1
173396 52.485946655273 -1.888828277587 87.30 0.00 84.11 1.79 291 256 1
173559 52.485946655273 -1.888828277587 86.80 0.00 84.46 1.79 291 256 1
173720 52.485946655273 -1.888828277587 86.10 0.00 85.51 1.79 291 256 1
173882 52.485946655273 -1.888828277587 85.20 0.00 87.62 1.79 291 258 1
174043 52.485946655273 -1.888828277587 84.20 0.00 86.92 1.79 293 259 1
174203 52.485946655273 -1.888828277587 83.40 0.00 86.57 1.79 293 258 1
174365 52.485946655273 -1.888828277587 82.50 0.00 86.57 1.79 295 258 1
174528 52.485946655273 -1.888828277587 79.80 0.00 86.57 1.79 295 258 1
174689 52.485946655273 -1.888828277587 76.40 0.00 86.92 1.79 297 258 1
174851 52.485946655273 -1.888828277587 72.50 0.00 86.92 1.79 301 258 1
175011 52.485946655273 -1.888828277587 68.00 0.00 86.57 1.79 303 258 1
175172 52.485946655273 -1.888828277587 63.60 0.00 87.98 1.79 305 258 1
175334 52.485946655273 -1.888828277587 60.10 0.00 91.14 1.79 310 259 1
175497 52.485946655273 -1.888828277587 58.10 0.00 104.87 1.79 314 263 1
175659 52.485946655273 -1.888828277587 57.20 0.00 114.02 1.79 316 276 1
175819 52.485946655273 -1.888828277587 57.20 0.00 113.67 1.79 316 286 1
175980 52.485946655273 -1.888828277587 57.80 0.00 113.67 1.79 316 284 1
176141 52.485946655273 -1.888828277587 59.00 0.00 111.91 1.79 316 284 1
176303 52.485946655273 -1.888828277587 59.50 0.00 111.91 1.79 314 283 1
176465 52.485946655273 -1.888828277587 60.20 0.00 112.26 1.79 314 283 1
176627 52.485946655273 -1.888828277587 61.30 0.00 116.13 1.34 314 283 1
176788 52.485946655273 -1.888828277587 61.10 0.00 112.61 1.34 312 287 1
176950 52.485946655273 -1.888828277587 60.90 0.00 109.09 1.34 312 283 1
177110 52.485946655273 -1.888828277587 61.00 0.00 104.52 1.34 312 280 1
177271 52.485946655273 -1.888828277587 60.60 0.00 104.16 1.34 312 276 1
177434 52.485946655273 -1.888828277587 59.80 0.00 104.87 1.34 314 276 1
177596 52.485946655273 -1.888828277587 59.30 0.00 104.52 1.34 314 276 1
177757 52.485946655273 -1.888828277587 59.70 0.00 101.70 1.34 314 276 1
177917 52.485946655273 -1.888828277587 59.80 0.00 99.94 1.34 314 273 1
178079 52.485946655273 -1.888828277587 60.00 0.00 106.63 1.34 314 270 1
178240 52.485946655273 -1.888828277587 61.00 0.00 104.16 1.34 314 277 1
178402 52.485946655273 -1.888828277587 61.60 0.00 104.52 1.34 312 276 1
178565 52.485946655273 -1.888828277587 62.50 0.00 111.55 1.34 312 276 1
178725 52.485946655273 -1.888828277587 63.00 0.00 112.61 1.34 312 283 1
178887 52.485946655273 -1.888828277587 64.20 0.00 113.31 0.89 310 283 1
179048 52.485946655273 -1.888828277587 66.00 0.00 109.79 0.89 310 284 1
179209 52.485946655273 -1.888828277587 65.60 0.00 112.96 0.89 308 280 1
179371 52.485946655273 -1.888828277587 66.40 0.00 120.35 0.89 308 283 1
179533 52.485946655273 -1.888828277587 69.70 0.00 151.67 0.89 308 291 1
179694 52.485946655273 -1.888828277587 73.90 0.00 -164.34 0.89 305 320 1
179856 52.485946655273 -1.888828277587 76.90 0.00 -136.54 0.89 268 333 1
180017 52.485946655273 -1.888828277587 79.00 0.00 -138.30 0.89 240 306 1
180178 52.485946655273 -1.888828277587 79.70 0.00 -140.06 0.89 238 308 1
180339 52.485946655273 -1.888828277587 79.10 0.00 -140.41 0.89 240 311 1
180503 52.485946655273 -1.888828277587 76.80 0.00 -141.47 0.89 240 311 1
180664 52.485946655273 -1.888828277587 74.50 0.00 -141.82 0.89 245 312 1
180825 52.485946655273 -1.888828277587 75.00 0.00 -134.78 0.89 249 312 1
180985 52.485946655273 -1.888828277587 75.10 0.00 -142.52 0.89 242 305 1
181147 52.485946655273 -1.888828277587 75.80 0.00 -143.58 1.34 249 312 1
181309 52.485946655273 -1.888828277587 76.70 0.00 -163.99 1.34 249 313 1
181472 52.485946655273 -1.888828277587 76.00 0.00 173.49 1.34 263 333 1
181633 52.485946655273 -1.888828277587 73.90 0.00 136.89 1.34 282 343 1
181793 52.485946655273 -1.888828277587 69.60 0.00 106.98 1.34 303 306 1
181954 52.485946655273 -1.888828277587 66.50 0.00 116.13 1.34 305 277 1
182116 52.485946655273 -1.888828277587 64.30 0.00 127.74 1.34 308 287 1
182277 52.485946655273 -1.888828277587 63.10 0.00 140.06 1.34 310 298 1
182438 52.485946655273 -1.888828277587 63.40 0.00 152.02 1.34 310 311 1
182601 52.485946655273 -1.888828277587 64.50 0.00 157.30 1.34 310 322 1
182762 52.485946655273 -1.888828277587 65.60 0.00 157.65 1.34 310 327 1
182924 52.485946655273 -1.888828277587 66.20 0.00 161.52 1.34 308 327 1
183085 52.485946655273 -1.888828277587 66.70 0.00 162.93 1.34 308 330 1
183245 52.485946655273 -1.888828277587 67.00 0.00 162.93 1.34 308 331 1
183407 52.485946655273 -1.888828277587 67.00 0.00 162.58 1.34 308 331 1
183570 52.485946655273 -1.888828277587 67.10 0.00 161.17 1.34 308 331 1
183731 52.485946655273 -1.888828277587 67.50 0.00 161.17 1.34 308 330 1
183892 52.485946655273 -1.888828277587 68.70 0.00 166.80 1.34 308 330 1
184053 52.485946655273 -1.888828277587 70.50 0.00 160.82 1.34 303 336 1
184215 52.485946655273 -1.888828277587 73.30 0.00 158.71 1.34 305 330 1
184376 52.485946655273 -1.888828277587 77.40 0.00 167.16 1.34 301 327 1
184540 52.485946655273 -1.888828277587 81.70 0.00 174.55 1.34 287 337 1
184700 52.485946655273 -1.888828277587 85.70 0.00 178.42 1.34 272 343 1
184861 52.485946655273 -1.888828277587 89.90 0.00 -179.82 1.34 261 347 1
185022 52.485946655273 -1.888828277587 92.10 0.00 -179.47 1.34 255 348 1
185184 52.485946655273 -1.888828277587 93.30 0.00 179.82 1.34 251 348 1
185346 52.485946655273 -1.888828277587 92.80 0.00 175.60 1.34 249 348 1
185508 52.485946655273 -1.888828277587 92.30 0.00 -172.08 1.34 253 344 1
185669 52.485946655273 -1.888828277587 91.30 0.00 176.30 2.24 245 341 1
185830 52.485946655273 -1.888828277587 89.70 0.00 108.04 2.24 255 345 1
185991 52.485946655273 -1.888828277587 88.60 0.00 53.84 2.24 289 280 1
186152 52.485946655273 -1.888828277587 88.70 0.00 14.43 2.24 289 227 1
186313 52.485946655273 -1.888828277587 88.80 0.00 7.39 2.24 289 350 1
186477 52.485946655273 -1.888828277587 88.20 0.00 8.45 2.24 289 350 1
186638 52.485946655273 -1.888828277587 88.30 0.00 7.04 2.24 291 350 1
186799 52.485946655273 -1.888828277587 88.80 0.00 4.93 2.24 289 350 1
186959 52.485946655273 -1.888828277587 90.30 0.00 5.28 2.24 289 350 1
187121 52.485946655273 -1.888828277587 94.50 0.00 5.28 2.24 289 350 1
187283 52.485946655273 -1.888828277587 100.00 0.00 5.98 2.24 284 350 1
187445 52.485946655273 -1.888828277587 107.50 0.00 5.98 2.24 278 350 1
187608 52.485988616943 -1.888868331909 114.00 0.00 5.98 2.24 272 350 1
187768 52.485988616943 -1.888868331909 119.10 0.00 5.98 2.24 280 350 1
187929 52.485988616943 -1.888868331909 121.20 0.00 4.93 1.79 276 350 1
188090 52.485988616943 -1.888868331909 117.70 0.00 4.57 1.79 274 350 1
188252 52.485988616943 -1.888868331909 108.80 0.00 4.93 1.79 276 350 1
188413 52.485988616943 -1.888868331909 98.50 0.00 4.93 1.79 284 350 1
188576 52.485988616943 -1.888868331909 86.00 0.00 5.28 1.79 293 350 1
188737 52.485988616943 -1.888868331909 75.20 0.00 5.63 1.79 305 350 1
188899 52.485988616943 -1.888868331909 67.50 0.00 7.04 1.79 314 350 1
189059 52.485988616943 -1.888868331909 63.60 0.00 11.96 1.79 320 350 1
189220 52.485988616943 -1.888868331909 62.60 0.00 13.72 1.79 324 350 1
189381 52.485988616943 -1.888868331909 63.00 0.00 17.24 1.79 324 350 1
189545 52.485988616943 -1.888868331909 63.70 0.00 19.71 1.79 324 350 1
189706 52.485988616943 -1.888868331909 64.40 0.00 18.65 1.79 324 350 1
189867 52.485988616943 -1.888868331909 65.60 0.00 17.95 1.79 322 350 1
190027 52.485988616943 -1.888868331909 69.00 0.00 17.24 1.79 322 350 1
190189 52.485988616943 -1.888868331909 73.90 0.00 16.54 1.34 318 350 1
190350 52.485988616943 -1.888868331909 78.90 0.00 15.48 1.34 314 350 1
190514 52.485988616943 -1.888868331909 82.10 0.00 15.84 1.34 310 350 1
190674 52.485988616943 -1.888868331909 83.60 0.00 15.48 1.34 308 350 1
190835 52.485988616943 -1.888868331909 83.20 0.00 14.08 1.34 305 350 1
190996 52.485988616943 -1.888868331909 82.60 0.00 11.61 1.34 305 350 1
191158 52.485988616943 -1.888868331909 81.80 0.00 0.00 1.34 305 350 1
191320 52.485988616943 -1.888868331909 81.30 0.00 0.00 1.34 308 350 1
191482 52.485988616943 -1.888868331909 80.80 0.00 0.00 1.34 308 350 1
191643 52.485988616943 -1.888868331909 81.60 0.00 1.06 1.34 308 350 1
191804 52.485988616943 -1.888868331909 81.70 0.00 0.00 1.34 308 350 1
191965 52.485988616943 -1.888868331909 81.60 0.00 0.00 1.34 308 350 1
192126 52.485988616943 -1.888868331909 81.70 0.00 0.00 1.34 308 350 1
192288 52.485988616943 -1.888868331909 81.50 0.00 0.00 1.34 308 350 1
192450 52.485988616943 -1.888868331909 81.60 0.00 0.00 0.45 308 350 1
192612 52.485988616943 -1.888868331909 81.10 0.00 0.00 0.45 308 350 1
192773 52.485988616943 -1.888868331909 81.30 0.00 0.00 0.45 308 350 1
192934 52.485988616943 -1.888868331909 81.30 0.00 -0.00 0.45 308 350 1
193095 52.485988616943 -1.888868331909 81.30 0.00 -0.00 0.45 308 350 1
193257 52.485988616943 -1.888868331909 81.40 0.00 -0.00 0.45 308 350 1
193419 52.485988616943 -1.888868331909 81.40 0.00 0.00 0.45 308 350 1
193582 52.485988616943 -1.888868331909 81.90 0.00 0.00 0.45 308 350 1
193742 52.485988616943 -1.888868331909 82.00 0.00 -0.00 0.45 308 350 1
193903 52.485988616943 -1.888868331909 82.10 0.00 -25.34 0.45 308 350 1
194064 52.485988616943 -1.888868331909 81.90 0.00 -35.89 0.45 308 350 1
194226 52.485988616943 -1.888868331909 81.60 0.00 -36.60 0.45 308 350 1
194386 52.485988616943 -1.888868331909 81.60 0.00 -39.77 0.45 308 350 1
194550 52.485988616943 -1.888868331909 81.50 0.00 -55.60 0.45 308 350 1
194711 52.485988616943 -1.888868331909 81.60 0.00 -67.21 0.89 308 229 1
194873 52.485988616943 -1.888868331909 81.60 0.00 -72.14 0.89 308 240 1
195033 52.485988616943 -1.888868331909 81.60 0.00 -80.23 0.89 308 245 1
195194 52.485988616943 -1.888868331909 81.40 0.00 -84.11 0.89 308 252 1
195356 52.485988616943 -1.888868331909 81.60 0.00 -102.40 0.89 308 256 1
195519 52.485988616943 -1.888868331909 81.80 0.00 -108.74 0.89 308 275 1
195680 52.485988616943 -1.888868331909 81.80 0.00 -105.57 0.89 217 280 1
195842 52.485988616943 -1.888868331909 81.80 0.00 -99.94 0.89 308 277 1
196001 52.485988616943 -1.888868331909 81.80 0.00 -96.42 0.89 308 270 1
196163 52.485988616943 -1.888868331909 81.90 0.00 -103.11 0.89 308 268 1
196325 52.485988616943 -1.888868331909 82.00 0.00 -112.26 0.89 308 275 1
196487 52.485988616943 -1.888868331909 82.00 0.00 -120.00 0.89 219 283 1
196649 52.485988616943 -1.888868331909 81.90 0.00 -121.06 0.89 224 290 1
196810 52.485988616943 -1.888868331909 81.70 0.00 -121.06 0.89 224 293 1
196971 52.485988616943 -1.888868331909 81.60 0.00 -121.06 0.00 226 293 1
197132 52.485988616943 -1.888868331909 81.30 0.00 -121.06 0.00 261 293 1
197295 52.485988616943 -1.888868331909 81.10 0.00 -121.06 0.00 261 293 1
197455 52.485988616943 -1.888868331909 81.40 0.00 -121.41 0.00 261 293 1
197617 52.485988616943 -1.888868331909 81.50 0.00 -121.76 0.00 261 293 1
197778 52.485988616943 -1.888868331909 81.40 0.00 -121.76 0.00 261 293 1
197939 52.485988616943 -1.888868331909 81.40 0.00 -121.76 0.00 261 293 1
198100 52.485988616943 -1.888868331909 81.30 0.00 -121.76 0.00 261 293 1
198263 52.485988616943 -1.888868331909 81.30 0.00 -121.76 0.00 261 293 1
198424 52.485988616943 -1.888868331909 81.20 0.00 -121.76 0.00 261 293 1
198586 52.485988616943 -1.888868331909 81.20 0.00 -121.76 0.00 261 293 1
198747 52.485988616943 -1.888868331909 81.20 0.00 -121.76 0.00 261 293 1
198907 52.485988616943 -1.888868331909 81.20 0.00 -122.11 0.00 261 293 1
199069 52.485988616943 -1.888868331909 81.20 0.00 -122.11 0.00 261 293 1
199233 52.485988616943 -1.888868331909 81.40 0.00 -122.11 0.45 226 293 1
199394 52.485988616943 -1.888868331909 81.60 0.00 -122.11 0.45 226 293 1
199555 52.485988616943 -1.888868331909 81.90 0.00 -122.11 0.45 226 293 1
199715 52.485988616943 -1.888868331909 82.00 0.00 -122.11 0.45 226 293 1
199877 52.485988616943 -1.888868331909 82.10 0.00 -122.11 0.45 226 293 1
200038 52.485988616943 -1.888868331909 82.10 0.00 -122.11 0.45 226 293 1
200202 52.485988616943 -1.888868331909 82.10 0.00 -122.11 0.45 226 293 1
200363 52.485988616943 -1.888868331909 82.20 0.00 -122.11 0.45 226 293 1
200523 52.485988616943 -1.888868331909 82.20 0.00 -122.11 0.45 226 293 1
200684 52.485988616943 -1.888868331909 82.20 0.00 -122.11 0.45 226 293 1
200846 52.485988616943 -1.888868331909 82.10 0.00 -122.11 0.45 226 293 1
201008 52.485988616943 -1.888868331909 82.10 0.00 -122.11 0.45 226 293 1
201170 52.485988616943 -1.888868331909 82.10 0.00 -122.11 0.45 226 293 1
201331 52.485988616943 -1.888868331909 81.80 0.00 -122.11 0.45 226 293 1
201492 52.485988616943 -1.888868331909 81.30 0.00 -122.46 1.34 226 293 1
201654 52.485988616943 -1.888868331909 81.20 0.00 -125.98 1.34 226 293 1
201815 52.485988616943 -1.888868331909 81.10 0.00 -130.21 1.34 228 295 1
201976 52.485988616943 -1.888868331909 81.20 0.00 -150.62 1.34 232 301 1
202138 52.485988616943 -1.888868331909 81.40 0.00 -159.77 1.34 245 320 1
202301 52.485988616943 -1.888868331909 81.50 0.00 -175.25 1.34 251 329 1
202461 52.485988616943 -1.888868331909 81.50 0.00 179.47 1.34 263 344 1
202622 52.485988616943 -1.888868331909 81.40 0.00 177.01 1.34 268 348 1
202783 52.485988616943 -1.888868331909 81.20 0.00 172.79 1.34 270 345 1
202945 52.485988616943 -1.888868331909 81.10 0.00 171.03 1.34 274 341 1
203106 52.485988616943 -1.888868331909 81.20 0.00 171.38 1.34 276 340 1
203269 52.485988616943 -1.888868331909 81.40 0.00 170.32 1.34 276 340 1
203430 52.485988616943 -1.888868331909 81.60 0.00 169.97 1.34 276 340 1
203591 52.485988616943 -1.888868331909 82.30 0.00 169.62 1.34 276 338 1
203752 52.485988616943 -1.888868331909 82.90 0.00 170.32 1.34 276 338 1
203914 52.485988616943 -1.888868331909 83.70 0.00 171.38 1.34 274 340 1
204075 52.485988616943 -1.888868331909 85.20 0.00 171.73 1.34 272 340 1
204238 52.485988616943 -1.888868331909 85.80 0.00 172.79 1.34 270 340 1
204399 52.485988616943 -1.888868331909 85.80 0.00 172.79 1.34 268 341 1
204560 52.485988616943 -1.888868331909 84.90 0.00 172.43 1.34 268 341 1
204721 52.485988616943 -1.888868331909 83.20 0.00 172.43 1.34 268 341 1
204882 52.485988616943 -1.888868331909 79.60 0.00 172.79 1.34 272 341 1
205044 52.485988616943 -1.888868331909 74.90 0.00 172.43 1.34 278 341 1
205207 52.485988616943 -1.888868331909 68.90 0.00 172.08 1.34 287 341 1
205368 52.485988616943 -1.888868331909 62.10 0.00 172.43 1.34 297 341 1
205529 52.485988616943 -1.888868331909 56.20 0.00 172.79 1.34 308 341 1
205689 52.485988616943 -1.888868331909 52.50 0.00 172.79 1.34 318 341 1
205851 52.485988616943 -1.888868331909 50.40 0.00 173.14 1.79 324 341 1
206013 52.485988616943 -1.888868331909 50.00 0.00 172.79 1.79 329 343 1
206176 52.485988616943 -1.888868331909 50.40 0.00 173.14 1.79 329 341 1
206337 52.485988616943 -1.888868331909 51.40 0.00 173.84 1.79 329 343 1
206498 52.485988616943 -1.888868331909 53.20 0.00 -173.14 1.79 326 343 1
206659 52.485988616943 -1.888868331909 54.70 0.00 -148.86 1.79 310 343 1
206820 52.485988616943 -1.888868331909 55.40 0.00 -148.15 1.79 289 318 1
206982 52.485988616943 -1.888868331909 55.80 0.00 -149.56 1.79 287 318 1
207143 52.485988616943 -1.888868331909 55.80 0.00 -149.56 1.79 287 319 1
207305 52.485988616943 -1.888868331909 55.60 0.00 -147.10 1.79 287 319 1
207467 52.485988616943 -1.888868331909 55.00 0.00 -143.23 1.79 284 318 1
207628 52.485988616943 -1.888868331909 52.00 0.00 -141.47 1.79 282 313 1
207789 52.485988616943 -1.888868331909 48.20 0.00 -139.71 1.79 287 312 1
207950 52.485988616943 -1.888868331909 44.30 0.00 -136.54 1.79 291 309 1
208111 52.485988616943 -1.888868331909 40.40 0.00 -133.72 1.79 295 306 1
208275 52.485988616943 -1.888868331909 38.10 0.00 -131.26 1.79 299 304 1
208436 52.485988616943 -1.888868331909 37.00 0.00 -131.26 1.79 301 302 1
208596 52.485988616943 -1.888868331909 36.30 0.00 -130.56 1.79 303 302 1
208757 52.485988616943 -1.888868331909 36.10 0.00 -130.56 1.79 305 301 1
208919 52.485988616943 -1.888868331909 36.10 0.00 -129.15 1.79 305 301 1
209080 52.485988616943 -1.888868331909 35.70 0.00 -129.15 1.79 303 300 1
209244 52.485988616943 -1.888868331909 35.20 0.00 -129.15 1.79 305 300 1
209404 52.485988616943 -1.888868331909 34.80 0.00 -129.50 1.79 305 300 1
209565 52.485988616943 -1.888868331909 35.10 0.00 -129.85 1.79 305 300 1
209726 52.485988616943 -1.888868331909 37.50 0.00 -131.96 1.79 305 300 1
209888 52.485988616943 -1.888868331909 41.80 0.00 -133.72 1.79 303 302 1
210050 52.485988616943 -1.888868331909 47.50 0.00 -139.71 1.79 297 304 1
210212 52.485988616943 -1.888868331909 54.40 0.00 -143.23 1.79 293 309 1
210373 52.485988616943 -1.888868331909 61.60 0.00 -146.74 1.79 282 313 1
210534 52.485988616943 -1.888868331909 69.30 0.00 -152.38 1.79 274 316 1
210695 52.485988616943 -1.888868331909 76.20 0.00 -156.60 1.79 266 322 1
210856 52.485988616943 -1.888868331909 82.40 0.00 -161.52 1.79 257 326 1
211018 52.485988616943 -1.888868331909 87.90 0.00 -173.49 1.79 251 330 1
211181 52.485988616943 -1.888868331909 92.00 0.00 179.12 1.79 253 343 1
211342 52.485988616943 -1.888868331909 94.60 0.00 176.66 1.79 251 348 1
211504 52.485988616943 -1.888868331909 96.00 0.00 175.60 1.79 249 345 1
211664 52.485988616943 -1.888868331909 96.10 0.00 175.95 1.79 249 344 1
211825 52.485988616943 -1.888868331909 95.30 0.00 176.30 1.79 247 344 1
211987 52.485988616943 -1.888868331909 94.30 0.00 176.30 1.79 249 345 1
212149 52.485988616943 -1.888868331909 93.50 0.00 176.30 1.79 251 345 1
212312 52.485988616943 -1.888868331909 93.00 0.00 176.66 1.79 251 345 1
212472 52.485988616943 -1.888868331909 93.30 0.00 176.66 1.79 253 345 1
212633 52.485988616943 -1.888868331909 93.90 0.00 176.66 0.89 251 345 1
212794 52.485988616943 -1.888868331909 94.10 0.00 175.95 0.89 251 345 1
212956 52.485988616943 -1.888868331909 94.50 0.00 177.71 0.89 251 344 1
213117 52.485988616943 -1.888868331909 95.30 0.00 177.36 0.89 249 345 1
213280 52.485988616943 -1.888868331909 95.90 0.00 176.66 0.89 249 345 1
213441 52.485988616943 -1.888868331909 96.10 0.00 177.36 0.89 247 345 1
213603 52.485988616943 -1.888868331909 96.70 0.00 177.36 0.89 247 345 1
213763 52.485988616943 -1.888868331909 98.70 0.00 177.01 0.89 247 345 1
213924 52.485988616943 -1.888868331909 102.10 0.00 175.25 0.89 242 345 1
214086 52.485988616943 -1.888868331909 106.10 0.00 169.27 0.89 240 344 1
214249 52.485988616943 -1.888868331909 110.90 0.00 160.12 0.89 238 338 1
214410 52.485988616943 -1.888868331909 115.80 0.00 150.26 0.89 238 330 1
214572 52.485988616943 -1.888868331909 120.90 0.00 148.86 0.89 238 320 1
214732 52.485988616943 -1.888868331909 126.20 0.00 148.15 0.89 232 318 1
214893 52.485988616943 -1.888868331909 131.80 0.00 144.63 0.89 226 318 1
215055 52.485988616943 -1.888868331909 137.60 0.00 140.41 0.89 221 315 1
215218 52.485988616943 -1.888868331909 141.80 0.00 140.06 0.89 217 311 1
215378 52.485988616943 -1.888868331909 146.70 0.00 136.19 0.89 213 311 1
215540 52.485988616943 -1.888868331909 150.70 0.00 135.13 0.89 211 306 1
215701 52.485988616943 -1.888868331909 153.30 0.00 131.96 0.89 209 305 1
215862 52.485988616943 -1.888868331909 154.30 0.00 130.21 0.89 209 302 1
216024 52.485988616943 -1.888868331909 153.40 0.00 130.56 0.89 209 301 1
216186 52.485988616943 -1.888868331909 152.20 0.00 129.85 0.89 209 301 1
216347 52.485988616943 -1.888868331909 151.50 0.00 125.98 0.89 209 300 1
216509 52.485988616943 -1.888868331909 151.00 0.00 120.00 0.89 211 295 1
216670 52.485988616943 -1.888868331909 150.80 0.00 116.48 0.89 215 290 1
216830 52.485988616943 -1.888868331909 150.90 0.00 115.07 0.89 217 287 1
216992 52.485988616943 -1.888868331909 149.80 0.00 115.07 0.89 217 287 1
217154 52.485988616943 -1.888868331909 147.60 0.00 116.48 1.34 217 287 1
217317 52.485988616943 -1.888868331909 144.80 0.00 125.63 1.34 219 287 1
217478 52.485988616943 -1.888868331909 140.60 0.00 129.85 1.34 217 295 1
217639 52.485988616943 -1.888868331909 134.30 0.00 137.60 1.34 219 300 1
217799 52.485988616943 -1.888868331909 126.40 0.00 146.04 1.34 224 308 1
217961 52.485988616943 -1.888868331909 117.80 0.00 159.06 1.34 228 316 1
218123 52.485988616943 -1.888868331909 109.30 0.00 170.32 1.34 230 329 1
218286 52.485988616943 -1.888868331909 101.20 0.00 179.47 1.34 232 340 1
218446 52.485988616943 -1.888868331909 93.60 0.00 -175.25 1.34 238 348 1
218608 52.485988616943 -1.888868331909 86.10 0.00 -167.16 1.34 245 344 1
218768 52.485988616943 -1.888868331909 78.60 0.00 -162.23 1.34 251 337 1
218930 52.485988616943 -1.888868331909 71.50 0.00 -152.38 1.34 257 331 1
219091 52.485988616943 -1.888868331909 64.10 0.00 -145.69 1.34 261 322 1
219254 52.485988616943 -1.888868331909 57.40 0.00 -128.80 1.34 268 315 1
219415 52.485988616943 -1.888868331909 51.20 0.00 -124.22 1.79 266 300 1
219577 52.485988616943 -1.888868331909 45.20 0.00 -118.59 1.79 272 295 1
219737 52.485988616943 -1.888868331909 40.70 0.00 -106.28 1.79 278 290 1
219898 52.485988616943 -1.888868331909 36.60 0.00 -100.29 1.79 274 277 1
220060 52.485988616943 -1.888868331909 31.30 0.00 -97.13 1.79 276 272 1
220223 52.485988616943 -1.888868331909 27.30 0.00 -98.18 1.79 282 269 1
220384 52.485988616943 -1.888868331909 24.00 0.00 -96.77 1.79 291 270 1
220546 52.485988616943 -1.888868331909 21.50 0.00 -95.72 1.79 297 268 1
220706 52.485988616943 -1.888868331909 19.30 0.00 -95.37 1.79 299 268 1
220867 52.485988616943 -1.888868331909 16.40 0.00 -92.90 1.79 303 268 1
221029 52.485988616943 -1.888868331909 14.70 0.00 -94.66 1.79 305 265 1
221192 52.485988616943 -1.888868331909 14.60 0.00 -96.77 1.79 310 266 1
221352 52.485988616943 -1.888868331909 15.30 0.00 -96.42 1.79 312 268 1
221514 52.485988616943 -1.888868331909 16.90 0.00 -102.40 1.79 310 268 1
221675 52.485988616943 -1.888868331909 20.60 0.00 -110.85 0.45 312 275 1
221836 52.485988616943 -1.888868331909 25.80 0.00 -116.83 0.45 314 281 1
221998 52.485988616943 -1.888868331909 33.50 0.00 -125.98 0.45 310 287 1
222160 52.485988616943 -1.888868331909 42.30 0.00 -139.00 0.45 305 295 1
222321 52.485988616943 -1.888868331909 51.20 0.00 -147.10 0.45 301 309 1
222483 52.485988616943 -1.888868331909 61.00 0.00 -164.34 0.45 293 318 1
222644 52.485988616943 -1.888868331909 69.70 0.00 179.82 0.45 291 333 1
222804 52.485988616943 -1.888868331909 76.60 0.00 169.97 0.45 289 348 1
222966 52.485988616943 -1.888868331909 81.50 0.00 160.12 0.45 284 338 1
223128 52.485988616943 -1.888868331909 85.40 0.00 150.62 0.45 284 330 1
223291 52.485988616943 -1.888868331909 88.10 0.00 146.39 0.45 287 320 1
223452 52.485988616943 -1.888868331909 88.30 0.00 146.39 0.45 287 316 1
223613 52.485988616943 -1.888868331909 87.80 0.00 144.63 0.45 287 316 1
223773 52.485988616943 -1.888868331909 87.40 0.00 144.63 0.45 289 315 1
223935 52.485988616943 -1.888868331909 87.20 0.00 144.63 0.45 289 315 1
224097 52.485988616943 -1.888868331909 87.50 0.00 144.63 0.45 289 315 1
224260 52.485988616943 -1.888868331909 87.90 0.00 144.28 0.45 289 315 1
224420 52.485988616943 -1.888868331909 86.30 0.00 145.34 0.45 289 315 1
224582 52.485988616943 -1.888868331909 82.60 0.00 143.93 0.45 291 315 1
224742 52.485988616943 -1.888868331909 76.10 0.00 144.63 0.45 299 313 1
224904 52.485988616943 -1.888868331909 68.50 0.00 145.34 0.45 308 315 1
225065 52.485988616943 -1.888868331909 61.40 0.00 145.34 0.45 320 315 1
225228 52.485988616943 -1.888868331909 55.00 0.00 146.04 0.45 333 315 1
225389 52.485988616943 -1.888868331909 51.50 0.00 146.04 0.45 331 316 1
225551 52.485988616943 -1.888868331909 50.80 0.00 146.04 0.45 335 316 1
225711 52.485988616943 -1.888868331909 52.60 0.00 146.04 0.45 335 316 1
225872 52.485988616943 -1.888868331909 55.10 0.00 146.04 0.45 333 316 1
226034 52.485988616943 -1.888868331909 59.00 0.00 145.69 0.45 331 316 1
226197 52.485988616943 -1.888868331909 63.50 0.00 146.04 0.45 337 315 1
226358 52.485988616943 -1.888868331909 67.80 0.00 146.04 0.45 329 316 1
226520 52.485988616943 -1.888868331909 71.10 0.00 145.69 0.45 320 316 1
226680 52.485988616943 -1.888868331909 73.30 0.00 146.04 0.45 316 315 1
226841 52.485988616943 -1.888868331909 74.40 0.00 146.04 0.45 312 316 1
227003 52.485988616943 -1.888868331909 74.00 0.00 146.04 0.45 310 316 1
227165 52.485988616943 -1.888868331909 73.30 0.00 146.04 0.45 310 316 1
227328 52.485988616943 -1.888868331909 72.30 0.00 146.04 0.45 312 316 1
227488 52.485988616943 -1.888868331909 71.50 0.00 146.04 0.45 314 316 1
227649 52.485988616943 -1.888868331909 70.90 0.00 145.69 0.45 314 316 1
227810 52.485988616943 -1.888868331909 70.20 0.00 145.34 0.45 316 315 1
227972 52.485988616943 -1.888868331909 69.70 0.00 141.82 0.45 318 315 1
228133 52.485988616943 -1.888868331909 69.50 0.00 131.96 0.45 322 312 1
228296 52.485988616943 -1.888868331909 69.50 0.00 117.18 0.45 318 302 1
228457 52.485988616943 -1.888868331909 69.60 0.00 109.79 1.34 318 288 1
228618 52.485988616943 -1.888868331909 69.60 0.00 110.85 1.34 318 280 1
228779 52.485988616943 -1.888868331909 69.60 0.00 109.79 1.34 318 281 1
228940 52.485988616943 -1.888868331909 69.60 0.00 106.98 1.34 318 280 1
229102 52.485988616943 -1.888868331909 69.50 0.00 104.52 1.34 318 277 1
229265 52.485988616943 -1.888868331909 69.30 0.00 99.59 1.34 318 276 1
229426 52.485988616943 -1.888868331909 69.30 0.00 89.03 1.34 318 270 1
229587 52.485988616943 -1.888868331909 69.20 0.00 85.51 1.34 318 262 1
229747 52.485988616943 -1.888868331909 68.90 0.00 86.92 1.34 318 258 1
229909 52.485988616943 -1.888868331909 68.60 0.00 82.70 1.34 318 258 1
230071 52.485988616943 -1.888868331909 68.20 0.00 76.72 1.34 318 255 1
230234 52.485988616943 -1.888868331909 68.10 0.00 71.79 1.34 320 250 1
230394 52.485988616943 -1.888868331909 68.20 0.00 61.94 1.34 320 244 1
230556 52.485988616943 -1.888868331909 68.30 0.00 50.67 1.34 320 234 1
230717 52.485988616943 -1.888868331909 68.60 0.00 33.78 0.45 320 225 1
230878 52.485988616943 -1.888868331909 68.70 0.00 25.69 0.45 318 350 1
231040 52.485988616943 -1.888868331909 68.50 0.00 26.04 0.45 318 350 1
231200 52.485988616943 -1.888868331909 68.40 0.00 24.63 0.45 318 350 1
231362 52.485988616943 -1.888868331909 68.30 0.00 24.28 0.45 318 350 1
231525 52.485988616943 -1.888868331909 68.50 0.00 23.23 0.45 320 350 1
231687 52.485988616943 -1.888868331909 70.10 0.00 17.60 0.45 318 350 1
231847 52.485988616943 -1.888868331909 72.80 0.00 17.95 0.45 318 350 1
232008 52.485988616943 -1.888868331909 76.80 0.00 17.24 0.45 316 350 1
232170 52.485988616943 -1.888868331909 81.00 0.00 17.60 0.45 312 350 1
232331 52.485988616943 -1.888868331909 85.20 0.00 18.65 0.45 308 350 1
232494 52.485988616943 -1.888868331909 89.20 0.00 19.00 0.45 305 350 1
232655 52.485988616943 -1.888868331909 91.90 0.00 18.30 0.45 301 350 1
232816 52.485988616943 -1.888868331909 93.40 0.00 17.60 0.45 299 350 1
232977 52.485988616943 -1.888868331909 93.60 0.00 16.89 0.45 299 350 1
233139 52.485988616943 -1.888868331909 92.90 0.00 16.54 0.45 299 350 1
233299 52.485988616943 -1.888868331909 91.40 0.00 16.19 0.45 299 350 1
233462 52.485988616943 -1.888868331909 89.30 0.00 14.43 0.45 299 350 1
233624 52.485988616943 -1.888868331909 87.00 0.00 14.08 0.45 301 350 1
233785 52.485988616943 -1.888868331909 84.20 0.00 13.02 0.45 303 350 1
233947 52.485988616943 -1.888868331909 81.10 0.00 11.26 0.45 305 350 1
234107 52.485988616943 -1.888868331909 78.10 0.00 3.17 0.45 308 350 1
234268 52.485988616943 -1.888868331909 75.70 0.00 0.00 0.45 310 350 1
234431 52.485988616943 -1.888868331909 74.80 0.00 0.00 0.45 312 350 1
234593 52.485988616943 -1.888868331909 74.30 0.00 0.00 0.45 314 350 1
234754 52.485988616943 -1.888868331909 73.80 0.00 0.00 0.45 314 350 1
234915 52.485988616943 -1.888868331909 73.60 0.00 13.02 0.45 314 350 1
235076 52.485988616943 -1.888868331909 73.60 0.00 27.10 0.45 314 350 1
235237 52.485988616943 -1.888868331909 73.80 0.00 29.91 1.34 314 350 1
235399 52.485988616943 -1.888868331909 74.00 0.00 36.60 1.34 314 350 1
235561 52.485988616943 -1.888868331909 74.20 0.00 48.91 1.34 314 350 1
235865 52.485988616943 -1.888868331909 74.30 0.00 64.40 1.34 314 350 1
236146 52.485988616943 -1.888868331909 76.60 0.00 68.97 1.34 314 237 1
236307 52.485988616943 -1.888868331909 77.90 0.00 87.27 1.34 312 241 1
236469 52.485988616943 -1.888868331909 78.50 0.00 115.43 1.34 310 259 1
236632 52.485988616943 -1.888868331909 78.60 0.00 132.67 1.34 310 287 1
236792 52.485988616943 -1.888868331909 78.40 0.00 134.78 1.34 314 302 1
236955 52.485988616943 -1.888868331909 78.20 0.00 130.56 1.34 312 305 1
237115 52.485988616943 -1.888868331909 78.20 0.00 135.13 1.34 316 301 1
237277 52.485988616943 -1.888868331909 78.10 0.00 148.86 1.34 312 305 1
237438 52.485988616943 -1.888868331909 77.20 0.00 162.93 1.34 301 318 1
237600 52.485988616943 -1.888868331909 76.70 0.00 173.49 1.34 291 331 1
237761 52.485988616943 -1.888868331909 77.20 0.00 -159.77 1.34 282 343 1
237923 52.485988616943 -1.888868331909 77.50 0.00 -130.21 1.34 259 329 1
238084 52.485988616943 -1.888868331909 77.80 0.00 -115.07 1.34 236 301 1
238245 52.485988616943 -1.888868331909 78.20 0.00 -106.63 1.34 226 287 1
238406 52.485988616943 -1.888868331909 78.60 0.00 -96.77 1.34 221 277 1
238569 52.485988616943 -1.888868331909 78.70 0.00 -85.16 1.34 310 268 1
238730 52.485988616943 -1.888868331909 78.70 0.00 -76.72 1.34 310 258 1
238892 52.485988616943 -1.888868331909 78.50 0.00 -78.12 1.34 310 250 1
239052 52.485988616943 -1.888868331909 77.80 0.00 -97.83 1.34 310 251 1
239213 52.485988616943 -1.888868331909 77.10 0.00 -116.13 1.34 310 269 1
239375 52.485988616943 -1.888868331909 76.30 0.00 -131.61 1.34 228 287 1
239538 52.485988616943 -1.888868331909 76.00 0.00 -143.58 1.34 238 302 1
239699 52.485988616943 -1.888868331909 75.80 0.00 -162.93 1.34 247 313 1
239860 52.485988616943 -1.888868331909 75.50 0.00 179.12 1.34 263 331 1
240021 52.485988616943 -1.888868331909 75.60 0.00 169.62 1.34 280 348 1
240183 52.485988616943 -1.888868331909 76.00 0.00 168.21 1.34 287 338 1
240344 52.485988616943 -1.888868331909 76.40 0.00 171.03 1.34 289 337 1
240506 52.485988616943 -1.888868331909 76.70 0.00 -171.03 1.34 284 340 1
240668 52.485988616943 -1.888868331909 77.20 0.00 -147.80 1.34 268 340 1
240829 52.485988616943 -1.888868331909 77.20 0.00 -129.85 1.34 249 318 1
240990 52.485988616943 -1.888868331909 77.00 0.00 -113.67 1.34 236 300 1
241152 52.485988616943 -1.888868331909 76.90 0.00 -97.48 1.34 226 284 1
241312 52.485988616943 -1.888868331909 76.80 0.00 -86.57 1.34 312 269 1
241475 52.485988616943 -1.888868331909 76.60 0.00 -84.11 1.34 312 258 1
241637 52.485988616943 -1.888868331909 76.40 0.00 -105.57 1.34 312 256 1
241798 52.485988616943 -1.888868331909 76.00 0.00 -136.54 1.34 221 277 1
241959 52.485988616943 -1.888868331909 75.60 0.00 -164.34 1.34 242 306 1
242120 52.485988616943 -1.888868331909 75.60 0.00 174.19 1.34 266 333 1
242281 52.485988616943 -1.888868331909 75.70 0.00 164.34 1.34 284 343 1
242443 52.485988616943 -1.888868331909 75.80 0.00 160.82 1.34 293 333 1
242606 52.485988616943 -1.888868331909 75.80 0.00 163.28 1.34 295 330 1
242766 52.485988616943 -1.888868331909 75.70 0.00 175.25 1.34 293 333 1
242929 52.485988616943 -1.888868331909 75.80 0.00 -164.34 1.34 282 344 1
243089 52.485988616943 -1.888868331909 75.90 0.00 -140.41 1.34 263 333 1
243250 52.485988616943 -1.888868331909 75.80 0.00 -121.76 1.34 245 311 1
243411 52.485988616943 -1.888868331909 75.60 0.00 -108.04 1.34 232 293 1
243575 52.485988616943 -1.888868331909 75.30 0.00 -99.24 1.34 224 280 1
243735 52.485988616943 -1.888868331909 75.30 0.00 -93.26 1.34 312 270 1
243897 52.485988616943 -1.888868331909 75.40 0.00 -91.85 1.34 312 265 1
244058 52.485988616943 -1.888868331909 75.20 0.00 -102.05 1.34 312 263 1
244219 52.485988616943 -1.888868331909 74.80 0.00 -123.52 0.89 221 275 1
244380 52.485988616943 -1.888868331909 73.90 0.00 -150.97 0.89 234 294 1
244543 52.485988616943 -1.888868331909 73.30 0.00 179.47 0.89 257 320 1
244705 52.485988616943 -1.888868331909 73.20 0.00 168.21 0.89 282 348 1
244866 52.485988616943 -1.888868331909 73.70 0.00 167.51 0.89 293 337 1
245026 52.485988616943 -1.888868331909 73.90 0.00 167.16 0.89 293 337 1
245188 52.485988616943 -1.888868331909 74.00 0.00 165.75 0.89 293 337 1
245349 52.485988616943 -1.888868331909 73.00 0.00 165.75 0.89 295 334 1
245513 52.485988616943 -1.888868331909 70.60 0.00 165.75 0.89 295 334 1
245673 52.485988616943 -1.888868331909 68.30 0.00 165.75 0.89 299 334 1
245834 52.485988616943 -1.888868331909 68.20 0.00 165.40 0.89 303 334 1
245995 52.485988616943 -1.888868331909 68.50 0.00 165.40 0.89 305 334 1
246157 52.485988616943 -1.888868331909 69.30 0.00 164.69 0.89 303 334 1
246318 52.485988616943 -1.888868331909 71.50 0.00 164.69 0.89 303 333 1
246481 52.485988616943 -1.888868331909 71.90 0.00 161.52 0.45 299 333 1
246642 52.485988616943 -1.888868331909 72.10 0.00 155.19 0.45 301 330 1
246803 52.485988616943 -1.888868331909 73.10 0.00 147.45 0.45 305 325 1
246964 52.485988616943 -1.888868331909 72.50 0.00 141.82 0.45 310 318 1
247126 52.485988616943 -1.888868331909 72.50 0.00 135.48 0.45 316 312 1
247287 52.485988616943 -1.888868331909 72.00 0.00 133.02 0.45 322 305 1
247450 52.485988616943 -1.888868331909 75.80 0.00 119.30 0.45 324 304 1
247611 52.485988616943 -1.888868331909 83.90 0.00 103.81 0.45 312 290 1
247772 52.485988616943 -1.888868331909 91.00 0.00 95.72 0.45 305 275 1
247933 52.485988616943 -1.888868331909 90.90 0.00 87.98 0.45 301 268 1
248094 52.485988616943 -1.888868331909 90.10 0.00 85.51 0.45 301 259 1
248256 52.485988616943 -1.888868331909 90.20 0.00 89.38 0.45 301 258 1
248418 52.485988616943 -1.888868331909 90.60 0.00 90.09 0.45 301 262 1
248580 52.485988616943 -1.888868331909 90.70 0.00 85.87 0.45 301 262 1
248740 52.485988616943 -1.888868331909 89.60 0.00 83.05 0.89 301 258 1
248902 52.485988616943 -1.888868331909 89.40 0.00 82.70 0.89 301 255 1
249063 52.485988616943 -1.888868331909 89.10 0.00 81.64 0.89 301 255 1
249225 52.485988616943 -1.888868331909 89.60 0.00 81.29 0.89 301 254 1
249385 52.485988616943 -1.888868331909 90.00 0.00 81.29 0.89 301 254 1
249548 52.485988616943 -1.888868331909 89.80 0.00 80.94 0.89 301 254 1
249710 52.485988616943 -1.888868331909 89.40 0.00 80.59 0.89 301 252 1
249872 52.485988616943 -1.888868331909 90.40 0.00 80.94 0.89 301 252 1
250032 52.485988616943 -1.888868331909 90.40 0.00 80.94 0.89 301 252 1
250193 52.485988616943 -1.888868331909 90.70 0.00 80.94 0.89 301 252 1
250355 52.485988616943 -1.888868331909 91.10 0.00 81.29 0.89 301 252 1
250518 52.485988616943 -1.888868331909 90.00 0.00 81.29 0.89 301 254 1
250679 52.485988616943 -1.888868331909 88.10 0.00 81.64 0.89 301 254 1
250840 52.485988616943 -1.888868331909 86.20 0.00 81.29 0.45 303 254 1
251000 52.485988616943 -1.888868331909 85.40 0.00 80.94 0.45 305 254 1
251162 52.485988616943 -1.888868331909 85.00 0.00 80.94 0.45 305 252 1
251323 52.485988616943 -1.888868331909 85.30 0.00 80.59 0.45 305 252 1
251486 52.485988616943 -1.888868331909 85.60 0.00 80.59 0.45 305 252 1
251648 52.485988616943 -1.888868331909 85.30 0.00 80.59 0.45 305 252 1
251808 52.485988616943 -1.888868331909 85.50 0.00 80.59 0.45 305 252 1
251969 52.485988616943 -1.888868331909 85.30 0.00 80.23 0.45 305 252 1
252131 52.485988616943 -1.888868331909 85.10 0.00 79.53 0.45 305 252 1
252292 52.485988616943 -1.888868331909 85.00 0.00 78.83 0.45 305 252 1
252455 52.485988616943 -1.888868331909 84.30 0.00 78.48 0.45 305 251 1
252616 52.485988616943 -1.888868331909 83.90 0.00 78.48 0.45 305 251 1
252777 52.485988616943 -1.888868331909 83.60 0.00 78.12 0.45 305 251 1
252938 52.485988616943 -1.888868331909 83.30 0.00 77.77 0.45 305 251 1
253100 52.485988616943 -1.888868331909 83.10 0.00 77.42 0.45 305 250 1
253261 52.485988616943 -1.888868331909 82.90 0.00 77.07 0.45 305 250 1
253422 52.485988616943 -1.888868331909 83.00 0.00 77.07 0.45 305 250 1
253586 52.485988616943 -1.888868331909 83.50 0.00 76.72 0.45 305 250 1
253746 52.485988616943 -1.888868331909 83.60 0.00 76.72 0.45 305 250 1
253908 52.485988616943 -1.888868331909 83.50 0.00 76.01 0.45 305 250 1
254068 52.485988616943 -1.888868331909 83.20 0.00 76.01 0.45 305 250 1
254230 52.485988616943 -1.888868331909 83.10 0.00 74.96 0.45 305 250 1
254391 52.485988616943 -1.888868331909 83.10 0.00 73.90 0.45 305 247 1
