13118 3138653440.00 0.00 12.80 52.79 0.00 305 230 1
13281 3138653440.00 0.00 13.90 52.43 0.00 200 181 1
13422 3138653440.00 0.00 11.50 52.79 0.00 200 181 1
13563 3138653440.00 0.00 11.10 52.79 0.00 200 181 1
13705 3138653440.00 0.00 11.20 52.79 0.00 200 181 1
13846 3138653440.00 0.00 10.70 52.79 0.00 200 181 1
13989 3138653440.00 0.00 11.00 52.79 0.00 200 181 1
14129 3138653440.00 0.00 11.20 52.79 0.00 200 181 1
14270 3138653440.00 0.00 11.20 52.79 0.00 200 181 1
14411 3138653440.00 0.00 11.00 52.79 0.00 200 181 1
14553 3138653440.00 0.00 11.00 52.79 0.00 200 181 1
14694 3138653440.00 0.00 11.00 52.79 0.00 200 181 1
14835 3138653440.00 0.00 11.00 52.43 0.00 200 181 1
14978 3138653440.00 0.00 11.00 52.79 0.00 200 181 1
15119 3138653440.00 0.00 11.00 52.79 0.00 200 181 1
15259 3138653440.00 0.00 11.00 52.79 0.00 200 181 1
15400 3138653440.00 0.00 11.00 52.79 0.00 200 181 1
15542 3138653440.00 0.00 11.00 52.79 0.00 200 181 1
15683 3138653440.00 0.00 11.00 52.79 0.00 200 181 1
15824 3138653440.00 0.00 11.00 52.79 0.00 200 181 1
15967 3138653440.00 0.00 11.00 52.79 0.00 200 181 1
16108 3138653440.00 0.00 11.00 52.79 0.00 200 181 1
16249 3138653440.00 0.00 11.00 52.79 0.00 200 181 1
16391 3138653440.00 0.00 11.00 52.79 0.00 200 181 1
16532 3138653440.00 0.00 11.00 52.79 0.00 200 181 1
16673 3138653440.00 0.00 11.00 52.79 0.00 200 181 1
16815 3138653440.00 0.00 11.00 52.79 0.00 200 181 1
16957 3138653440.00 0.00 11.00 52.79 0.00 200 181 1
17097 3138653440.00 0.00 11.00 52.43 0.00 200 181 1
17239 3138653440.00 0.00 11.00 52.79 0.00 200 181 1
17380 3138653440.00 0.00 11.00 52.79 0.00 200 181 1
17521 3138653440.00 0.00 11.00 52.79 0.00 200 181 1
17662 3138653440.00 0.00 11.00 52.79 0.00 200 181 1
17804 3138653440.00 0.00 11.00 52.79 0.00 200 181 1
17946 3138653440.00 0.00 11.00 52.79 0.00 200 181 1
18087 3138653440.00 0.00 11.00 52.79 0.00 200 181 1
18228 3138653440.00 0.00 11.00 52.79 0.00 200 181 1
18369 3138653440.00 0.00 11.00 52.43 0.00 200 181 1
18510 3138653440.00 0.00 11.00 52.79 0.00 200 181 1
18652 3138653440.00 0.00 11.00 52.79 0.00 200 181 1
18793 3138653440.00 0.00 11.00 52.79 0.00 200 181 1
18935 3138653440.00 0.00 11.00 52.43 0.00 200 181 1
19077 3138653440.00 0.00 11.00 52.79 0.00 200 181 1
19217 3138653440.00 0.00 11.00 52.79 0.00 200 181 1
19358 3138653440.00 0.00 11.00 52.79 0.00 200 181 1
19501 3138653440.00 0.00 11.00 52.79 0.00 200 181 1
19642 3138653440.00 0.00 11.00 52.79 0.00 200 181 1
19783 3138653440.00 0.00 11.00 52.79 0.00 200 181 1
19926 3138653440.00 0.00 11.00 52.79 0.00 200 181 1
20067 3138653440.00 0.00 11.00 52.79 0.00 200 181 1
20207 3138653440.00 0.00 11.00 52.79 0.00 200 181 1
20348 3138653440.00 0.00 11.00 52.79 0.00 200 181 1
20490 3138653440.00 0.00 11.00 52.79 0.00 200 181 1
20631 3138653440.00 0.00 11.00 52.79 0.00 200 181 1
20772 3138653440.00 0.00 11.00 52.79 0.00 200 181 1
20916 3138653440.00 0.00 11.00 52.79 0.00 200 181 1
21056 3138653440.00 0.00 11.00 52.43 0.00 200 181 1
21196 3138653440.00 0.00 11.00 52.79 0.00 200 181 1
21338 3138653440.00 0.00 11.00 52.79 0.00 200 181 1
21479 3138653440.00 0.00 11.00 52.79 0.00 200 181 1
21620 3138653440.00 0.00 11.00 52.79 0.00 200 181 1
21762 3138653440.00 0.00 11.00 52.79 0.00 200 181 1
21905 3138653440.00 0.00 11.00 52.79 0.00 200 181 1
22045 3138653440.00 0.00 11.00 52.79 0.00 200 181 1
22185 3138653440.00 0.00 11.00 52.79 0.00 200 181 1
22327 3138653440.00 0.00 11.00 52.79 0.00 200 181 1
22468 3138653440.00 0.00 11.00 52.43 0.00 200 181 1
22609 3138653440.00 0.00 11.00 52.79 0.00 200 181 1
22752 3138653440.00 0.00 11.00 52.43 0.00 200 181 1
22894 3138653440.00 0.00 11.00 52.79 0.00 200 181 1
23035 3138653440.00 0.00 11.00 52.43 0.00 200 181 1
23176 3138653440.00 0.00 11.00 52.43 0.00 200 181 1
23317 3138653440.00 0.00 11.00 52.79 0.00 200 181 1
23458 3138653440.00 0.00 11.00 52.79 0.00 200 181 1
23600 3138653440.00 0.00 11.00 52.79 0.00 200 181 1
23741 3138653440.00 0.00 11.00 52.79 0.00 200 181 1
23883 3138653440.00 0.00 11.00 52.79 0.00 200 181 1
24026 3138653440.00 0.00 11.00 52.79 0.00 200 181 1
24165 3138653440.00 0.00 11.00 52.79 0.00 200 181 1
24306 3138653440.00 0.00 11.00 52.79 0.00 200 181 1
24448 3138653440.00 0.00 11.00 52.79 0.00 200 181 1
24589 3138653440.00 0.00 11.00 52.79 0.00 200 181 1
24730 3138653440.00 0.00 11.00 52.79 0.00 200 181 1
24872 3138653440.00 0.00 11.00 52.79 0.00 200 181 1
25015 3138653440.00 0.00 11.00 52.79 0.00 200 181 1
25154 3138653440.00 0.00 11.00 52.79 0.00 200 181 1
25295 3138653440.00 0.00 11.00 52.43 0.00 200 181 1
25437 3138653440.00 0.00 11.00 52.79 0.00 200 181 1
25578 3138653440.00 0.00 11.00 52.79 0.00 200 181 1
25719 3138653440.00 0.00 11.00 52.43 0.00 200 181 1
25862 3138653440.00 0.00 11.00 52.79 0.00 200 181 1
26004 3138653440.00 0.00 11.00 52.79 0.00 200 181 1
26144 3138653440.00 0.00 11.00 52.79 0.00 200 181 1
26286 3138653440.00 0.00 11.00 52.79 0.00 200 181 1
26427 3138653440.00 0.00 11.00 52.79 0.00 200 181 1
26568 3138653440.00 0.00 11.00 52.43 0.00 200 181 1
26710 3138653440.00 0.00 11.00 52.79 0.00 200 181 1
26851 3138653440.00 0.00 11.00 52.79 0.00 200 181 1
26993 3138653440.00 0.00 11.00 52.79 0.00 200 181 1
27133 3138653440.00 0.00 11.00 52.79 0.00 200 181 1
27275 3138653440.00 0.00 11.00 52.79 0.00 200 181 1
27416 3138653440.00 0.00 11.00 52.79 0.00 200 181 1
27557 3138653440.00 0.00 11.00 52.43 0.00 200 181 1
27699 3138653440.00 0.00 11.00 52.79 0.00 200 181 1
27840 3138653440.00 0.00 11.00 52.79 0.00 200 181 1
27982 3138653440.00 0.00 11.00 52.43 0.00 200 181 1
28124 3138653440.00 0.00 11.00 52.79 0.00 200 181 1
28264 3138653440.00 0.00 11.00 52.79 0.00 200 181 1
28405 3138653440.00 0.00 11.00 52.79 0.00 200 181 1
28547 3138653440.00 0.00 11.00 52.79 0.00 200 181 1
28688 3138653440.00 0.00 11.00 52.79 0.00 200 181 1
28829 3138653440.00 0.00 11.00 52.79 0.00 200 181 1
28972 3138653440.00 0.00 11.00 52.79 0.00 200 181 1
29113 3138653440.00 0.00 11.00 53.14 0.00 200 181 1
29253 3138653440.00 0.00 11.00 52.79 0.00 200 182 1
29395 3138653440.00 0.00 11.00 52.79 0.00 200 181 1
29536 3138653440.00 0.00 11.00 52.43 0.00 200 181 1
29678 3138653440.00 0.00 11.00 52.43 0.00 200 181 1
29819 3138653440.00 0.00 11.00 52.43 0.00 200 181 1
29961 3138653440.00 0.00 11.00 52.79 0.00 200 181 1
30102 3138653440.00 0.00 11.00 52.79 0.00 200 181 1
30243 3138653440.00 0.00 11.00 52.79 0.00 200 181 1
30385 3138653440.00 0.00 11.00 52.79 0.00 200 181 1
30526 3138653440.00 0.00 11.00 52.79 0.00 200 181 1
30667 3138653440.00 0.00 11.00 52.79 0.00 200 181 1
30809 3138653440.00 0.00 11.00 52.79 0.00 200 181 1
30951 3138653440.00 0.00 11.00 52.79 0.00 200 181 1
31092 3138653440.00 0.00 11.00 52.79 0.00 200 181 1
31233 3138653440.00 0.00 11.00 52.79 0.00 200 181 1
31374 3138653440.00 0.00 11.00 52.79 0.00 200 181 1
31515 3138653440.00 0.00 11.00 52.79 0.00 200 181 1
31656 3138653440.00 0.00 11.00 52.79 0.00 200 181 1
31798 3138653440.00 0.00 11.00 52.79 0.00 200 181 1
31941 3138653440.00 0.00 11.00 52.79 0.00 200 181 1
32080 3138653440.00 0.00 11.00 52.43 0.00 200 181 1
32222 3138653440.00 0.00 11.00 52.79 0.00 200 181 1
32363 3138653440.00 0.00 11.00 52.79 0.00 200 181 1
32504 3138653440.00 0.00 11.00 52.43 0.00 200 181 1
32646 3138653440.00 0.00 11.00 52.79 0.00 200 181 1
32787 3138653440.00 0.00 11.00 52.79 0.00 200 181 1
32929 3138653440.00 0.00 11.00 52.79 0.00 200 181 1
33071 3138653440.00 0.00 11.00 52.79 0.00 200 181 1
33212 3138653440.00 0.00 11.00 52.79 0.00 200 181 1
33353 3138653440.00 0.00 11.00 52.79 0.00 200 181 1
33495 3138653440.00 0.00 11.00 52.79 0.00 200 181 1
33636 3138653440.00 0.00 11.00 52.79 0.00 200 181 1
33777 3138653440.00 0.00 11.00 52.43 0.00 200 181 1
33921 3138653440.00 0.00 11.00 52.43 0.00 200 181 1
34061 3138653440.00 0.00 11.00 52.79 0.00 200 181 1
34201 3138653440.00 0.00 11.00 52.79 0.00 200 181 1
34342 3138653440.00 0.00 11.00 52.79 0.00 200 181 1
34484 3138653440.00 0.00 11.00 52.79 0.00 200 181 1
34625 3138653440.00 0.00 11.00 52.79 0.00 200 181 1
34766 3138653440.00 0.00 11.00 52.79 0.00 200 181 1
34910 3138653440.00 0.00 11.00 52.79 0.00 200 181 1
35073 3138653440.00 0.00 11.00 52.79 0.00 200 181 1
35213 3138653440.00 0.00 11.00 52.43 0.00 200 181 1
35354 3138653440.00 0.00 11.00 52.79 0.00 200 181 1
35495 3138653440.00 0.00 11.00 52.79 0.00 200 181 1
35637 3138653440.00 0.00 11.00 52.43 0.00 200 181 1
35778 3138653440.00 0.00 11.00 52.79 0.00 200 181 1
35921 3138653440.00 0.00 11.00 52.79 0.00 200 181 1
36062 3138653440.00 0.00 11.00 52.79 0.00 200 181 1
36202 3138653440.00 0.00 11.00 52.79 0.00 200 181 1
36343 3138653440.00 0.00 11.00 52.79 0.00 200 181 1
36485 3138653440.00 0.00 11.00 52.43 0.00 200 181 1
36627 3138653440.00 0.00 11.00 52.79 0.00 200 181 1
36768 3138653440.00 0.00 11.00 52.79 0.00 200 181 1
36911 3138653440.00 0.00 11.00 52.43 0.00 200 181 1
37052 3138653440.00 0.00 11.00 52.79 0.00 200 181 1
37192 3138653440.00 0.00 11.00 52.79 0.00 200 181 1
37334 3138653440.00 0.00 11.00 52.79 0.00 200 181 1
37475 3138653440.00 0.00 11.00 52.79 0.00 200 181 1
37616 3138653440.00 0.00 11.00 52.79 0.00 200 181 1
37757 3138653440.00 0.00 11.00 52.79 0.00 200 181 1
37900 3138653440.00 0.00 11.00 52.79 0.00 200 181 1
38041 3138653440.00 0.00 11.00 52.79 0.00 200 181 1
38181 3138653440.00 0.00 11.00 52.43 0.00 200 181 1
38323 3138653440.00 0.00 11.00 52.79 0.00 200 181 1
38464 3138653440.00 0.00 11.00 52.79 0.00 200 181 1
38605 3138653440.00 0.00 11.00 52.79 0.00 200 181 1
38747 3138653440.00 0.00 11.00 52.79 0.00 200 181 1
38889 3138653440.00 0.00 11.00 52.79 0.00 200 181 1
39031 3138653440.00 0.00 11.00 52.79 0.00 200 181 1
39171 3138653440.00 0.00 11.00 52.79 0.00 200 181 1
39312 3138653440.00 0.00 11.00 52.43 0.00 200 181 1
39453 3138653440.00 0.00 11.00 52.79 0.00 200 181 1
39595 3138653440.00 0.00 11.00 52.79 0.00 200 181 1
39736 3138653440.00 0.00 11.00 52.43 0.00 200 181 1
39878 3138653440.00 0.00 11.00 52.79 0.00 200 181 1
40022 3138653440.00 0.00 11.00 52.79 0.00 200 181 1
40161 3138653440.00 0.00 11.00 52.79 0.00 200 181 1
40302 3138653440.00 0.00 11.00 52.79 0.00 200 181 1
40443 3138653440.00 0.00 11.00 52.79 0.00 200 181 1
40585 3138653440.00 0.00 11.00 52.79 0.00 200 181 1
40726 3138653440.00 0.00 11.00 52.79 0.00 200 181 1
40867 3138653440.00 0.00 11.00 52.79 0.00 200 181 1
41010 3138653440.00 0.00 11.00 52.43 0.00 200 181 1
41150 3138653440.00 0.00 11.00 52.79 0.00 200 181 1
41291 3138653440.00 0.00 11.00 52.79 0.00 200 181 1
41433 3138653440.00 0.00 11.00 52.79 0.00 200 181 1
41574 3138653440.00 0.00 11.00 52.79 0.00 200 181 1
41715 3138653440.00 0.00 11.00 52.43 0.00 200 181 1
41857 3138653440.00 0.00 11.00 52.79 0.00 200 181 1
41999 3138653440.00 0.00 11.00 52.43 0.00 200 181 1
42140 3138653440.00 0.00 11.00 52.79 0.00 200 181 1
42280 3138653440.00 0.00 11.00 52.79 0.00 200 181 1
42422 3138653440.00 0.00 11.00 52.79 0.00 200 181 1
42563 3138653440.00 0.00 11.00 52.79 0.00 200 181 1
42704 3138653440.00 0.00 11.00 52.79 0.00 200 181 1
42846 3138653440.00 0.00 11.00 52.79 0.00 200 181 1
42988 3138653440.00 0.00 11.00 52.79 0.00 200 181 1
43129 3138653440.00 0.00 11.00 52.79 0.00 200 181 1
43271 3138653440.00 0.00 11.00 52.79 0.00 200 181 1
43412 3138653440.00 0.00 11.00 52.79 0.00 200 181 1
43552 3138653440.00 0.00 11.00 52.79 0.00 200 181 1
43695 3138653440.00 0.00 11.00 52.79 0.00 200 181 1
43836 3138653440.00 0.00 11.00 52.43 0.00 200 181 1
43978 3138653440.00 0.00 11.00 52.79 0.00 200 181 1
44119 3138653440.00 0.00 11.00 52.79 0.00 200 181 1
44260 3138653440.00 0.00 11.00 52.79 0.00 200 181 1
44401 3138653440.00 0.00 11.00 52.79 0.00 200 181 1
44542 3138653440.00 0.00 11.00 52.79 0.00 200 181 1
44684 3138653440.00 0.00 11.00 52.43 0.00 200 181 1
44825 3138653440.00 0.00 11.00 52.79 0.00 200 181 1
44967 3138653440.00 0.00 11.00 52.79 0.00 200 181 1
45108 3138653440.00 0.00 11.00 52.79 0.00 200 181 1
45249 3138653440.00 0.00 11.00 52.79 0.00 200 181 1
45390 3138653440.00 0.00 11.00 52.79 0.00 200 181 1
45532 3138653440.00 0.00 11.00 52.79 0.00 200 181 1
45673 3138653440.00 0.00 11.00 52.79 0.00 200 181 1
45814 3138653440.00 0.00 11.00 52.79 0.00 200 181 1
45958 3138653440.00 0.00 11.00 52.79 0.00 200 181 1
46097 3138653440.00 0.00 11.00 52.79 0.00 200 181 1
46239 3138653440.00 0.00 11.00 52.79 0.00 200 181 1
46380 3138653440.00 0.00 11.00 52.79 0.00 200 181 1
46521 3138653440.00 0.00 11.00 52.79 0.00 200 181 1
46662 3138653440.00 0.00 11.00 52.79 0.00 200 181 1
46804 3138653440.00 0.00 11.00 52.79 0.00 200 181 1
46946 3138653440.00 0.00 11.00 52.79 0.00 200 181 1
47087 3138653440.00 0.00 11.00 52.79 0.00 200 181 1
47228 3138653440.00 0.00 11.00 52.79 0.00 200 181 1
47370 3138653440.00 0.00 11.00 52.79 0.00 200 181 1
47511 3138653440.00 0.00 11.00 52.79 0.00 200 181 1
47652 3138653440.00 0.00 11.00 52.79 0.00 200 181 1
47794 3138653440.00 0.00 11.00 52.79 0.00 200 181 1
47936 3138653440.00 0.00 11.00 52.79 0.00 200 181 1
48077 3138653440.00 0.00 11.00 52.79 0.00 200 181 1
48218 3138653440.00 0.00 11.00 52.43 0.00 200 181 1
48359 3138653440.00 0.00 11.00 52.43 0.00 200 181 1
48500 3138653440.00 0.00 11.00 52.79 0.00 200 181 1
48642 3138653440.00 0.00 11.00 52.79 0.00 200 181 1
48783 3138653440.00 0.00 11.00 52.79 0.00 200 181 1
48926 3138653440.00 0.00 11.00 52.79 0.00 200 181 1
49067 3138653440.00 0.00 11.00 52.79 0.00 200 181 1
49207 3138653440.00 0.00 11.00 52.79 0.00 200 181 1
49348 3138653440.00 0.00 11.00 52.79 0.00 200 181 1
49489 3138653440.00 0.00 11.00 52.79 0.00 200 181 1
49631 3138653440.00 0.00 11.00 52.79 0.00 200 181 1
49772 3138653440.00 0.00 11.00 52.79 0.00 200 181 1
49915 3138653440.00 0.00 11.00 52.43 0.00 200 181 1
50057 3138653440.00 0.00 11.00 52.79 0.00 200 181 1
50197 3138653440.00 0.00 11.00 52.79 0.00 200 181 1
50338 3138653440.00 0.00 11.00 52.43 0.00 200 181 1
50480 3138653440.00 0.00 11.00 52.79 0.00 200 181 1
50621 3138653440.00 0.00 11.00 52.79 0.00 200 181 1
50762 3138653440.00 0.00 11.00 52.79 0.00 200 181 1
50905 3138653440.00 0.00 11.00 52.79 0.00 200 181 1
51046 3138653440.00 0.00 11.00 52.79 0.00 200 181 1
51186 3138653440.00 0.00 11.00 52.79 0.00 200 181 1
51328 3138653440.00 0.00 11.00 52.79 0.00 200 181 1
51469 3138653440.00 0.00 11.00 52.79 0.00 200 181 1
51610 3138653440.00 0.00 11.00 52.79 0.00 200 181 1
51751 3138653440.00 0.00 11.00 52.79 0.00 200 181 1
51894 3138653440.00 0.00 11.00 52.79 0.00 200 181 1
52036 3138653440.00 0.00 11.00 52.79 0.00 200 181 1
52175 3138653440.00 0.00 11.00 52.79 0.00 200 181 1
52317 3138653440.00 0.00 11.00 52.79 0.00 200 181 1
52458 3138653440.00 0.00 11.00 52.79 0.00 200 181 1
52599 3138653440.00 0.00 11.00 52.79 0.00 200 181 1
52741 3138653440.00 0.00 11.00 52.79 0.00 200 181 1
52883 3138653440.00 0.00 11.00 52.43 0.00 200 181 1
53026 3138653440.00 0.00 11.00 52.79 0.00 200 181 1
53165 3138653440.00 0.00 11.00 52.79 0.00 200 181 1
53306 3138653440.00 0.00 11.00 52.79 0.00 200 181 1
53447 3138653440.00 0.00 11.00 52.79 0.00 200 181 1
53590 3138653440.00 0.00 11.00 52.79 0.00 200 181 1
53731 3138653440.00 0.00 11.00 52.79 0.00 200 181 1
53872 3138653440.00 0.00 11.00 52.79 0.00 200 181 1
54014 3138653440.00 0.00 11.00 52.79 0.00 200 181 1
54155 3138653440.00 0.00 11.00 52.79 0.00 200 181 1
54296 3138653440.00 0.00 11.00 52.79 0.00 200 181 1
54437 3138653440.00 0.00 11.00 52.79 0.00 200 181 1
54579 3138653440.00 0.00 11.00 52.79 0.00 200 181 1
54720 3138653440.00 0.00 11.00 52.43 0.00 200 181 1
54861 3138653440.00 0.00 11.00 52.79 0.00 200 181 1
55004 3138653440.00 0.00 11.00 52.79 0.00 200 181 1
55145 3138653440.00 0.00 11.00 52.79 0.00 200 181 1
55285 3138653440.00 0.00 11.00 52.79 0.00 200 181 1
55427 3138653440.00 0.00 11.00 52.79 0.00 200 181 1
55568 3138653440.00 0.00 11.00 52.79 0.00 200 181 1
55709 3138653440.00 0.00 11.00 52.43 0.00 200 181 1
55851 3138653440.00 0.00 11.00 52.79 0.00 200 181 1
55993 3138653440.00 0.00 11.00 52.79 0.00 200 181 1
56134 3138653440.00 0.00 11.00 52.79 0.00 200 181 1
56274 3138653440.00 0.00 11.00 52.79 0.00 200 181 1
56416 3138653440.00 0.00 11.00 52.43 0.00 200 181 1
56557 3138653440.00 0.00 11.00 52.79 0.00 200 181 1
56698 3138653440.00 0.00 11.00 52.79 0.00 200 181 1
56841 3138653440.00 0.00 11.00 52.79 0.00 200 181 1
57003 3138653440.00 0.00 11.00 52.79 0.00 200 181 1
57144 3138653440.00 0.00 11.00 52.79 0.00 200 181 1
57284 3138653440.00 0.00 11.00 52.79 0.00 200 181 1
57425 3138653440.00 0.00 11.00 52.79 0.00 200 181 1
57567 3138653440.00 0.00 11.00 52.79 0.00 200 181 1
57708 3138653440.00 0.00 11.00 52.79 0.00 200 181 1
57850 3138653440.00 0.00 11.00 52.79 0.00 200 181 1
57992 3138653440.00 0.00 11.00 52.43 0.00 200 181 1
58133 3138653440.00 0.00 11.00 52.79 0.00 200 181 1
58274 3138653440.00 0.00 11.00 52.79 0.00 200 181 1
58416 3138653440.00 0.00 11.00 52.79 0.00 200 181 1
58557 3138653440.00 0.00 11.00 52.79 0.00 200 181 1
58698 3138653440.00 0.00 11.00 52.79 0.00 200 181 1
58840 3138653440.00 0.00 11.00 52.43 0.00 200 181 1
58982 3138653440.00 0.00 11.00 52.79 0.00 200 181 1
59122 3138653440.00 0.00 11.00 52.43 0.00 200 181 1
59264 3138653440.00 0.00 11.00 52.79 0.00 200 181 1
59405 3138653440.00 0.00 11.00 52.79 0.00 200 181 1
59546 3138653440.00 0.00 11.00 52.79 0.00 200 181 1
59687 3138653440.00 0.00 11.00 52.79 0.00 200 181 1
59829 3138653440.00 0.00 11.00 52.79 0.00 200 181 1
59971 3138653440.00 0.00 11.00 52.79 0.00 200 181 1
60112 3138653440.00 0.00 11.00 52.43 0.00 200 181 1
60253 3138653440.00 0.00 11.00 52.43 0.00 200 181 1
60394 3138653440.00 0.00 11.00 52.79 0.00 200 181 1
60535 3138653440.00 0.00 11.00 52.43 0.00 200 181 1
60677 3138653440.00 0.00 11.00 52.79 0.00 200 181 1
60818 3138653440.00 0.00 11.00 52.79 0.00 200 181 1
60960 3138653440.00 0.00 11.00 52.79 0.00 200 181 1
61102 3138653440.00 0.00 11.00 52.79 0.00 200 181 1
61243 3138653440.00 0.00 11.00 52.79 0.00 200 181 1
61384 3138653440.00 0.00 11.00 52.79 0.00 200 181 1
61526 3138653440.00 0.00 11.00 52.79 0.00 200 181 1
61667 3138653440.00 0.00 11.00 52.79 0.00 200 181 1
61808 3138653440.00 0.00 11.00 52.79 0.00 200 181 1
61952 3138653440.00 0.00 11.00 52.79 0.00 200 181 1
62091 3138653440.00 0.00 11.00 52.79 0.00 200 181 1
62232 3138653440.00 0.00 11.00 52.79 0.00 200 181 1
62373 3138653440.00 0.00 11.00 52.79 0.00 200 181 1
62515 3138653440.00 0.00 11.00 52.79 0.00 200 181 1
62656 3138653440.00 0.00 11.00 52.43 0.00 200 181 1
62797 3138653440.00 0.00 11.00 52.79 0.00 200 181 1
62941 3138653440.00 0.00 11.00 52.79 0.00 200 181 1
63080 3138653440.00 0.00 11.00 52.79 0.00 200 181 1
63221 3138653440.00 0.00 11.00 52.79 0.00 200 181 1
63363 3138653440.00 0.00 11.00 52.79 0.00 200 181 1
63504 3138653440.00 0.00 11.00 52.79 0.00 200 181 1
63645 3138653440.00 0.00 11.00 52.79 0.00 200 181 1
63787 3138653440.00 0.00 11.00 52.79 0.00 200 181 1
63930 3138653440.00 0.00 11.00 52.79 0.00 200 181 1
64070 3138653440.00 0.00 11.00 52.79 0.00 200 181 1
64210 3138653440.00 0.00 11.00 52.79 0.00 200 181 1
64352 3138653440.00 0.00 11.00 52.43 0.00 200 181 1
64493 3138653440.00 0.00 11.00 52.43 0.00 200 181 1
64634 3138653440.00 0.00 11.00 52.79 0.00 200 181 1
64777 3138653440.00 0.00 11.00 52.79 0.00 200 181 1
64919 3138653440.00 0.00 11.00 52.79 0.00 200 181 1
65060 3138653440.00 0.00 11.00 52.79 0.00 200 181 1
65201 3138653440.00 0.00 11.00 52.79 0.00 200 181 1
65342 3138653440.00 0.00 11.00 52.79 0.00 200 181 1
65483 3138653440.00 0.00 11.00 52.79 0.00 200 181 1
65625 3138653440.00 0.00 11.00 52.79 0.00 200 181 1
65766 3138653440.00 0.00 11.00 52.79 0.00 200 181 1
65908 3138653440.00 0.00 11.00 52.79 0.00 200 181 1
66050 3138653440.00 0.00 11.00 52.79 0.00 200 181 1
66190 3138653440.00 0.00 11.00 52.79 0.00 200 181 1
66331 3138653440.00 0.00 11.00 52.79 0.00 200 181 1
66472 3138653440.00 0.00 11.00 52.43 0.00 200 181 1
66614 3138653440.00 0.00 11.00 52.43 0.00 200 181 1
66755 3138653440.00 0.00 11.00 52.79 0.00 200 181 1
66897 3138653440.00 0.00 11.00 52.43 0.00 200 181 1
67040 3138653440.00 0.00 11.00 52.79 0.00 200 181 1
67179 3138653440.00 0.00 11.00 52.79 0.00 200 181 1
67320 3138653440.00 0.00 11.00 52.79 0.00 200 181 1
67462 3138653440.00 0.00 11.00 52.79 0.00 200 181 1
67603 3138653440.00 0.00 11.00 52.79 0.00 200 181 1
67744 3138653440.00 0.00 11.00 52.43 0.00 200 181 1
67887 3138653440.00 0.00 11.00 52.43 0.00 200 181 1
68030 3138653440.00 0.00 11.00 52.79 0.00 200 181 1
68169 3138653440.00 0.00 11.00 52.79 0.00 200 181 1
68311 3138653440.00 0.00 11.00 52.79 0.00 200 181 1
68452 3138653440.00 0.00 11.00 52.43 0.00 200 181 1
68593 3138653440.00 0.00 11.00 52.43 0.00 200 181 1
68734 3138653440.00 0.00 11.00 52.43 0.00 200 181 1
68876 3138653440.00 0.00 11.00 52.43 0.00 200 181 1
69018 3138653440.00 0.00 11.00 52.43 0.00 200 181 1
69158 3138653440.00 0.00 11.00 52.79 0.00 200 181 1
69300 3138653440.00 0.00 11.00 52.79 0.00 200 181 1
69441 3138653440.00 0.00 11.00 52.79 0.00 200 181 1
69582 3138653440.00 0.00 11.00 52.79 0.00 200 181 1
69724 3138653440.00 0.00 11.00 52.79 0.00 200 181 1
69865 3138653440.00 0.00 11.00 52.79 0.00 200 181 1
70007 3138653440.00 0.00 11.00 52.79 0.00 200 181 1
70149 3138653440.00 0.00 11.00 52.79 0.00 200 181 1
70289 3138653440.00 0.00 11.00 52.79 0.00 200 181 1
70430 3138653440.00 0.00 11.00 52.79 0.00 200 181 1
70572 3138653440.00 0.00 11.00 52.43 0.00 200 181 1
70713 3138653440.00 0.00 11.00 52.79 0.00 200 181 1
70854 3138653440.00 0.00 11.00 52.79 0.00 200 181 1
70998 3138653440.00 0.00 11.00 52.43 0.00 200 181 1
71137 3138653440.00 0.00 11.00 52.79 0.00 200 181 1
71279 3138653440.00 0.00 11.00 52.43 0.00 200 181 1
71420 3138653440.00 0.00 11.00 52.79 0.00 200 181 1
71562 3138653440.00 0.00 11.00 52.79 0.00 200 181 1
71703 3138653440.00 0.00 11.00 52.79 0.00 200 181 1
71844 3138653440.00 0.00 11.00 52.79 0.00 200 181 1
71987 3138653440.00 0.00 11.00 52.79 0.00 200 181 1
72127 3138653440.00 0.00 11.00 52.79 0.00 200 181 1
72268 3138653440.00 0.00 11.00 52.79 0.00 200 181 1
72410 3138653440.00 0.00 11.00 52.79 0.00 200 181 1
72551 3138653440.00 0.00 11.00 52.79 0.00 200 181 1
72692 3138653440.00 0.00 11.00 52.79 0.00 200 181 1
72834 3138653440.00 0.00 11.00 52.43 0.00 200 181 1
72976 3138653440.00 0.00 11.00 52.79 0.00 200 181 1
73116 3138653440.00 0.00 11.00 52.79 0.00 200 181 1
73257 3138653440.00 0.00 11.00 52.79 0.00 200 181 1
73399 3138653440.00 0.00 11.00 52.79 0.00 200 181 1
73540 3138653440.00 0.00 11.00 52.79 0.00 200 181 1
73681 3138653440.00 0.00 11.00 52.79 0.00 200 181 1
73823 3138653440.00 0.00 11.00 52.79 0.00 200 181 1
73965 3138653440.00 0.00 11.00 52.43 0.00 200 181 1
74106 3138653440.00 0.00 11.00 52.79 0.00 200 181 1
74247 3138653440.00 0.00 11.00 52.79 0.00 200 181 1
74388 3138653440.00 0.00 11.00 52.79 0.00 200 181 1
74529 3138653440.00 0.00 11.00 52.79 0.00 200 181 1
74672 3138653440.00 0.00 11.00 52.79 0.00 200 181 1
74813 3138653440.00 0.00 11.00 52.79 0.00 200 181 1
74954 3138653440.00 0.00 11.00 52.79 0.00 200 181 1
75096 3138653440.00 0.00 11.00 52.79 0.00 200 181 1
75237 3138653440.00 0.00 11.00 52.79 0.00 200 181 1
75378 3138653440.00 0.00 11.00 52.79 0.00 200 181 1
75520 3138653440.00 0.00 11.00 52.43 0.00 200 181 1
75661 3138653440.00 0.00 11.00 52.79 0.00 200 181 1
75802 3138653440.00 0.00 11.00 52.79 0.00 200 181 1
75944 3138653440.00 0.00 11.00 52.79 0.00 200 181 1
76086 3138653440.00 0.00 11.00 52.79 0.00 200 181 1
76226 3138653440.00 0.00 11.00 52.79 0.00 200 181 1
76367 3138653440.00 0.00 11.00 52.79 0.00 200 181 1
76509 3138653440.00 0.00 11.00 52.79 0.00 200 181 1
76650 3138653440.00 0.00 11.00 52.43 0.00 200 181 1
76791 3138653440.00 0.00 11.00 52.79 0.00 200 181 1
76935 3138653440.00 0.00 11.00 52.79 0.00 200 181 1
77075 3138653440.00 0.00 11.00 52.79 0.00 200 181 1
77215 3138653440.00 0.00 11.00 52.79 0.00 200 181 1
77357 3138653440.00 0.00 11.00 52.79 0.00 200 181 1
77498 3138653440.00 0.00 11.00 52.79 0.00 200 181 1
77639 3138653440.00 0.00 11.00 52.79 0.00 200 181 1
77780 3138653440.00 0.00 11.00 52.79 0.00 200 181 1
77924 3138653440.00 0.00 11.00 52.79 0.00 200 181 1
78065 3138653440.00 0.00 11.00 52.79 0.00 200 181 1
78205 3138653440.00 0.00 11.00 52.79 0.00 200 181 1
78347 3138653440.00 0.00 11.00 52.79 0.00 200 181 1
78488 3138653440.00 0.00 11.00 52.79 0.00 200 181 1
78629 3138653440.00 0.00 11.00 52.79 0.00 200 181 1
78790 3138653440.00 0.00 11.00 52.79 0.00 200 181 1
78934 3138653440.00 0.00 11.00 52.79 0.00 200 181 1
79074 3138653440.00 0.00 11.00 52.43 0.00 200 181 1
79215 3138653440.00 0.00 11.00 52.79 0.00 200 181 1
79356 3138653440.00 0.00 11.00 52.79 0.00 200 181 1
79498 3138653440.00 0.00 11.00 52.79 0.00 200 181 1
79639 3138653440.00 0.00 11.00 52.79 0.00 200 181 1
79780 3138653440.00 0.00 11.00 52.79 0.00 200 181 1
79924 3138653440.00 0.00 11.00 52.79 0.00 200 181 1
80064 3138653440.00 0.00 11.00 52.79 0.00 200 181 1
80204 3138653440.00 0.00 11.00 52.79 0.00 200 181 1
80346 3138653440.00 0.00 11.00 52.79 0.00 200 181 1
80487 3138653440.00 0.00 11.00 52.79 0.00 200 181 1
80628 3138653440.00 0.00 11.00 52.79 0.00 200 181 1
80770 3138653440.00 0.00 11.00 52.79 0.00 200 181 1
80913 3138653440.00 0.00 11.00 52.79 0.00 200 181 1
81054 3138653440.00 0.00 11.00 52.79 0.00 200 181 1
81193 3138653440.00 0.00 11.00 52.79 0.00 200 181 1
81335 3138653440.00 0.00 11.00 52.43 0.00 200 181 1
81476 3138653440.00 0.00 11.00 52.79 0.00 200 181 1
81617 3138653440.00 0.00 11.00 52.79 0.00 200 181 1
81759 3138653440.00 0.00 11.00 52.79 0.00 200 181 1
81902 3138653440.00 0.00 11.00 52.79 0.00 200 181 1
82043 3138653440.00 0.00 11.00 52.79 0.00 200 181 1
82184 3138653440.00 0.00 11.00 52.79 0.00 200 181 1
82325 3138653440.00 0.00 11.00 52.79 0.00 200 181 1
82466 3138653440.00 0.00 11.00 52.79 0.00 200 181 1
82608 3138653440.00 0.00 11.00 52.79 0.00 200 181 1
82749 3138653440.00 0.00 11.00 52.43 0.00 200 181 1
82890 3138653440.00 0.00 11.00 52.79 0.00 200 181 1
83033 3138653440.00 0.00 11.00 52.79 0.00 200 181 1
83173 3138653440.00 0.00 11.00 52.43 0.00 200 181 1
83314 3138653440.00 0.00 11.00 52.79 0.00 200 181 1
83456 3138653440.00 0.00 11.00 52.79 0.00 200 181 1
83597 3138653440.00 0.00 11.00 52.79 0.00 200 181 1
83738 3138653440.00 0.00 11.00 52.79 0.00 200 181 1
83879 3138653440.00 0.00 11.00 52.79 0.00 200 181 1
84021 3138653440.00 0.00 11.00 52.79 0.00 200 181 1
84163 3138653440.00 0.00 11.00 52.79 0.00 200 181 1
84303 3138653440.00 0.00 11.00 52.79 0.00 200 181 1
84445 3138653440.00 0.00 11.00 52.79 0.00 200 181 1
84586 3138653440.00 0.00 11.00 52.79 0.00 200 181 1
84727 3138653440.00 0.00 11.00 52.79 0.00 200 181 1
84870 3138653440.00 0.00 11.00 52.79 0.00 200 181 1
85011 3138653440.00 0.00 11.00 52.43 0.00 200 181 1
