81133 52.487651824951 -1.889271736145 1.53 0.00 0.00 0.00 342 287 1
81195 52.487651824951 -1.889271736145 0.83 0.00 0.00 0.00 342 287 1
81336 52.487651824951 -1.889271736145 -2.23 0.00 0.00 0.00 393 273 1
81375 52.487651824951 -1.889271736145 -2.53 0.00 0.00 0.00 393 273 1
81514 52.487651824951 -1.889271736145 -0.43 0.00 0.00 0.00 397 273 1
81556 52.487651824951 -1.889271736145 0.17 0.00 0.00 0.00 397 273 1
81695 52.487651824951 -1.889271736145 -2.72 0.00 0.00 0.00 395 273 1
81738 52.487651824951 -1.889271736145 -2.32 0.00 0.00 0.00 395 273 1
81880 52.487651824951 -1.889271736145 -1.72 0.00 0.00 0.00 397 273 1
81921 52.487651824951 -1.889271736145 -2.42 0.00 0.00 0.00 397 273 1
82061 52.487651824951 -1.889271736145 1.88 0.00 0.00 0.00 397 273 1
82102 52.487651824951 -1.889271736145 -2.10 0.00 0.00 0.00 397 273 1
82242 52.487651824951 -1.889271736145 -1.70 0.00 0.00 0.00 397 273 1
82284 52.487651824951 -1.889271736145 -2.80 0.00 0.00 0.00 397 273 1
82424 52.487651824951 -1.889271736145 0.18 0.00 0.00 0.00 397 273 1
82464 52.487651824951 -1.889271736145 -0.32 0.00 0.00 0.00 397 273 1
82604 52.487651824951 -1.889271736145 -0.42 0.00 0.00 0.00 395 273 1
82647 52.487651824951 -1.889271736145 -0.42 0.00 0.00 0.00 395 273 1
82786 52.487651824951 -1.889271736145 -1.72 0.00 0.00 0.00 395 273 1
82828 52.487651824951 -1.889271736145 -1.52 0.00 0.00 0.00 395 273 1
82968 52.487651824951 -1.889271736145 -1.92 0.00 0.00 0.00 395 273 1
83011 52.487651824951 -1.889271736145 2.97 0.00 0.00 0.00 395 273 1
83151 52.487651824951 -1.889271736145 2.20 0.00 0.00 0.00 391 273 1
83192 52.487651824951 -1.889271736145 2.12 0.00 0.00 0.00 391 273 1
83333 52.487651824951 -1.889271736145 -2.82 0.00 0.00 0.00 393 273 1
83374 52.487651824951 -1.889271736145 2.17 0.00 0.00 0.00 393 273 1
83513 52.487651824951 -1.889271736145 -0.33 0.00 0.00 0.00 393 273 1
83555 52.487651824951 -1.889271736145 0.47 0.00 0.00 0.00 393 273 1
83694 52.487651824951 -1.889271736145 1.07 0.00 0.00 0.00 395 273 1
83736 52.487651824951 -1.889271736145 0.87 0.00 0.00 0.00 395 273 1
83878 52.487651824951 -1.889271736145 0.17 0.00 0.00 0.00 393 273 1
83918 52.487651824951 -1.889271736145 -0.23 0.00 0.00 0.00 393 273 1
84060 52.487651824951 -1.889271736145 -0.42 0.00 0.00 0.00 395 273 1
84100 52.487651824951 -1.889271736145 -0.40 0.00 0.00 0.00 395 273 1
84240 52.487651824951 -1.889271736145 -1.75 0.00 0.00 0.00 395 273 1
84282 52.487651824951 -1.889271736145 -3.03 0.00 0.00 0.00 395 273 1
84422 52.487651824951 -1.889271736145 -2.50 0.00 0.00 0.00 397 273 1
84463 52.487651824951 -1.889271736145 1.30 0.00 0.00 0.00 397 273 1
84602 52.487651824951 -1.889271736145 2.12 0.00 0.00 0.00 393 273 1
84644 52.487651824951 -1.889271736145 -0.96 0.00 0.00 0.00 393 273 1
84784 52.487651824951 -1.889271736145 1.05 0.00 0.00 0.00 395 273 1
84827 52.487651824951 -1.889271736145 -2.83 0.00 0.00 0.00 395 273 1
84966 52.487651824951 -1.889271736145 -2.71 0.00 0.00 0.00 397 273 1
85009 52.487651824951 -1.889271736145 -2.71 0.00 0.00 0.00 397 273 1
85149 52.487651824951 -1.889271736145 2.39 0.00 0.00 0.00 397 273 1
85190 52.487651824951 -1.889271736145 -2.40 0.00 0.00 0.00 397 273 1
85330 52.487651824951 -1.889271736145 1.30 0.00 0.00 0.00 397 273 1
85371 52.487651824951 -1.889271736145 2.30 0.00 0.00 0.00 397 273 1
85511 52.487651824951 -1.889271736145 -2.08 0.00 0.00 0.00 393 273 1
85553 52.487651824951 -1.889271736145 -1.18 0.00 0.00 0.00 393 273 1
85692 52.487651824951 -1.889271736145 1.62 0.00 0.00 0.00 395 273 1
85735 52.487651824951 -1.889271736145 2.32 0.00 0.00 0.00 395 273 1
85876 52.487651824951 -1.889271736145 -2.16 0.00 0.00 0.00 393 273 1
85917 52.487651824951 -1.889271736145 -2.16 0.00 0.00 0.00 393 273 1
86057 52.487651824951 -1.889271736145 -0.76 0.00 0.00 0.00 397 273 1
86098 52.487651824951 -1.889271736145 -0.36 0.00 0.00 0.00 397 273 1
86239 52.487651824951 -1.889271736145 0.94 0.00 0.00 0.00 395 273 1
86281 52.487651824951 -1.889271736145 1.24 0.00 0.00 0.00 395 273 1
86420 52.487651824951 -1.889271736145 1.84 0.00 0.00 0.00 393 273 1
86461 52.487651824951 -1.889271736145 2.04 0.00 0.00 0.00 393 273 1
86600 52.487651824951 -1.889271736145 2.74 0.00 0.00 0.00 393 273 1
86643 52.487651824951 -1.889271736145 2.94 0.00 0.00 0.00 393 273 1
86781 52.487651824951 -1.889271736145 -2.65 0.00 0.00 0.00 391 273 1
86824 52.487651824951 -1.889271736145 -2.55 0.00 0.00 0.00 391 273 1
86965 52.487651824951 -1.889271736145 -2.45 0.00 0.00 0.00 397 273 1
87007 52.487651824951 -1.889271736145 -2.35 0.00 0.00 0.00 397 273 1
87147 52.487651824951 -1.889271736145 -2.05 0.00 0.00 0.00 397 273 1
87188 52.487651824951 -1.889271736145 -2.05 0.00 0.00 0.00 397 273 1
87328 52.487651824951 -1.889271736145 -1.85 0.00 0.00 0.00 397 273 1
87370 52.487651824951 -1.889271736145 -1.85 0.00 0.00 0.00 397 273 1
87508 52.487651824951 -1.889271736145 -1.55 0.00 0.00 0.00 397 273 1
87550 52.487651824951 -1.889271736145 -1.55 0.00 0.00 0.00 397 273 1
87690 52.487651824951 -1.889271736145 -1.45 0.00 0.00 0.00 395 273 1
87733 52.487651824951 -1.889271736145 -1.45 0.00 0.00 0.00 395 273 1
87875 52.487651824951 -1.889271736145 -1.35 0.00 0.00 0.00 395 273 1
87915 52.487651824951 -1.889271736145 -1.25 0.00 0.00 0.00 395 273 1
88056 52.487651824951 -1.889271736145 -1.25 0.00 0.00 0.00 395 273 1
88096 52.487651824951 -1.889271736145 -1.25 0.00 0.00 0.00 395 273 1
88237 52.487651824951 -1.889271736145 -1.25 0.00 0.00 0.00 395 273 1
88279 52.487651824951 -1.889271736145 -1.25 0.00 0.00 0.00 395 273 1
88419 52.487651824951 -1.889271736145 -1.25 0.00 0.00 0.00 395 273 1
88459 52.487651824951 -1.889271736145 -1.25 0.00 0.00 0.00 395 273 1
88598 52.487651824951 -1.889271736145 -1.25 0.00 0.00 0.00 395 273 1
88641 52.487651824951 -1.889271736145 -1.25 0.00 0.00 0.00 395 273 1
88780 52.487651824951 -1.889271736145 -1.25 0.00 0.00 0.00 395 273 1
88822 52.487651824951 -1.889271736145 -1.25 0.00 0.00 0.00 395 273 1
88963 52.487651824951 -1.889271736145 -1.25 0.00 0.00 0.00 395 273 1
89005 52.487651824951 -1.889271736145 -1.25 0.00 0.00 0.00 395 273 1
89145 52.487651824951 -1.889271736145 -1.25 0.00 0.00 0.00 395 273 1
89187 52.487651824951 -1.889271736145 -1.25 0.00 0.00 0.00 395 273 1
89328 52.487651824951 -1.889271736145 -1.25 0.00 0.00 0.00 395 273 1
89368 52.487651824951 -1.889271736145 -1.25 0.00 0.00 0.00 395 273 1
89506 52.487651824951 -1.889271736145 -1.25 0.00 0.00 0.00 395 273 1
89549 52.487651824951 -1.889271736145 -1.25 0.00 0.00 0.00 395 273 1
89689 52.487651824951 -1.889271736145 -1.25 0.00 0.00 0.00 395 273 1
89731 52.487651824951 -1.889271736145 -1.25 0.00 0.00 0.00 395 273 1
89873 52.487651824951 -1.889271736145 -1.25 0.00 0.00 0.00 395 273 1
89913 52.487651824951 -1.889271736145 -1.25 0.00 0.00 0.00 395 273 1
90053 52.487651824951 -1.889271736145 -1.25 0.00 0.00 0.00 395 273 1
90095 52.487651824951 -1.889271736145 -1.25 0.00 0.00 0.00 395 273 1
90235 52.487651824951 -1.889271736145 -1.25 0.00 0.00 0.00 395 273 1
90276 52.487651824951 -1.889271736145 -1.25 0.00 0.00 0.00 395 273 1
90417 52.487651824951 -1.889271736145 -1.25 0.00 0.00 0.00 395 273 1
90458 52.487651824951 -1.889271736145 -1.25 0.00 0.00 0.00 395 273 1
90597 52.487651824951 -1.889271736145 -1.25 0.00 0.00 0.00 395 273 1
90639 52.487651824951 -1.889271736145 -1.25 0.00 0.00 0.00 395 273 1
90778 52.487651824951 -1.889271736145 -1.25 0.00 0.00 0.00 395 273 1
90821 52.487651824951 -1.889271736145 -1.25 0.00 0.00 0.00 395 273 1
90960 52.487651824951 -1.889271736145 -1.25 0.00 0.00 0.00 395 273 1
91003 52.487651824951 -1.889271736145 -1.35 0.00 0.00 0.00 395 273 1
91144 52.487651824951 -1.889271736145 -2.75 0.00 0.00 0.00 395 273 1
91185 52.487651824951 -1.889271736145 -2.25 0.00 0.00 0.00 395 273 1
91325 52.487651824951 -1.889271736145 -1.95 0.00 0.00 0.00 397 273 1
91366 52.487651824951 -1.889271736145 -1.95 0.00 0.00 0.00 397 273 1
91505 52.487651824951 -1.889271736145 -2.35 0.00 0.00 0.00 397 273 1
91547 52.487651824951 -1.889271736145 -2.65 0.00 0.00 0.00 397 273 1
91686 52.487651824951 -1.889271736145 3.04 0.00 0.00 0.00 397 273 1
91729 52.487651824951 -1.889271736145 -3.05 0.00 0.00 0.00 397 273 1
91871 52.487651824951 -1.889271736145 -0.15 0.00 0.00 0.00 397 273 1
91912 52.487651824951 -1.889271736145 0.25 0.00 0.00 0.00 397 273 1
92052 52.487651824951 -1.889271736145 2.65 0.00 0.00 0.00 395 273 1
92093 52.487651824951 -1.889271736145 -2.73 0.00 0.00 0.00 395 273 1
92233 52.487651824951 -1.889271736145 2.21 0.00 0.00 0.00 397 273 1
92274 52.487651824951 -1.889271736145 -1.97 0.00 0.00 0.00 397 273 1
92416 52.487651824951 -1.889271736145 2.36 0.00 0.00 0.00 397 273 1
92455 52.487651824951 -1.889271736145 0.88 0.00 0.00 0.00 397 273 1
92600 52.487651824951 -1.889271736145 -2.07 0.00 0.00 0.00 393 273 1
92638 52.487651824951 -1.889271736145 -2.65 0.00 0.00 0.00 393 273 1
92777 52.487651824951 -1.889271736145 -0.50 0.00 0.00 0.00 397 273 1
92819 52.487651824951 -1.889271736145 -1.79 0.00 0.00 0.00 397 273 1
92959 52.487651824951 -1.889271736145 0.41 0.00 0.00 0.00 397 273 1
93001 52.487651824951 -1.889271736145 1.51 0.00 0.00 0.00 397 273 1
93142 52.487651824951 -1.889271736145 -1.34 0.00 0.00 0.00 393 273 1
93182 52.487651824951 -1.889271736145 2.46 0.00 0.00 0.00 393 273 1
93323 52.487651824951 -1.889271736145 0.50 0.00 0.00 0.00 393 273 1
93364 52.487651824951 -1.889271736145 2.80 0.00 0.00 0.00 393 273 1
93503 52.487651824951 -1.889271736145 2.12 0.00 0.00 0.00 393 273 1
93546 52.487651824951 -1.889271736145 2.82 0.00 0.00 0.00 393 273 1
93685 52.487651824951 -1.889271736145 3.02 0.00 0.00 0.00 393 273 1
93727 52.487651824951 -1.889271736145 2.92 0.00 0.00 0.00 393 273 1
93870 52.487651824951 -1.889271736145 1.32 0.00 0.00 0.00 391 273 1
93908 52.487651824951 -1.889271736145 0.82 0.00 0.00 0.00 391 273 1
94050 52.487651824951 -1.889271736145 -2.18 0.00 0.00 0.00 393 273 1
94091 52.487651824951 -1.889271736145 -2.68 0.00 0.00 0.00 393 273 1
94232 52.487651824951 -1.889271736145 2.60 0.00 0.00 0.00 397 273 1
94273 52.487651824951 -1.889271736145 2.20 0.00 0.00 0.00 397 273 1
94413 52.487651824951 -1.889271736145 1.50 0.00 0.00 0.00 393 273 1
94454 52.487651824951 -1.889271736145 2.10 0.00 0.00 0.00 393 273 1
94594 52.487651824951 -1.889271736145 -2.98 0.00 0.00 0.00 393 273 1
94636 52.487651824951 -1.889271736145 3.10 0.00 0.00 0.00 393 273 1
94775 52.487651824951 -1.889271736145 2.50 0.00 0.00 0.00 391 273 1
94817 52.487651824951 -1.889271736145 2.50 0.00 0.00 0.00 391 273 1
94958 52.487651824951 -1.889271736145 1.30 0.00 0.00 0.00 393 273 1
94999 52.487651824951 -1.889271736145 1.20 0.00 0.00 0.00 393 273 1
95139 52.487651824951 -1.889271736145 0.40 0.00 0.00 0.00 393 273 1
95181 52.487651824951 -1.889271736145 0.30 0.00 0.00 0.00 393 273 1
95322 52.487651824951 -1.889271736145 0.50 0.00 0.00 0.00 395 273 1
95362 52.487651824951 -1.889271736145 0.70 0.00 0.00 0.00 395 273 1
95501 52.487651824951 -1.889271736145 0.30 0.00 0.00 0.00 393 273 1
95544 52.487651824951 -1.889271736145 -0.00 0.00 0.00 0.00 393 273 1
95683 52.487651824951 -1.889271736145 -0.40 0.00 0.00 0.00 395 273 1
95725 52.487651824951 -1.889271736145 -0.60 0.00 0.00 0.00 395 273 1
95867 52.487651824951 -1.889271736145 -1.00 0.00 0.00 0.00 395 273 1
95907 52.487651824951 -1.889271736145 -1.00 0.00 0.00 0.00 395 273 1
96048 52.487651824951 -1.889271736145 -2.70 0.00 0.00 0.00 395 273 1
96090 52.487651824951 -1.889271736145 3.08 0.00 0.00 0.00 395 273 1
96230 52.487651824951 -1.889271736145 1.88 0.00 0.00 0.00 391 273 1
96271 52.487651824951 -1.889271736145 1.38 0.00 0.00 0.00 391 273 1
96411 52.487651824951 -1.889271736145 0.28 0.00 0.00 0.00 393 273 1
96452 52.487651824951 -1.889271736145 0.18 0.00 0.00 0.00 393 273 1
96593 52.487651824951 -1.889271736145 0.38 0.00 0.00 0.00 395 273 1
96633 52.487651824951 -1.889271736145 0.48 0.00 0.00 0.00 395 273 1
96773 52.487651824951 -1.889271736145 0.38 0.00 0.00 0.00 395 273 1
96816 52.487651824951 -1.889271736145 0.38 0.00 0.00 0.00 395 273 1
96956 52.487651824951 -1.889271736145 0.48 0.00 0.00 0.00 395 273 1
96998 52.487651824951 -1.889271736145 0.58 0.00 0.00 0.00 395 273 1
97137 52.487651824951 -1.889271736145 0.68 0.00 0.00 0.00 395 273 1
97179 52.487651824951 -1.889271736145 0.38 0.00 0.00 0.00 395 273 1
97320 52.487651824951 -1.889271736145 -0.32 0.00 0.00 0.00 395 273 1
97360 52.487651824951 -1.889271736145 -0.42 0.00 0.00 0.00 395 273 1
97500 52.487651824951 -1.889271736145 -1.62 0.00 0.00 0.00 395 273 1
97542 52.487651824951 -1.889271736145 -2.32 0.00 0.00 0.00 395 273 1
97681 52.487651824951 -1.889271736145 -2.92 0.00 0.00 0.00 397 273 1
97724 52.487651824951 -1.889271736145 3.06 0.00 0.00 0.00 397 273 1
97865 52.487651824951 -1.889271736145 1.76 0.00 0.00 0.00 391 273 1
97905 52.487651824951 -1.889271736145 1.86 0.00 0.00 0.00 391 273 1
98046 52.487651824951 -1.889271736145 1.96 0.00 0.00 0.00 393 273 1
98087 52.487651824951 -1.889271736145 1.86 0.00 0.00 0.00 393 273 1
98228 52.487651824951 -1.889271736145 1.56 0.00 0.00 0.00 393 273 1
98270 52.487651824951 -1.889271736145 1.76 0.00 0.00 0.00 393 273 1
98410 52.487651824951 -1.889271736145 2.06 0.00 0.00 0.00 393 273 1
98450 52.487651824951 -1.889271736145 2.06 0.00 0.00 0.00 393 273 1
98592 52.487651824951 -1.889271736145 2.66 0.00 0.00 0.00 393 273 1
98632 52.487651824951 -1.889271736145 2.76 0.00 0.00 0.00 393 273 1
98771 52.487651824951 -1.889271736145 2.96 0.00 0.00 0.00 393 273 1
98813 52.487651824951 -1.889271736145 2.76 0.00 0.00 0.00 393 273 1
98955 52.487651824951 -1.889271736145 2.06 0.00 0.00 0.00 393 273 1
98996 52.487651824951 -1.889271736145 2.06 0.00 0.00 0.00 393 273 1
99136 52.487651824951 -1.889271736145 0.96 0.00 0.00 0.00 393 273 1
99177 52.487651824951 -1.889271736145 1.06 0.00 0.00 0.00 393 273 1
99317 52.487651824951 -1.889271736145 0.76 0.00 0.00 0.00 393 273 1
99358 52.487651824951 -1.889271736145 0.56 0.00 0.00 0.00 393 273 1
99497 52.487651824951 -1.889271736145 -0.44 0.00 0.00 0.00 395 273 1
99540 52.487651824951 -1.889271736145 -0.64 0.00 0.00 0.00 395 273 1
99679 52.487651824951 -1.889271736145 -0.84 0.00 0.00 0.00 395 273 1
99722 52.487651824951 -1.889271736145 -0.54 0.00 0.00 0.00 395 273 1
99861 52.487651824951 -1.889271736145 0.36 0.00 0.00 0.00 395 273 1
99904 52.487651824951 -1.889271736145 0.56 0.00 0.00 0.00 395 273 1
100044 52.487651824951 -1.889271736145 -2.02 0.00 0.00 0.00 395 273 1
100085 52.487651824951 -1.889271736145 1.48 0.00 0.00 0.00 395 273 1
100226 52.487651824951 -1.889271736145 2.30 0.00 0.00 0.00 393 273 1
100268 52.487651824951 -1.889271736145 -2.18 0.00 0.00 0.00 393 273 1
100408 52.487651824951 -1.889271736145 2.92 0.00 0.00 0.00 397 273 1
100449 52.487651824951 -1.889271736145 -2.07 0.00 0.00 0.00 397 273 1
100590 52.487651824951 -1.889271736145 -0.77 0.00 0.00 0.00 397 273 1
100630 52.487651824951 -1.889271736145 -0.47 0.00 0.00 0.00 397 273 1
100769 52.487651824951 -1.889271736145 -0.67 0.00 0.00 0.00 395 273 1
100811 52.487651824951 -1.889271736145 -1.37 0.00 0.00 0.00 395 273 1
100953 52.487651824951 -1.889271736145 -2.88 0.00 0.00 0.00 395 273 1
100994 52.487651824951 -1.889271736145 -2.98 0.00 0.00 0.00 395 273 1
101134 52.487651824951 -1.889271736145 -1.38 0.00 0.00 0.00 397 273 1
101176 52.487651824951 -1.889271736145 -2.08 0.00 0.00 0.00 397 273 1
101316 52.487651824951 -1.889271736145 0.12 0.00 0.00 0.00 397 273 1
101357 52.487651824951 -1.889271736145 0.22 0.00 0.00 0.00 397 273 1
101496 52.487651824951 -1.889271736145 -2.97 0.00 0.00 0.00 395 273 1
101538 52.487651824951 -1.889271736145 1.03 0.00 0.00 0.00 395 273 1
101678 52.487651824951 -1.889271736145 2.97 0.00 0.00 0.00 393 273 1
101720 52.487651824951 -1.889271736145 -0.12 0.00 0.00 0.00 393 273 1
101862 52.487651824951 -1.889271736145 1.72 0.00 0.00 0.00 395 273 1
101902 52.487651824951 -1.889271736145 -0.37 0.00 0.00 0.00 395 273 1
102042 52.487651824951 -1.889271736145 0.37 0.00 0.00 0.00 395 273 1
102084 52.487651824951 -1.889271736145 -2.42 0.00 0.00 0.00 395 273 1
102224 52.487651824951 -1.889271736145 2.60 0.00 0.00 0.00 397 273 1
102265 52.487651824951 -1.889271736145 -0.48 0.00 0.00 0.00 397 273 1
102406 52.487651824951 -1.889271736145 -2.07 0.00 0.00 0.00 395 273 1
102447 52.487651824951 -1.889271736145 -1.87 0.00 0.00 0.00 395 273 1
102590 52.487651824951 -1.889271736145 0.13 0.00 0.00 0.00 397 273 1
102628 52.487651824951 -1.889271736145 1.03 0.00 0.00 0.00 397 273 1
102767 52.487651824951 -1.889271736145 1.13 0.00 0.00 0.00 393 273 1
102810 52.487651824951 -1.889271736145 0.93 0.00 0.00 0.00 393 273 1
102950 52.487651824951 -1.889271736145 1.33 0.00 0.00 0.00 393 273 1
102992 52.487651824951 -1.889271736145 1.43 0.00 0.00 0.00 393 273 1
103133 52.487651824951 -1.889271736145 1.43 0.00 0.00 0.00 393 273 1
103174 52.487651824951 -1.889271736145 1.73 0.00 0.00 0.00 393 273 1
103314 52.487651824951 -1.889271736145 2.23 0.00 0.00 0.00 393 273 1
103355 52.487651824951 -1.889271736145 2.23 0.00 0.00 0.00 393 273 1
103494 52.487651824951 -1.889271736145 2.23 0.00 0.00 0.00 393 273 1
103536 52.487651824951 -1.889271736145 2.33 0.00 0.00 0.00 393 273 1
103675 52.487651824951 -1.889271736145 2.53 0.00 0.00 0.00 393 273 1
103718 52.487651824951 -1.889271736145 2.53 0.00 0.00 0.00 393 273 1
103861 52.487651824951 -1.889271736145 2.63 0.00 0.00 0.00 393 273 1
103900 52.487651824951 -1.889271736145 2.63 0.00 0.00 0.00 393 273 1
104041 52.487651824951 -1.889271736145 2.63 0.00 0.00 0.00 393 273 1
104082 52.487651824951 -1.889271736145 2.53 0.00 0.00 0.00 393 273 1
104222 52.487651824951 -1.889271736145 1.83 0.00 0.00 0.00 393 273 1
104264 52.487651824951 -1.889271736145 1.43 0.00 0.00 0.00 393 273 1
104404 52.487651824951 -1.889271736145 0.33 0.00 0.00 0.00 393 273 1
104444 52.487651824951 -1.889271736145 0.33 0.00 0.00 0.00 393 273 1
104587 52.487651824951 -1.889271736145 -0.37 0.00 0.00 0.00 395 273 1
104627 52.487651824951 -1.889271736145 -0.47 0.00 0.00 0.00 395 273 1
104766 52.487651824951 -1.889271736145 -0.77 0.00 0.00 0.00 395 273 1
104808 52.487651824951 -1.889271736145 -0.77 0.00 0.00 0.00 395 273 1
104948 52.487651824951 -1.889271736145 -1.07 0.00 0.00 0.00 395 273 1
104990 52.487651824951 -1.889271736145 -1.17 0.00 0.00 0.00 395 273 1
105131 52.487651824951 -1.889271736145 -1.47 0.00 0.00 0.00 395 273 1
105172 52.487651824951 -1.889271736145 -1.57 0.00 0.00 0.00 395 273 1
105313 52.487651824951 -1.889271736145 -1.47 0.00 0.00 0.00 395 273 1
105353 52.487651824951 -1.889271736145 -1.47 0.00 0.00 0.00 395 273 1
105492 52.487651824951 -1.889271736145 -1.87 0.00 0.00 0.00 395 273 1
105535 52.487651824951 -1.889271736145 -2.77 0.00 0.00 0.00 395 273 1
105674 52.487651824951 -1.889271736145 1.62 0.00 0.00 0.00 397 273 1
105716 52.487651824951 -1.889271736145 1.72 0.00 0.00 0.00 397 273 1
105859 52.487651824951 -1.889271736145 1.82 0.00 0.00 0.00 393 273 1
105899 52.487651824951 -1.889271736145 1.62 0.00 0.00 0.00 393 273 1
106040 52.487651824951 -1.889271736145 2.72 0.00 0.00 0.00 393 273 1
106080 52.487651824951 -1.889271736145 2.92 0.00 0.00 0.00 393 273 1
106220 52.487651824951 -1.889271736145 0.92 0.00 0.00 0.00 391 273 1
106262 52.487651824951 -1.889271736145 -1.48 0.00 0.00 0.00 391 273 1
106403 52.487651824951 -1.889271736145 -2.40 0.00 0.00 0.00 395 273 1
106443 52.487651824951 -1.889271736145 2.88 0.00 0.00 0.00 395 273 1
106583 52.487651824951 -1.889271736145 -2.52 0.00 0.00 0.00 391 273 1
106625 52.487651824951 -1.889271736145 -3.12 0.00 0.00 0.00 391 273 1
106764 52.487651824951 -1.889271736145 -0.40 0.00 0.00 0.00 397 273 1
106806 52.487651824951 -1.889271736145 -1.48 0.00 0.00 0.00 397 273 1
106947 52.487651824951 -1.889271736145 1.33 0.00 0.00 0.00 395 273 1
106989 52.487651824951 -1.889271736145 2.73 0.00 0.00 0.00 395 273 1
107128 52.487651824951 -1.889271736145 -0.25 0.00 0.00 0.00 393 273 1
107170 52.487651824951 -1.889271736145 0.55 0.00 0.00 0.00 393 273 1
107311 52.487651824951 -1.889271736145 -0.25 0.00 0.00 0.00 395 273 1
107352 52.487651824951 -1.889271736145 -1.05 0.00 0.00 0.00 395 273 1
107490 52.487651824951 -1.889271736145 -1.07 0.00 0.00 0.00 395 273 1
107533 52.487651824951 -1.889271736145 2.12 0.00 0.00 0.00 395 273 1
107672 52.487651824951 -1.889271736145 -0.78 0.00 0.00 0.00 393 273 1
107714 52.487651824951 -1.889271736145 -0.18 0.00 0.00 0.00 393 273 1
107857 52.487651824951 -1.889271736145 -0.77 0.00 0.00 0.00 395 273 1
107896 52.487651824951 -1.889271736145 0.43 0.00 0.00 0.00 395 273 1
108037 52.487651824951 -1.889271736145 1.33 0.00 0.00 0.00 395 273 1
108079 52.487651824951 -1.889271736145 1.73 0.00 0.00 0.00 395 273 1
108219 52.487651824951 -1.889271736145 -1.90 0.00 0.00 0.00 393 273 1
108260 52.487651824951 -1.889271736145 -0.28 0.00 0.00 0.00 393 273 1
108400 52.487651824951 -1.889271736145 3.00 0.00 0.00 0.00 395 273 1
108441 52.487651824951 -1.889271736145 1.90 0.00 0.00 0.00 395 273 1
108580 52.487651824951 -1.889271736145 0.00 0.00 0.00 0.00 393 273 1
108622 52.487651824951 -1.889271736145 -0.30 0.00 0.00 0.00 393 273 1
108762 52.487651824951 -1.889271736145 -0.60 0.00 0.00 0.00 395 273 1
108805 52.487651824951 -1.889271736145 -0.60 0.00 0.00 0.00 395 273 1
108945 52.487651824951 -1.889271736145 -1.00 0.00 0.00 0.00 395 273 1
108987 52.487651824951 -1.889271736145 -1.10 0.00 0.00 0.00 395 273 1
109130 52.487651824951 -1.889271736145 -2.30 0.00 0.00 0.00 395 273 1
109168 52.487651824951 -1.889271736145 -2.30 0.00 0.00 0.00 395 273 1
109308 52.487651824951 -1.889271736145 -2.00 0.00 0.00 0.00 397 273 1
109349 52.487651824951 -1.889271736145 -2.00 0.00 0.00 0.00 397 273 1
109489 52.487651824951 -1.889271736145 -2.00 0.00 0.00 0.00 397 273 1
109531 52.487651824951 -1.889271736145 -2.00 0.00 0.00 0.00 397 273 1
109670 52.487651824951 -1.889271736145 -1.60 0.00 0.00 0.00 397 273 1
109713 52.487651824951 -1.889271736145 -1.40 0.00 0.00 0.00 397 273 1
109854 52.487651824951 -1.889271736145 -1.40 0.00 0.00 0.00 395 273 1
109894 52.487651824951 -1.889271736145 -1.40 0.00 0.00 0.00 395 273 1
110035 52.487651824951 -1.889271736145 -1.50 0.00 0.00 0.00 395 273 1
110076 52.487651824951 -1.889271736145 -1.60 0.00 0.00 0.00 395 273 1
110217 52.487651824951 -1.889271736145 -2.00 0.00 0.00 0.00 395 273 1
110259 52.487651824951 -1.889271736145 -2.20 0.00 0.00 0.00 395 273 1
110399 52.487651824951 -1.889271736145 -2.30 0.00 0.00 0.00 397 273 1
110440 52.487651824951 -1.889271736145 -2.40 0.00 0.00 0.00 397 273 1
110579 52.487651824951 -1.889271736145 -1.90 0.00 0.00 0.00 397 273 1
110621 52.487651824951 -1.889271736145 -1.70 0.00 0.00 0.00 397 273 1
110760 52.487651824951 -1.889271736145 -1.70 0.00 0.00 0.00 397 273 1
110802 52.487651824951 -1.889271736145 -1.20 0.00 0.00 0.00 397 273 1
110943 52.487651824951 -1.889271736145 -0.70 0.00 0.00 0.00 395 273 1
110985 52.487651824951 -1.889271736145 -0.20 0.00 0.00 0.00 395 273 1
111128 52.487651824951 -1.889271736145 -0.30 0.00 0.00 0.00 395 273 1
111166 52.487651824951 -1.889271736145 0.30 0.00 0.00 0.00 395 273 1
111307 52.487651824951 -1.889271736145 1.70 0.00 0.00 0.00 395 273 1
111348 52.487651824951 -1.889271736145 2.40 0.00 0.00 0.00 395 273 1
111488 52.487651824951 -1.889271736145 -2.18 0.00 0.00 0.00 393 273 1
111529 52.487651824951 -1.889271736145 -2.18 0.00 0.00 0.00 393 273 1
111669 52.487651824951 -1.889271736145 -1.68 0.00 0.00 0.00 397 273 1
111711 52.487651824951 -1.889271736145 -1.18 0.00 0.00 0.00 397 273 1
111850 52.487651824951 -1.889271736145 0.22 0.00 0.00 0.00 395 273 1
111893 52.487651824951 -1.889271736145 0.62 0.00 0.00 0.00 395 273 1
112033 52.487651824951 -1.889271736145 1.42 0.00 0.00 0.00 395 273 1
112075 52.487651824951 -1.889271736145 1.92 0.00 0.00 0.00 395 273 1
112216 52.487651824951 -1.889271736145 -2.77 0.00 0.00 0.00 393 273 1
112257 52.487651824951 -1.889271736145 -2.47 0.00 0.00 0.00 393 273 1
112400 52.487651824951 -1.889271736145 -1.27 0.00 0.00 0.00 397 273 1
112438 52.487651824951 -1.889271736145 -0.77 0.00 0.00 0.00 397 273 1
112577 52.487651824951 -1.889271736145 0.13 0.00 0.00 0.00 395 273 1
112619 52.487651824951 -1.889271736145 0.53 0.00 0.00 0.00 395 273 1
112758 52.487651824951 -1.889271736145 1.43 0.00 0.00 0.00 395 273 1
112801 52.487651824951 -1.889271736145 1.83 0.00 0.00 0.00 395 273 1
112941 52.487651824951 -1.889271736145 2.93 0.00 0.00 0.00 393 273 1
112984 52.487651824951 -1.889271736145 3.03 0.00 0.00 0.00 393 273 1
113128 52.487651824951 -1.889271736145 -2.35 0.00 0.00 0.00 391 273 1
113165 52.487651824951 -1.889271736145 -2.15 0.00 0.00 0.00 391 273 1
113305 52.487651824951 -1.889271736145 -1.25 0.00 0.00 0.00 397 273 1
113346 52.487651824951 -1.889271736145 -1.05 0.00 0.00 0.00 397 273 1
113485 52.487651824951 -1.889271736145 -0.65 0.00 0.00 0.00 395 273 1
113527 52.487651824951 -1.889271736145 -0.55 0.00 0.00 0.00 395 273 1
113667 52.487651824951 -1.889271736145 0.05 0.00 0.00 0.00 395 273 1
113709 52.487651824951 -1.889271736145 0.25 0.00 0.00 0.00 395 273 1
113848 52.487651824951 -1.889271736145 0.95 0.00 0.00 0.00 395 273 1
113891 52.487651824951 -1.889271736145 1.35 0.00 0.00 0.00 395 273 1
114032 52.487651824951 -1.889271736145 1.85 0.00 0.00 0.00 393 273 1
114073 52.487651824951 -1.889271736145 1.95 0.00 0.00 0.00 393 273 1
114213 52.487651824951 -1.889271736145 2.15 0.00 0.00 0.00 393 273 1
114254 52.487651824951 -1.889271736145 2.15 0.00 0.00 0.00 393 273 1
114399 52.487651824951 -1.889271736145 2.15 0.00 0.00 0.00 393 273 1
114436 52.487651824951 -1.889271736145 2.15 0.00 0.00 0.00 393 273 1
114575 52.487651824951 -1.889271736145 2.65 0.00 0.00 0.00 393 273 1
114617 52.487651824951 -1.889271736145 2.75 0.00 0.00 0.00 393 273 1
114756 52.487651824951 -1.889271736145 2.95 0.00 0.00 0.00 393 273 1
114799 52.487651824951 -1.889271736145 3.05 0.00 0.00 0.00 393 273 1
114939 52.487651824951 -1.889271736145 -3.03 0.00 0.00 0.00 391 273 1
114981 52.487651824951 -1.889271736145 -2.93 0.00 0.00 0.00 391 273 1
115125 52.487651824951 -1.889271736145 -2.53 0.00 0.00 0.00 397 273 1
115163 52.487651824951 -1.889271736145 -2.23 0.00 0.00 0.00 397 273 1
115303 52.487651824951 -1.889271736145 -1.63 0.00 0.00 0.00 397 273 1
115344 52.487651824951 -1.889271736145 -1.63 0.00 0.00 0.00 397 273 1
115483 52.487651824951 -1.889271736145 2.37 0.00 0.00 0.00 395 273 1
115525 52.487651824951 -1.889271736145 -1.32 0.00 0.00 0.00 395 273 1
115664 52.487651824951 -1.889271736145 1.32 0.00 0.00 0.00 395 273 1
115707 52.487651824951 -1.889271736145 2.14 0.00 0.00 0.00 395 273 1
115847 52.487651824951 -1.889271736145 -2.88 0.00 0.00 0.00 393 273 1
115890 52.487651824951 -1.889271736145 -1.86 0.00 0.00 0.00 393 273 1
116030 52.487651824951 -1.889271736145 0.20 0.00 0.00 0.00 397 273 1
116071 52.487651824951 -1.889271736145 3.00 0.00 0.00 0.00 397 273 1
116211 52.487651824951 -1.889271736145 -2.58 0.00 0.00 0.00 391 273 1
116253 52.487651824951 -1.889271736145 -2.98 0.00 0.00 0.00 391 273 1
116397 52.487651824951 -1.889271736145 2.10 0.00 0.00 0.00 397 273 1
116433 52.487651824951 -1.889271736145 2.40 0.00 0.00 0.00 397 273 1
116574 52.487651824951 -1.889271736145 1.80 0.00 0.00 0.00 393 273 1
116616 52.487651824951 -1.889271736145 0.60 0.00 0.00 0.00 393 273 1
116755 52.487651824951 -1.889271736145 -0.61 0.00 0.00 0.00 395 273 1
116797 52.487651824951 -1.889271736145 -1.71 0.00 0.00 0.00 395 273 1
116937 52.487651824951 -1.889271736145 -3.13 0.00 0.00 0.00 397 273 1
116980 52.487651824951 -1.889271736145 2.05 0.00 0.00 0.00 397 273 1
117121 52.487651824951 -1.889271736145 1.17 0.00 0.00 0.00 393 273 1
117161 52.487651824951 -1.889271736145 -2.31 0.00 0.00 0.00 393 273 1
117302 52.487651824951 -1.889271736145 -1.18 0.00 0.00 0.00 397 273 1
117343 52.487651824951 -1.889271736145 2.02 0.00 0.00 0.00 397 273 1
117482 52.487651824951 -1.889271736145 1.55 0.00 0.00 0.00 393 273 1
117524 52.487651824951 -1.889271736145 -0.33 0.00 0.00 0.00 393 273 1
117663 52.487651824951 -1.889271736145 1.55 0.00 0.00 0.00 395 273 1
117705 52.487651824951 -1.889271736145 -3.04 0.00 0.00 0.00 395 273 1
117844 52.487651824951 -1.889271736145 2.73 0.00 0.00 0.00 397 273 1
117888 52.487651824951 -1.889271736145 2.83 0.00 0.00 0.00 397 273 1
118029 52.487651824951 -1.889271736145 -1.85 0.00 0.00 0.00 393 273 1
118070 52.487651824951 -1.889271736145 -1.05 0.00 0.00 0.00 393 273 1
118209 52.487651824951 -1.889271736145 -0.75 0.00 0.00 0.00 395 273 1
118251 52.487651824951 -1.889271736145 -0.25 0.00 0.00 0.00 395 273 1
118395 52.487651824951 -1.889271736145 -0.75 0.00 0.00 0.00 395 273 1
118432 52.487651824951 -1.889271736145 -0.65 0.00 0.00 0.00 395 273 1
118572 52.487651824951 -1.889271736145 -1.05 0.00 0.00 0.00 395 273 1
118614 52.487651824951 -1.889271736145 -1.45 0.00 0.00 0.00 395 273 1
118753 52.487651824951 -1.889271736145 -2.35 0.00 0.00 0.00 395 273 1
118796 52.487651824951 -1.889271736145 -2.65 0.00 0.00 0.00 395 273 1
118935 52.487651824951 -1.889271736145 2.73 0.00 0.00 0.00 397 273 1
118978 52.487651824951 -1.889271736145 2.43 0.00 0.00 0.00 397 273 1
119118 52.487651824951 -1.889271736145 1.13 0.00 0.00 0.00 393 273 1
119159 52.487651824951 -1.889271736145 1.03 0.00 0.00 0.00 393 273 1
119300 52.487651824951 -1.889271736145 0.93 0.00 0.00 0.00 393 273 1
119341 52.487651824951 -1.889271736145 1.13 0.00 0.00 0.00 393 273 1
119481 52.487651824951 -1.889271736145 2.13 0.00 0.00 0.00 393 273 1
119522 52.487651824951 -1.889271736145 2.93 0.00 0.00 0.00 393 273 1
119664 52.487651824951 -1.889271736145 1.85 0.00 0.00 0.00 391 273 1
119704 52.487651824951 -1.889271736145 2.95 0.00 0.00 0.00 391 273 1
119843 52.487651824951 -1.889271736145 -2.44 0.00 0.00 0.00 391 273 1
119885 52.487651824951 -1.889271736145 -2.14 0.00 0.00 0.00 391 273 1
120027 52.487651824951 -1.889271736145 -1.84 0.00 0.00 0.00 397 273 1
120068 52.487651824951 -1.889271736145 -1.84 0.00 0.00 0.00 397 273 1
120208 52.487651824951 -1.889271736145 -2.54 0.00 0.00 0.00 397 273 1
120249 52.487651824951 -1.889271736145 -2.64 0.00 0.00 0.00 397 273 1
120393 52.487651824951 -1.889271736145 2.45 0.00 0.00 0.00 397 273 1
120430 52.487651824951 -1.889271736145 1.95 0.00 0.00 0.00 397 273 1
120569 52.487651824951 -1.889271736145 0.85 0.00 0.00 0.00 393 273 1
120611 52.487651824951 -1.889271736145 0.45 0.00 0.00 0.00 393 273 1
120751 52.487651824951 -1.889271736145 -1.65 0.00 0.00 0.00 395 273 1
120794 52.487651824951 -1.889271736145 -1.95 0.00 0.00 0.00 395 273 1
120933 52.487651824951 -1.889271736145 -0.75 0.00 0.00 0.00 397 273 1
120976 52.487651824951 -1.889271736145 -0.35 0.00 0.00 0.00 397 273 1
121117 52.487651824951 -1.889271736145 0.05 0.00 0.00 0.00 395 273 1
121157 52.487651824951 -1.889271736145 0.05 0.00 0.00 0.00 395 273 1
121297 52.487651824951 -1.889271736145 0.15 0.00 0.00 0.00 395 273 1
121339 52.487651824951 -1.889271736145 0.15 0.00 0.00 0.00 395 273 1
121480 52.487651824951 -1.889271736145 0.05 0.00 0.00 0.00 395 273 1
121520 52.487651824951 -1.889271736145 -0.15 0.00 0.00 0.00 395 273 1
121662 52.487651824951 -1.889271736145 -0.55 0.00 0.00 0.00 395 273 1
121702 52.487651824951 -1.889271736145 -0.75 0.00 0.00 0.00 395 273 1
121841 52.487651824951 -1.889271736145 -0.85 0.00 0.00 0.00 395 273 1
121883 52.487651824951 -1.889271736145 -1.15 0.00 0.00 0.00 395 273 1
122024 52.487651824951 -1.889271736145 -1.05 0.00 0.00 0.00 395 273 1
122065 52.487651824951 -1.889271736145 -1.45 0.00 0.00 0.00 395 273 1
122206 52.487651824951 -1.889271736145 -0.95 0.00 0.00 0.00 395 273 1
122248 52.487651824951 -1.889271736145 -1.85 0.00 0.00 0.00 395 273 1
122388 52.487651824951 -1.889271736145 0.73 0.00 0.00 0.00 397 273 1
122428 52.487651824951 -1.889271736145 -0.37 0.00 0.00 0.00 397 273 1
122567 52.487651824951 -1.889271736145 -1.47 0.00 0.00 0.00 395 273 1
122610 52.487651824951 -1.889271736145 -1.47 0.00 0.00 0.00 395 273 1
122749 52.487651824951 -1.889271736145 -1.77 0.00 0.00 0.00 395 273 1
122791 52.487651824951 -1.889271736145 -1.77 0.00 0.00 0.00 395 273 1
122933 52.487651824951 -1.889271736145 -1.37 0.00 0.00 0.00 397 273 1
122974 52.487651824951 -1.889271736145 -1.27 0.00 0.00 0.00 397 273 1
123114 52.487651824951 -1.889271736145 -0.97 0.00 0.00 0.00 395 273 1
123156 52.487651824951 -1.889271736145 -0.77 0.00 0.00 0.00 395 273 1
123296 52.487651824951 -1.889271736145 -0.47 0.00 0.00 0.00 395 273 1
123337 52.487651824951 -1.889271736145 -0.17 0.00 0.00 0.00 395 273 1
123475 52.487651824951 -1.889271736145 0.93 0.00 0.00 0.00 395 273 1
123518 52.487651824951 -1.889271736145 1.63 0.00 0.00 0.00 395 273 1
123672 52.487651824951 -1.889271736145 -2.55 0.00 0.00 0.00 393 273 1
123722 52.487651824951 -1.889271736145 -2.05 0.00 0.00 0.00 393 273 1
123864 52.487651824951 -1.889271736145 0.15 0.00 0.00 0.00 397 273 1
123905 52.487651824951 -1.889271736145 0.55 0.00 0.00 0.00 397 273 1
124048 52.487651824951 -1.889271736145 1.15 0.00 0.00 0.00 395 273 1
124084 52.487651824951 -1.889271736145 1.45 0.00 0.00 0.00 395 273 1
124226 52.487651824951 -1.889271736145 1.75 0.00 0.00 0.00 393 273 1
124268 52.487651824951 -1.889271736145 1.35 0.00 0.00 0.00 393 273 1
124411 52.487651824951 -1.889271736145 -1.55 0.00 0.00 0.00 393 273 1
124469 52.487651824951 -1.889271736145 -2.65 0.00 0.00 0.00 393 273 1
124611 52.487651824951 -1.889271736145 1.73 0.00 0.00 0.00 397 273 1
124651 52.487651824951 -1.889271736145 2.23 0.00 0.00 0.00 397 273 1
124792 52.487651824951 -1.889271736145 2.53 0.00 0.00 0.00 393 273 1
124832 52.487651824951 -1.889271736145 -2.75 0.00 0.00 0.00 393 273 1
124979 52.487651824951 -1.889271736145 -0.75 0.00 0.00 0.00 397 273 1
125035 52.487651824951 -1.889271736145 -0.75 0.00 0.00 0.00 397 273 1
125177 52.487651824951 -1.889271736145 -1.25 0.00 0.00 0.00 395 273 1
125214 52.487651824951 -1.889271736145 -1.05 0.00 0.00 0.00 395 273 1
125357 52.487651824951 -1.889271736145 -0.95 0.00 0.00 0.00 395 273 1
125398 52.487651824951 -1.889271736145 -0.85 0.00 0.00 0.00 395 273 1
125539 52.487651824951 -1.889271736145 -0.75 0.00 0.00 0.00 395 273 1
125579 52.487651824951 -1.889271736145 -0.65 0.00 0.00 0.00 395 273 1
125724 52.487651824951 -1.889271736145 -0.35 0.00 0.00 0.00 395 273 1
125782 52.487651824951 -1.889271736145 -0.55 0.00 0.00 0.00 395 273 1
125924 52.487651824951 -1.889271736145 -0.65 0.00 0.00 0.00 395 273 1
125961 52.487651824951 -1.889271736145 -0.65 0.00 0.00 0.00 395 273 1
126103 52.487651824951 -1.889271736145 -0.75 0.00 0.00 0.00 395 273 1
126145 52.487651824951 -1.889271736145 -0.95 0.00 0.00 0.00 395 273 1
126288 52.487651824951 -1.889271736145 -1.05 0.00 0.00 0.00 395 273 1
126347 52.487651824951 -1.889271736145 -1.35 0.00 0.00 0.00 395 273 1
126488 52.487651824951 -1.889271736145 -0.85 0.00 0.00 0.00 395 273 1
126528 52.487651824951 -1.889271736145 2.53 0.00 0.00 0.00 395 273 1
126669 52.487651824951 -1.889271736145 1.57 0.00 0.00 0.00 393 273 1
126709 52.487651824951 -1.889271736145 1.27 0.00 0.00 0.00 393 273 1
126851 52.487651824951 -1.889271736145 1.17 0.00 0.00 0.00 393 273 1
126892 52.487651824951 -1.889271736145 1.17 0.00 0.00 0.00 393 273 1
127037 52.487651824951 -1.889271736145 1.17 0.00 0.00 0.00 393 273 1
127093 52.487651824951 -1.889271736145 1.17 0.00 0.00 0.00 393 273 1
127237 52.487651824951 -1.889271736145 -0.93 0.00 0.00 0.00 393 273 1
127272 52.487651824951 -1.889271736145 -3.13 0.00 0.00 0.00 393 273 1
127416 52.487651824951 -1.889271736145 3.14 0.00 0.00 0.00 397 273 1
127457 52.487651824951 -1.889271736145 1.04 0.00 0.00 0.00 397 273 1
127598 52.487651824951 -1.889271736145 -2.56 0.00 0.00 0.00 393 273 1
127659 52.487651824951 -1.889271736145 -0.28 0.00 0.00 0.00 393 273 1
127800 52.487651824951 -1.889271736145 0.90 0.00 0.00 0.00 395 273 1
127840 52.487651824951 -1.889271736145 0.90 0.00 0.00 0.00 395 273 1
127983 52.487651824951 -1.889271736145 2.39 0.00 0.00 0.00 393 273 1
128019 52.487651824951 -1.889271736145 0.89 0.00 0.00 0.00 393 273 1
128162 52.487651824951 -1.889271736145 2.47 0.00 0.00 0.00 393 273 1
128203 52.487651824951 -1.889271736145 0.97 0.00 0.00 0.00 393 273 1
128347 52.487651824951 -1.889271736145 -1.83 0.00 0.00 0.00 393 273 1
128405 52.487651824951 -1.889271736145 1.55 0.00 0.00 0.00 393 273 1
128546 52.487651824951 -1.889271736145 -0.95 0.00 0.00 0.00 393 273 1
128586 52.487651824951 -1.889271736145 -2.45 0.00 0.00 0.00 393 273 1
128728 52.487651824951 -1.889271736145 0.14 0.00 0.00 0.00 397 273 1
128769 52.487651824951 -1.889271736145 -0.86 0.00 0.00 0.00 397 273 1
128910 52.487651824951 -1.889271736145 1.92 0.00 0.00 0.00 395 273 1
128951 52.487651824951 -1.889271736145 1.92 0.00 0.00 0.00 395 273 1
129096 52.487651824951 -1.889271736145 -1.28 0.00 0.00 0.00 393 273 1
129153 52.487651824951 -1.889271736145 -2.28 0.00 0.00 0.00 393 273 1
129295 52.487651824951 -1.889271736145 1.20 0.00 0.00 0.00 397 273 1
129332 52.487651824951 -1.889271736145 0.40 0.00 0.00 0.00 397 273 1
129474 52.487651824951 -1.889271736145 -2.60 0.00 0.00 0.00 395 273 1
129515 52.487651824951 -1.889271736145 2.89 0.00 0.00 0.00 395 273 1
129656 52.487651824951 -1.889271736145 1.09 0.00 0.00 0.00 391 273 1
129717 52.487651824951 -1.889271736145 -0.71 0.00 0.00 0.00 391 273 1
129858 52.487651824951 -1.889271736145 2.87 0.00 0.00 0.00 395 273 1
129899 52.487651824951 -1.889271736145 2.87 0.00 0.00 0.00 395 273 1
130042 52.487651824951 -1.889271736145 0.47 0.00 0.00 0.00 391 273 1
130078 52.487651824951 -1.889271736145 -0.33 0.00 0.00 0.00 391 273 1
130221 52.487651824951 -1.889271736145 -2.63 0.00 0.00 0.00 395 273 1
130263 52.487651824951 -1.889271736145 2.95 0.00 0.00 0.00 395 273 1
130409 52.487651824951 -1.889271736145 1.75 0.00 0.00 0.00 391 273 1
130463 52.487651824951 -1.889271736145 0.45 0.00 0.00 0.00 391 273 1
130606 52.487651824951 -1.889271736145 -0.75 0.00 0.00 0.00 395 273 1
130646 52.487651824951 -1.889271736145 -1.35 0.00 0.00 0.00 395 273 1
130787 52.487651824951 -1.889271736145 2.94 0.00 0.00 0.00 395 273 1
130827 52.487651824951 -1.889271736145 2.24 0.00 0.00 0.00 395 273 1
130970 52.487651824951 -1.889271736145 0.64 0.00 0.00 0.00 393 273 1
131007 52.487651824951 -1.889271736145 0.64 0.00 0.00 0.00 393 273 1
131151 52.487651824951 -1.889271736145 -1.06 0.00 0.00 0.00 395 273 1
131188 52.487651824951 -1.889271736145 -1.46 0.00 0.00 0.00 395 273 1
131331 52.487651824951 -1.889271736145 -3.06 0.00 0.00 0.00 395 273 1
131373 52.487651824951 -1.889271736145 2.82 0.00 0.00 0.00 395 273 1
131514 52.487651824951 -1.889271736145 1.82 0.00 0.00 0.00 393 273 1
131554 52.487651824951 -1.889271736145 1.42 0.00 0.00 0.00 393 273 1
131695 52.487651824951 -1.889271736145 0.02 0.00 0.00 0.00 393 273 1
131756 52.487651824951 -1.889271736145 -0.38 0.00 0.00 0.00 393 273 1
131898 52.487651824951 -1.889271736145 -1.58 0.00 0.00 0.00 395 273 1
131939 52.487651824951 -1.889271736145 -1.88 0.00 0.00 0.00 395 273 1
132081 52.487651824951 -1.889271736145 3.00 0.00 0.00 0.00 397 273 1
132140 52.487651824951 -1.889271736145 2.60 0.00 0.00 0.00 397 273 1
132283 52.487651824951 -1.889271736145 1.50 0.00 0.00 0.00 393 273 1
132319 52.487651824951 -1.889271736145 1.10 0.00 0.00 0.00 393 273 1
132462 52.487651824951 -1.889271736145 0.20 0.00 0.00 0.00 393 273 1
132500 52.487651824951 -1.889271736145 0.00 0.00 0.00 0.00 393 273 1
132641 52.487651824951 -1.889271736145 -0.90 0.00 0.00 0.00 395 273 1
132684 52.487651824951 -1.889271736145 -1.20 0.00 0.00 0.00 395 273 1
132826 52.487651824951 -1.889271736145 -2.20 0.00 0.00 0.00 395 273 1
132866 52.487651824951 -1.889271736145 -2.20 0.00 0.00 0.00 395 273 1
133009 52.487651824951 -1.889271736145 -3.10 0.00 0.00 0.00 397 273 1
133045 52.487651824951 -1.889271736145 2.88 0.00 0.00 0.00 397 273 1
133191 52.487651824951 -1.889271736145 2.18 0.00 0.00 0.00 391 273 1
133250 52.487651824951 -1.889271736145 1.88 0.00 0.00 0.00 391 273 1
133393 52.487651824951 -1.889271736145 1.18 0.00 0.00 0.00 393 273 1
133428 52.487651824951 -1.889271736145 0.88 0.00 0.00 0.00 393 273 1
133569 52.487651824951 -1.889271736145 0.38 0.00 0.00 0.00 393 273 1
133612 52.487651824951 -1.889271736145 0.18 0.00 0.00 0.00 393 273 1
133753 52.487651824951 -1.889271736145 -0.62 0.00 0.00 0.00 395 273 1
133814 52.487651824951 -1.889271736145 -0.92 0.00 0.00 0.00 395 273 1
133956 52.487651824951 -1.889271736145 -1.52 0.00 0.00 0.00 395 273 1
133997 52.487651824951 -1.889271736145 -1.92 0.00 0.00 0.00 395 273 1
134139 52.487651824951 -1.889271736145 -2.62 0.00 0.00 0.00 397 273 1
134199 52.487651824951 -1.889271736145 -2.92 0.00 0.00 0.00 397 273 1
134341 52.487651824951 -1.889271736145 2.67 0.00 0.00 0.00 397 273 1
134377 52.487651824951 -1.889271736145 2.47 0.00 0.00 0.00 397 273 1
134522 52.487651824951 -1.889271736145 1.97 0.00 0.00 0.00 393 273 1
134558 52.487651824951 -1.889271736145 1.67 0.00 0.00 0.00 393 273 1
134700 52.487651824951 -1.889271736145 1.07 0.00 0.00 0.00 393 273 1
134743 52.487651824951 -1.889271736145 0.77 0.00 0.00 0.00 393 273 1
134884 52.487651824951 -1.889271736145 0.17 0.00 0.00 0.00 393 273 1
134926 52.487651824951 -1.889271736145 0.17 0.00 0.00 0.00 393 273 1
135068 52.487651824951 -1.889271736145 -0.33 0.00 0.00 0.00 395 273 1
135127 52.487651824951 -1.889271736145 -0.53 0.00 0.00 0.00 395 273 1
135269 52.487651824951 -1.889271736145 -1.13 0.00 0.00 0.00 395 273 1
135306 52.487651824951 -1.889271736145 -1.43 0.00 0.00 0.00 395 273 1
135447 52.487651824951 -1.889271736145 -2.03 0.00 0.00 0.00 395 273 1
135490 52.487651824951 -1.889271736145 -2.23 0.00 0.00 0.00 395 273 1
135631 52.487651824951 -1.889271736145 -2.43 0.00 0.00 0.00 397 273 1
135671 52.487651824951 -1.889271736145 -2.53 0.00 0.00 0.00 397 273 1
135813 52.487651824951 -1.889271736145 -3.13 0.00 0.00 0.00 397 273 1
135873 52.487651824951 -1.889271736145 2.85 0.00 0.00 0.00 397 273 1
136016 52.487651824951 -1.889271736145 2.55 0.00 0.00 0.00 393 273 1
136052 52.487651824951 -1.889271736145 2.35 0.00 0.00 0.00 393 273 1
136195 52.487651824951 -1.889271736145 1.85 0.00 0.00 0.00 393 273 1
136237 52.487651824951 -1.889271736145 1.65 0.00 0.00 0.00 393 273 1
136384 52.487651824951 -1.889271736145 1.35 0.00 0.00 0.00 393 273 1
136438 52.487651824951 -1.889271736145 0.95 0.00 0.00 0.00 393 273 1
136583 52.487651824951 -1.889271736145 0.65 0.00 0.00 0.00 393 273 1
136640 52.487651824951 -1.889271736145 0.45 0.00 0.00 0.00 393 273 1
136781 52.487651824951 -1.889271736145 0.15 0.00 0.00 0.00 395 273 1
136821 52.487651824951 -1.889271736145 0.05 0.00 0.00 0.00 395 273 1
136965 52.487651824951 -1.889271736145 -0.45 0.00 0.00 0.00 395 273 1
137001 52.487651824951 -1.889271736145 -0.45 0.00 0.00 0.00 395 273 1
137144 52.487651824951 -1.889271736145 -0.85 0.00 0.00 0.00 395 273 1
137206 52.487651824951 -1.889271736145 -1.05 0.00 0.00 0.00 395 273 1
137349 52.487651824951 -1.889271736145 -1.55 0.00 0.00 0.00 395 273 1
137383 52.487651824951 -1.889271736145 -1.55 0.00 0.00 0.00 395 273 1
137526 52.487651824951 -1.889271736145 -1.75 0.00 0.00 0.00 395 273 1
137569 52.487651824951 -1.889271736145 -1.85 0.00 0.00 0.00 395 273 1
137710 52.487651824951 -1.889271736145 -2.05 0.00 0.00 0.00 397 273 1
137750 52.487651824951 -1.889271736145 -2.05 0.00 0.00 0.00 397 273 1
137894 52.487651824951 -1.889271736145 -2.05 0.00 0.00 0.00 397 273 1
137952 52.487651824951 -1.889271736145 -2.05 0.00 0.00 0.00 397 273 1
138095 52.487651824951 -1.889271736145 -2.05 0.00 0.00 0.00 397 273 1
138155 52.487651824951 -1.889271736145 -2.05 0.00 0.00 0.00 397 273 1
138297 52.487651824951 -1.889271736145 -2.05 0.00 0.00 0.00 397 273 1
138333 52.487651824951 -1.889271736145 -2.05 0.00 0.00 0.00 397 273 1
138476 52.487651824951 -1.889271736145 -2.05 0.00 0.00 0.00 397 273 1
138517 52.487651824951 -1.889271736145 -2.05 0.00 0.00 0.00 397 273 1
138662 52.487651824951 -1.889271736145 -2.05 0.00 0.00 0.00 397 273 1
138719 52.487651824951 -1.889271736145 -2.05 0.00 0.00 0.00 397 273 1
138860 52.487651824951 -1.889271736145 -2.05 0.00 0.00 0.00 397 273 1
138901 52.487651824951 -1.889271736145 -2.05 0.00 0.00 0.00 397 273 1
139044 52.487651824951 -1.889271736145 -2.05 0.00 0.00 0.00 397 273 1
139103 52.487651824951 -1.889271736145 -2.05 0.00 0.00 0.00 397 273 1
139246 52.487651824951 -1.889271736145 -2.05 0.00 0.00 0.00 397 273 1
139304 52.487651824951 -1.889271736145 -2.05 0.00 0.00 0.00 397 273 1
139447 52.487651824951 -1.889271736145 -2.05 0.00 0.00 0.00 397 273 1
139483 52.487651824951 -1.889271736145 -2.05 0.00 0.00 0.00 397 273 1
139625 52.487651824951 -1.889271736145 -2.05 0.00 0.00 0.00 397 273 1
139668 52.487651824951 -1.889271736145 -2.05 0.00 0.00 0.00 397 273 1
139809 52.487651824951 -1.889271736145 -2.05 0.00 0.00 0.00 397 273 1
139849 52.487651824951 -1.889271736145 -2.05 0.00 0.00 0.00 397 273 1
139996 52.487651824951 -1.889271736145 -2.05 0.00 0.00 0.00 397 273 1
140052 52.487651824951 -1.889271736145 -2.05 0.00 0.00 0.00 397 273 1
140194 52.487651824951 -1.889271736145 -2.05 0.00 0.00 0.00 397 273 1
140230 52.487651824951 -1.889271736145 -2.05 0.00 0.00 0.00 397 273 1
140374 52.487651824951 -1.889271736145 -2.05 0.00 0.00 0.00 397 273 1
140414 52.487651824951 -1.889271736145 -2.05 0.00 0.00 0.00 397 273 1
140556 52.487651824951 -1.889271736145 -2.05 0.00 0.00 0.00 397 273 1
140616 52.487651824951 -1.889271736145 -2.05 0.00 0.00 0.00 397 273 1
140758 52.487651824951 -1.889271736145 -2.05 0.00 0.00 0.00 397 273 1
140797 52.487651824951 -1.889271736145 -2.05 0.00 0.00 0.00 397 273 1
140940 52.487651824951 -1.889271736145 -2.05 0.00 0.00 0.00 397 273 1
140981 52.487651824951 -1.889271736145 -2.05 0.00 0.00 0.00 397 273 1
141123 52.487651824951 -1.889271736145 -2.05 0.00 0.00 0.00 397 273 1
141182 52.487651824951 -1.889271736145 -2.05 0.00 0.00 0.00 397 273 1
141328 52.487651824951 -1.889271736145 -2.05 0.00 0.00 0.00 397 273 1
141383 52.487651824951 -1.889271736145 -2.05 0.00 0.00 0.00 397 273 1
141524 52.487651824951 -1.889271736145 -2.05 0.00 0.00 0.00 397 273 1
141564 52.487651824951 -1.889271736145 -2.05 0.00 0.00 0.00 397 273 1
141707 52.487651824951 -1.889271736145 -2.05 0.00 0.00 0.00 397 273 1
141747 52.487651824951 -1.889271736145 -2.05 0.00 0.00 0.00 397 273 1
141888 52.487651824951 -1.889271736145 -2.05 0.00 0.00 0.00 397 273 1
141929 52.487651824951 -1.889271736145 -2.05 0.00 0.00 0.00 397 273 1
142075 52.487651824951 -1.889271736145 -2.05 0.00 0.00 0.00 397 273 1
142131 52.487651824951 -1.889271736145 -2.05 0.00 0.00 0.00 397 273 1
142273 52.487651824951 -1.889271736145 -2.05 0.00 0.00 0.00 397 273 1
142309 52.487651824951 -1.889271736145 -2.05 0.00 0.00 0.00 397 273 1
142451 52.487651824951 -1.889271736145 -2.05 0.00 0.00 0.00 397 273 1
142493 52.487651824951 -1.889271736145 -2.05 0.00 0.00 0.00 397 273 1
142635 52.487651824951 -1.889271736145 -2.05 0.00 0.00 0.00 397 273 1
142695 52.487651824951 -1.889271736145 -2.05 0.00 0.00 0.00 397 273 1
142837 52.487651824951 -1.889271736145 -2.05 0.00 0.00 0.00 397 273 1
142877 52.487651824951 -1.889271736145 -2.05 0.00 0.00 0.00 397 273 1
143020 52.487651824951 -1.889271736145 -2.05 0.00 0.00 0.00 397 273 1
143056 52.487651824951 -1.889271736145 -2.05 0.00 0.00 0.00 397 273 1
143199 52.487651824951 -1.889271736145 -2.05 0.00 0.00 0.00 397 273 1
143241 52.487651824951 -1.889271736145 -2.05 0.00 0.00 0.00 397 273 1
143386 52.487651824951 -1.889271736145 -2.05 0.00 0.00 0.00 397 273 1
143441 52.487651824951 -1.889271736145 -2.05 0.00 0.00 0.00 397 273 1
143584 52.487651824951 -1.889271736145 -2.05 0.00 0.00 0.00 397 273 1
143624 52.487651824951 -1.889271736145 -2.05 0.00 0.00 0.00 397 273 1
143765 52.487651824951 -1.889271736145 -2.05 0.00 0.00 0.00 397 273 1
143805 52.487651824951 -1.889271736145 -2.05 0.00 0.00 0.00 397 273 1
143948 52.487651824951 -1.889271736145 -2.05 0.00 0.00 0.00 397 273 1
144008 52.487651824951 -1.889271736145 -2.05 0.00 0.00 0.00 397 273 1
144151 52.487651824951 -1.889271736145 -2.05 0.00 0.00 0.00 397 273 1
144209 52.487651824951 -1.889271736145 -2.05 0.00 0.00 0.00 397 273 1
144353 52.487651824951 -1.889271736145 -2.05 0.00 0.00 0.00 397 273 1
144388 52.487651824951 -1.889271736145 -2.05 0.00 0.00 0.00 397 273 1
144529 52.487651824951 -1.889271736145 -2.05 0.00 0.00 0.00 397 273 1
144572 52.487651824951 -1.889271736145 -2.05 0.00 0.00 0.00 397 273 1
144713 52.487651824951 -1.889271736145 -2.05 0.00 0.00 0.00 397 273 1
144774 52.487651824951 -1.889271736145 -2.05 0.00 0.00 0.00 397 273 1
144916 52.487651824951 -1.889271736145 -2.05 0.00 0.00 0.00 397 273 1
144957 52.487651824951 -1.889271736145 -2.05 0.00 0.00 0.00 397 273 1
145099 52.487651824951 -1.889271736145 -2.05 0.00 0.00 0.00 397 273 1
145135 52.487651824951 -1.889271736145 -2.05 0.00 0.00 0.00 397 273 1
145277 52.487651824951 -1.889271736145 -2.05 0.00 0.00 0.00 397 273 1
145319 52.487651824951 -1.889271736145 -2.05 0.00 0.00 0.00 397 273 1
145466 52.487651824951 -1.889271736145 -2.05 0.00 0.00 0.00 397 273 1
145521 52.487651824951 -1.889271736145 -2.05 0.00 0.00 0.00 397 273 1
145662 52.487651824951 -1.889271736145 -2.05 0.00 0.00 0.00 397 273 1
145702 52.487651824951 -1.889271736145 -2.05 0.00 0.00 0.00 397 273 1
145844 52.487651824951 -1.889271736145 -2.05 0.00 0.00 0.00 397 273 1
145885 52.487651824951 -1.889271736145 -2.05 0.00 0.00 0.00 397 273 1
146027 52.487651824951 -1.889271736145 -2.05 0.00 0.00 0.00 397 273 1
146086 52.487651824951 -1.889271736145 -2.05 0.00 0.00 0.00 397 273 1
146230 52.487651824951 -1.889271736145 -2.05 0.00 0.00 0.00 397 273 1
146289 52.487651824951 -1.889271736145 -2.05 0.00 0.00 0.00 397 273 1
146432 52.487651824951 -1.889271736145 -2.05 0.00 0.00 0.00 397 273 1
146490 52.487651824951 -1.889271736145 -2.05 0.00 0.00 0.00 397 273 1
146631 52.487651824951 -1.889271736145 -2.05 0.00 0.00 0.00 397 273 1
146671 52.487651824951 -1.889271736145 -2.05 0.00 0.00 0.00 397 273 1
146816 52.487651824951 -1.889271736145 -2.05 0.00 0.00 0.00 397 273 1
146873 52.487651824951 -1.889271736145 -2.05 0.00 0.00 0.00 397 273 1
147016 52.487651824951 -1.889271736145 -2.05 0.00 0.00 0.00 397 273 1
147053 52.487651824951 -1.889271736145 -2.05 0.00 0.00 0.00 397 273 1
147195 52.487651824951 -1.889271736145 -2.05 0.00 0.00 0.00 397 273 1
147237 52.487651824951 -1.889271736145 -2.05 0.00 0.00 0.00 397 273 1
147380 52.487651824951 -1.889271736145 -2.05 0.00 0.00 0.00 397 273 1
147438 52.487651824951 -1.889271736145 -2.05 0.00 0.00 0.00 397 273 1
147579 52.487651824951 -1.889271736145 -2.05 0.00 0.00 0.00 397 273 1
147620 52.487651824951 -1.889271736145 -2.05 0.00 0.00 0.00 397 273 1
147762 52.487651824951 -1.889271736145 -2.05 0.00 0.00 0.00 397 273 1
147802 52.487651824951 -1.889271736145 -2.05 0.00 0.00 0.00 397 273 1
147945 52.487651824951 -1.889271736145 -2.05 0.00 0.00 0.00 397 273 1
147981 52.487651824951 -1.889271736145 -2.05 0.00 0.00 0.00 397 273 1
148124 52.487651824951 -1.889271736145 -2.05 0.00 0.00 0.00 397 273 1
148186 52.487651824951 -1.889271736145 -2.05 0.00 0.00 0.00 397 273 1
148329 52.487651824951 -1.889271736145 -2.05 0.00 0.00 0.00 397 273 1
148386 52.487651824951 -1.889271736145 -2.05 0.00 0.00 0.00 397 273 1
148529 52.487651824951 -1.889271736145 -2.05 0.00 0.00 0.00 397 273 1
148569 52.487651824951 -1.889271736145 -2.05 0.00 0.00 0.00 397 273 1
148710 52.487651824951 -1.889271736145 -2.05 0.00 0.00 0.00 397 273 1
148750 52.487651824951 -1.889271736145 -2.05 0.00 0.00 0.00 397 273 1
148896 52.487651824951 -1.889271736145 -2.05 0.00 0.00 0.00 397 273 1
148954 52.487651824951 -1.889271736145 -2.05 0.00 0.00 0.00 397 273 1
149096 52.487651824951 -1.889271736145 -2.05 0.00 0.00 0.00 397 273 1
149154 52.487651824951 -1.889271736145 -2.05 0.00 0.00 0.00 397 273 1
149298 52.487651824951 -1.889271736145 -2.05 0.00 0.00 0.00 397 273 1
149332 52.487651824951 -1.889271736145 -2.05 0.00 0.00 0.00 397 273 1
149475 52.487651824951 -1.889271736145 -2.05 0.00 0.00 0.00 397 273 1
149517 52.487651824951 -1.889271736145 -2.05 0.00 0.00 0.00 397 273 1
149659 52.487651824951 -1.889271736145 -2.05 0.00 0.00 0.00 397 273 1
149699 52.487651824951 -1.889271736145 -2.05 0.00 0.00 0.00 397 273 1
149840 52.487651824951 -1.889271736145 -2.05 0.00 0.00 0.00 397 273 1
149880 52.487651824951 -1.889271736145 -2.05 0.00 0.00 0.00 397 273 1
150024 52.487651824951 -1.889271736145 -2.05 0.00 0.00 0.00 397 273 1
150060 52.487651824951 -1.889271736145 -2.05 0.00 0.00 0.00 397 273 1
150205 52.487651824951 -1.889271736145 -2.05 0.00 0.00 0.00 397 273 1
150242 52.487651824951 -1.889271736145 -2.05 0.00 0.00 0.00 397 273 1
150384 52.487651824951 -1.889271736145 -2.05 0.00 0.00 0.00 397 273 1
150425 52.487651824951 -1.889271736145 -2.05 0.00 0.00 0.00 397 273 1
150566 52.487651824951 -1.889271736145 -2.05 0.00 0.00 0.00 397 273 1
150607 52.487651824951 -1.889271736145 -2.05 0.00 0.00 0.00 397 273 1
150749 52.487651824951 -1.889271736145 -2.05 0.00 0.00 0.00 397 273 1
150809 52.487651824951 -1.889271736145 -2.05 0.00 0.00 0.00 397 273 1
150952 52.487651824951 -1.889271736145 -2.05 0.00 0.00 0.00 397 273 1
151012 52.487651824951 -1.889271736145 -2.05 0.00 0.00 0.00 397 273 1
151154 52.487651824951 -1.889271736145 -2.05 0.00 0.00 0.00 397 273 1
151190 52.487651824951 -1.889271736145 -2.05 0.00 0.00 0.00 397 273 1
151332 52.487651824951 -1.889271736145 -2.05 0.00 0.00 0.00 397 273 1
151374 52.487651824951 -1.889271736145 -2.05 0.00 0.00 0.00 397 273 1
151516 52.487651824951 -1.889271736145 -2.05 0.00 0.00 0.00 397 273 1
151576 52.487651824951 -1.889271736145 -2.05 0.00 0.00 0.00 397 273 1
151717 52.487651824951 -1.889271736145 -2.05 0.00 0.00 0.00 397 273 1
151757 52.487651824951 -1.889271736145 -2.05 0.00 0.00 0.00 397 273 1
151900 52.487651824951 -1.889271736145 -2.05 0.00 0.00 0.00 397 273 1
151941 52.487651824951 -1.889271736145 -2.05 0.00 0.00 0.00 397 273 1
152083 52.487651824951 -1.889271736145 -2.05 0.00 0.00 0.00 397 273 1
152141 52.487651824951 -1.889271736145 -2.05 0.00 0.00 0.00 397 273 1
152288 52.487651824951 -1.889271736145 -2.05 0.00 0.00 0.00 397 273 1
152343 52.487651824951 -1.889271736145 -2.05 0.00 0.00 0.00 397 273 1
152484 52.487651824951 -1.889271736145 -2.05 0.00 0.00 0.00 397 273 1
152524 52.487651824951 -1.889271736145 -2.05 0.00 0.00 0.00 397 273 1
152666 52.487651824951 -1.889271736145 -2.05 0.00 0.00 0.00 397 273 1
152707 52.487651824951 -1.889271736145 -2.05 0.00 0.00 0.00 397 273 1
152848 52.487651824951 -1.889271736145 -2.05 0.00 0.00 0.00 397 273 1
152909 52.487651824951 -1.889271736145 -2.05 0.00 0.00 0.00 397 273 1
153052 52.487651824951 -1.889271736145 -2.05 0.00 0.00 0.00 397 273 1
153111 52.487651824951 -1.889271736145 -2.05 0.00 0.00 0.00 397 273 1
153253 52.487651824951 -1.889271736145 -2.05 0.00 0.00 0.00 397 273 1
153289 52.487651824951 -1.889271736145 -2.05 0.00 0.00 0.00 397 273 1
153431 52.487651824951 -1.889271736145 -2.05 0.00 0.00 0.00 397 273 1
153474 52.487651824951 -1.889271736145 -2.05 0.00 0.00 0.00 397 273 1
153617 52.487651824951 -1.889271736145 -2.05 0.00 0.00 0.00 397 273 1
153675 52.487651824951 -1.889271736145 -2.05 0.00 0.00 0.00 397 273 1
153817 52.487651824951 -1.889271736145 -2.05 0.00 0.00 0.00 397 273 1
153857 52.487651824951 -1.889271736145 -2.05 0.00 0.00 0.00 397 273 1
154000 52.487651824951 -1.889271736145 -2.05 0.00 0.00 0.00 397 273 1
154036 52.487651824951 -1.889271736145 -2.05 0.00 0.00 0.00 397 273 1
154179 52.487651824951 -1.889271736145 -2.05 0.00 0.00 0.00 397 273 1
154220 52.487651824951 -1.889271736145 -2.05 0.00 0.00 0.00 397 273 1
154363 52.487651824951 -1.889271736145 -2.05 0.00 0.00 0.00 397 273 1
154399 52.487651824951 -1.889271736145 -2.05 0.00 0.00 0.00 397 273 1
154541 52.487651824951 -1.889271736145 -2.05 0.00 0.00 0.00 397 273 1
154584 52.487651824951 -1.889271736145 -2.05 0.00 0.00 0.00 397 273 1
154725 52.487651824951 -1.889271736145 -2.05 0.00 0.00 0.00 397 273 1
154765 52.487651824951 -1.889271736145 -2.05 0.00 0.00 0.00 397 273 1
154906 52.487651824951 -1.889271736145 -2.05 0.00 0.00 0.00 397 273 1
154968 52.487651824951 -1.889271736145 -2.05 0.00 0.00 0.00 397 273 1
155111 52.487651824951 -1.889271736145 -2.05 0.00 0.00 0.00 397 273 1
155169 52.487651824951 -1.889271736145 -2.05 0.00 0.00 0.00 397 273 1
155312 52.487651824951 -1.889271736145 -2.05 0.00 0.00 0.00 397 273 1
155347 52.487651824951 -1.889271736145 -2.05 0.00 0.00 0.00 397 273 1
155490 52.487651824951 -1.889271736145 -2.05 0.00 0.00 0.00 397 273 1
155532 52.487651824951 -1.889271736145 -2.05 0.00 0.00 0.00 397 273 1
155676 52.487651824951 -1.889271736145 -2.05 0.00 0.00 0.00 397 273 1
155734 52.487651824951 -1.889271736145 -2.05 0.00 0.00 0.00 397 273 1
155875 52.487651824951 -1.889271736145 -2.05 0.00 0.00 0.00 397 273 1
155917 52.487651824951 -1.889271736145 -2.05 0.00 0.00 0.00 397 273 1
156059 52.487651824951 -1.889271736145 -2.05 0.00 0.00 0.00 397 273 1
156118 52.487651824951 -1.889271736145 -2.05 0.00 0.00 0.00 397 273 1
156261 52.487651824951 -1.889271736145 -2.05 0.00 0.00 0.00 397 273 1
156319 52.487651824951 -1.889271736145 -2.05 0.00 0.00 0.00 397 273 1
156461 52.487651824951 -1.889271736145 -2.05 0.00 0.00 0.00 397 273 1
156498 52.487651824951 -1.889271736145 -2.05 0.00 0.00 0.00 397 273 1
156640 52.487651824951 -1.889271736145 -2.05 0.00 0.00 0.00 397 273 1
156683 52.487651824951 -1.889271736145 -2.05 0.00 0.00 0.00 397 273 1
156824 52.487651824951 -1.889271736145 -2.05 0.00 0.00 0.00 397 273 1
156864 52.487651824951 -1.889271736145 -2.05 0.00 0.00 0.00 397 273 1
157009 52.487651824951 -1.889271736145 -2.05 0.00 0.00 0.00 397 273 1
157067 52.487651824951 -1.889271736145 -2.05 0.00 0.00 0.00 397 273 1
157209 52.487651824951 -1.889271736145 -2.05 0.00 0.00 0.00 397 273 1
157245 52.487651824951 -1.889271736145 -2.05 0.00 0.00 0.00 397 273 1
157388 52.487651824951 -1.889271736145 -2.05 0.00 0.00 0.00 397 273 1
157429 52.487651824951 -1.889271736145 -2.05 0.00 0.00 0.00 397 273 1
157571 52.487651824951 -1.889271736145 -2.05 0.00 0.00 0.00 397 273 1
157611 52.487651824951 -1.889271736145 -2.05 0.00 0.00 0.00 397 273 1
157756 52.487651824951 -1.889271736145 -2.05 0.00 0.00 0.00 397 273 1
157812 52.487651824951 -1.889271736145 -2.05 0.00 0.00 0.00 397 273 1
157956 52.487651824951 -1.889271736145 -2.05 0.00 0.00 0.00 397 273 1
157992 52.487651824951 -1.889271736145 -2.05 0.00 0.00 0.00 397 273 1
158135 52.487651824951 -1.889271736145 -2.05 0.00 0.00 0.00 397 273 1
158177 52.487651824951 -1.889271736145 -2.05 0.00 0.00 0.00 397 273 1
158319 52.487651824951 -1.889271736145 -2.05 0.00 0.00 0.00 397 273 1
158377 52.487651824951 -1.889271736145 -2.05 0.00 0.00 0.00 397 273 1
158519 52.487651824951 -1.889271736145 -2.05 0.00 0.00 0.00 397 273 1
158560 52.487651824951 -1.889271736145 -2.05 0.00 0.00 0.00 397 273 1
158701 52.487651824951 -1.889271736145 -2.05 0.00 0.00 0.00 397 273 1
158741 52.487651824951 -1.889271736145 -2.05 0.00 0.00 0.00 397 273 1
158882 52.487651824951 -1.889271736145 -2.05 0.00 0.00 0.00 397 273 1
158923 52.487651824951 -1.889271736145 -2.05 0.00 0.00 0.00 397 273 1
159070 52.487651824951 -1.889271736145 -2.05 0.00 0.00 0.00 397 273 1
159125 52.487651824951 -1.889271736145 -2.05 0.00 0.00 0.00 397 273 1
159269 52.487651824951 -1.889271736145 -2.05 0.00 0.00 0.00 397 273 1
159328 52.487651824951 -1.889271736145 -2.05 0.00 0.00 0.00 397 273 1
159470 52.487651824951 -1.889271736145 -2.05 0.00 0.00 0.00 397 273 1
159505 52.487651824951 -1.889271736145 -2.05 0.00 0.00 0.00 397 273 1
159647 52.487651824951 -1.889271736145 -2.05 0.00 0.00 0.00 397 273 1
159689 52.487651824951 -1.889271736145 -2.05 0.00 0.00 0.00 397 273 1
159832 52.487651824951 -1.889271736145 -2.05 0.00 0.00 0.00 397 273 1
159872 52.487651824951 -1.889271736145 -2.05 0.00 0.00 0.00 397 273 1
160015 52.487651824951 -1.889271736145 -2.05 0.00 0.00 0.00 397 273 1
160051 52.487651824951 -1.889271736145 -2.05 0.00 0.00 0.00 397 273 1
160193 52.487651824951 -1.889271736145 -2.05 0.00 0.00 0.00 397 273 1
160235 52.487651824951 -1.889271736145 -2.05 0.00 0.00 0.00 397 273 1
160380 52.487651824951 -1.889271736145 -2.05 0.00 0.00 0.00 397 273 1
160437 52.487651824951 -1.889271736145 -2.05 0.00 0.00 0.00 397 273 1
160578 52.487651824951 -1.889271736145 -2.05 0.00 0.00 0.00 397 273 1
160618 52.487651824951 -1.889271736145 -2.05 0.00 0.00 0.00 397 273 1
160759 52.487651824951 -1.889271736145 -2.05 0.00 0.00 0.00 397 273 1
160800 52.487651824951 -1.889271736145 -2.05 0.00 0.00 0.00 397 273 1
160943 52.487651824951 -1.889271736145 -2.05 0.00 0.00 0.00 397 273 1
160979 52.487651824951 -1.889271736145 -2.05 0.00 0.00 0.00 397 273 1
161126 52.487651824951 -1.889271736145 -2.05 0.00 0.00 0.00 397 273 1
161184 52.487651824951 -1.889271736145 -2.05 0.00 0.00 0.00 397 273 1
161327 52.487651824951 -1.889271736145 -2.05 0.00 0.00 0.00 397 273 1
161362 52.487651824951 -1.889271736145 -2.05 0.00 0.00 0.00 397 273 1
161504 52.487651824951 -1.889271736145 -2.05 0.00 0.00 0.00 397 273 1
161547 52.487651824951 -1.889271736145 -2.05 0.00 0.00 0.00 397 273 1
161688 52.487651824951 -1.889271736145 -2.05 0.00 0.00 0.00 397 273 1
161748 52.487651824951 -1.889271736145 -2.05 0.00 0.00 0.00 397 273 1
161890 52.487651824951 -1.889271736145 -2.05 0.00 0.00 0.00 397 273 1
161931 52.487651824951 -1.889271736145 -2.05 0.00 0.00 0.00 397 273 1
162074 52.487651824951 -1.889271736145 -2.05 0.00 0.00 0.00 397 273 1
162132 52.487651824951 -1.889271736145 -2.05 0.00 0.00 0.00 397 273 1
162275 52.487651824951 -1.889271736145 -2.05 0.00 0.00 0.00 397 273 1
162312 52.487651824951 -1.889271736145 -2.05 0.00 0.00 0.00 397 273 1
162456 52.487651824951 -1.889271736145 -2.05 0.00 0.00 0.00 397 273 1
162493 52.487651824951 -1.889271736145 -2.05 0.00 0.00 0.00 397 273 1
162634 52.487651824951 -1.889271736145 -2.05 0.00 0.00 0.00 397 273 1
162677 52.487651824951 -1.889271736145 -2.05 0.00 0.00 0.00 397 273 1
162819 52.487651824951 -1.889271736145 -2.05 0.00 0.00 0.00 397 273 1
162859 52.487651824951 -1.889271736145 -2.05 0.00 0.00 0.00 397 273 1
163002 52.487651824951 -1.889271736145 -2.05 0.00 0.00 0.00 397 273 1
163061 52.487651824951 -1.889271736145 -2.05 0.00 0.00 0.00 397 273 1
163204 52.487651824951 -1.889271736145 -2.05 0.00 0.00 0.00 397 273 1
163239 52.487651824951 -1.889271736145 -2.05 0.00 0.00 0.00 397 273 1
163383 52.487651824951 -1.889271736145 -2.05 0.00 0.00 0.00 397 273 1
163424 52.487651824951 -1.889271736145 -2.05 0.00 0.00 0.00 397 273 1
163565 52.487651824951 -1.889271736145 -2.05 0.00 0.00 0.00 397 273 1
163605 52.487651824951 -1.889271736145 -2.05 0.00 0.00 0.00 397 273 1
163749 52.487651824951 -1.889271736145 -2.05 0.00 0.00 0.00 397 273 1
163807 52.487651824951 -1.889271736145 -2.05 0.00 0.00 0.00 397 273 1
163949 52.487651824951 -1.889271736145 -2.05 0.00 0.00 0.00 397 273 1
163990 52.487651824951 -1.889271736145 -2.05 0.00 0.00 0.00 397 273 1
164132 52.487651824951 -1.889271736145 -2.05 0.00 0.00 0.00 397 273 1
164192 52.487651824951 -1.889271736145 -2.05 0.00 0.00 0.00 397 273 1
164334 52.487651824951 -1.889271736145 -2.05 0.00 0.00 0.00 397 273 1
164370 52.487651824951 -1.889271736145 -2.05 0.00 0.00 0.00 397 273 1
164514 52.487651824951 -1.889271736145 -2.05 0.00 0.00 0.00 397 273 1
164551 52.487651824951 -1.889271736145 -2.05 0.00 0.00 0.00 397 273 1
164694 52.487651824951 -1.889271736145 -2.05 0.00 0.00 0.00 397 273 1
164736 52.487651824951 -1.889271736145 -2.05 0.00 0.00 0.00 397 273 1
164878 52.487651824951 -1.889271736145 -2.05 0.00 0.00 0.00 397 273 1
164919 52.487651824951 -1.889271736145 -2.05 0.00 0.00 0.00 397 273 1
165061 52.487651824951 -1.889271736145 -2.05 0.00 0.00 0.00 397 273 1
165120 52.487651824951 -1.889271736145 -2.05 0.00 0.00 0.00 397 273 1
165263 52.487651824951 -1.889271736145 -2.05 0.00 0.00 0.00 397 273 1
165299 52.487651824951 -1.889271736145 -2.05 0.00 0.00 0.00 397 273 1
165440 52.487651824951 -1.889271736145 -2.05 0.00 0.00 0.00 397 273 1
165482 52.487651824951 -1.889271736145 -2.05 0.00 0.00 0.00 397 273 1
165624 52.487651824951 -1.889271736145 -2.05 0.00 0.00 0.00 397 273 1
165664 52.487651824951 -1.889271736145 -2.05 0.00 0.00 0.00 397 273 1
165809 52.487651824951 -1.889271736145 -2.05 0.00 0.00 0.00 397 273 1
165866 52.487651824951 -1.889271736145 -2.05 0.00 0.00 0.00 397 273 1
166009 52.487651824951 -1.889271736145 -2.05 0.00 0.00 0.00 397 273 1
166045 52.487651824951 -1.889271736145 -2.05 0.00 0.00 0.00 397 273 1
166189 52.487651824951 -1.889271736145 -2.05 0.00 0.00 0.00 397 273 1
166230 52.487651824951 -1.889271736145 -2.05 0.00 0.00 0.00 397 273 1
166373 52.487651824951 -1.889271736145 -2.05 0.00 0.00 0.00 397 273 1
166431 52.487651824951 -1.889271736145 -2.05 0.00 0.00 0.00 397 273 1
166573 52.487651824951 -1.889271736145 -2.05 0.00 0.00 0.00 397 273 1
166612 52.487651824951 -1.889271736145 -2.05 0.00 0.00 0.00 397 273 1
166754 52.487651824951 -1.889271736145 -2.05 0.00 0.00 0.00 397 273 1
166795 52.487651824951 -1.889271736145 -2.05 0.00 0.00 0.00 397 273 1
166937 52.487651824951 -1.889271736145 -2.05 0.00 0.00 0.00 397 273 1
166974 52.487651824951 -1.889271736145 -2.05 0.00 0.00 0.00 397 273 1
167128 52.487651824951 -1.889271736145 -2.05 0.00 0.00 0.00 397 273 1
167179 52.487651824951 -1.889271736145 -2.05 0.00 0.00 0.00 397 273 1
167322 52.487651824951 -1.889271736145 -2.05 0.00 0.00 0.00 397 273 1
167379 52.487651824951 -1.889271736145 -2.05 0.00 0.00 0.00 397 273 1
167521 52.487651824951 -1.889271736145 -2.05 0.00 0.00 0.00 397 273 1
167562 52.487651824951 -1.889271736145 -2.05 0.00 0.00 0.00 397 273 1
167703 52.487651824951 -1.889271736145 -2.05 0.00 0.00 0.00 397 273 1
167743 52.487651824951 -1.889271736145 -2.05 0.00 0.00 0.00 397 273 1
167888 52.487651824951 -1.889271736145 -2.05 0.00 0.00 0.00 397 273 1
167946 52.487651824951 -1.889271736145 -2.05 0.00 0.00 0.00 397 273 1
168089 52.487651824951 -1.889271736145 -2.05 0.00 0.00 0.00 397 273 1
168147 52.487651824951 -1.889271736145 -2.05 0.00 0.00 0.00 397 273 1
168290 52.487651824951 -1.889271736145 -2.05 0.00 0.00 0.00 397 273 1
168326 52.487651824951 -1.889271736145 -2.05 0.00 0.00 0.00 397 273 1
168468 52.487651824951 -1.889271736145 -2.05 0.00 0.00 0.00 397 273 1
168510 52.487651824951 -1.889271736145 -2.05 0.00 0.00 0.00 397 273 1
168651 52.487651824951 -1.889271736145 -2.05 0.00 0.00 0.00 397 273 1
168691 52.487651824951 -1.889271736145 -2.05 0.00 0.00 0.00 397 273 1
168834 52.487651824951 -1.889271736145 -2.05 0.00 0.00 0.00 397 273 1
168873 52.487651824951 -1.889271736145 -2.05 0.00 0.00 0.00 397 273 1
169017 52.487651824951 -1.889271736145 -2.05 0.00 0.00 0.00 397 273 1
169076 52.487651824951 -1.889271736145 -2.05 0.00 0.00 0.00 397 273 1
169222 52.487651824951 -1.889271736145 -2.05 0.00 0.00 0.00 397 273 1
169278 52.487651824951 -1.889271736145 -2.05 0.00 0.00 0.00 397 273 1
169420 52.487651824951 -1.889271736145 -2.05 0.00 0.00 0.00 397 273 1
169456 52.487651824951 -1.889271736145 -2.05 0.00 0.00 0.00 397 273 1
169597 52.487651824951 -1.889271736145 -2.05 0.00 0.00 0.00 397 273 1
169640 52.487651824951 -1.889271736145 -2.05 0.00 0.00 0.00 397 273 1
169782 52.487651824951 -1.889271736145 -2.05 0.00 0.00 0.00 397 273 1
169842 52.487651824951 -1.889271736145 -2.05 0.00 0.00 0.00 397 273 1
169986 52.487651824951 -1.889271736145 -2.05 0.00 0.00 0.00 397 273 1
170045 52.487651824951 -1.889271736145 -2.05 0.00 0.00 0.00 397 273 1
170187 52.487651824951 -1.889271736145 -2.05 0.00 0.00 0.00 397 273 1
170247 52.487651824951 -1.889271736145 -2.05 0.00 0.00 0.00 397 273 1
170390 52.487651824951 -1.889271736145 -2.05 0.00 0.00 0.00 397 273 1
170447 52.487651824951 -1.889271736145 -2.05 0.00 0.00 0.00 397 273 1
170589 52.487651824951 -1.889271736145 -2.05 0.00 0.00 0.00 397 273 1
170649 52.487651824951 -1.889271736145 -2.05 0.00 0.00 0.00 397 273 1
170791 52.487651824951 -1.889271736145 -2.05 0.00 0.00 0.00 397 273 1
170831 52.487651824951 -1.889271736145 -2.05 0.00 0.00 0.00 397 273 1
170975 52.487651824951 -1.889271736145 -2.05 0.00 0.00 0.00 397 273 1
171011 52.487651824951 -1.889271736145 -2.05 0.00 0.00 0.00 397 273 1
171153 52.487651824951 -1.889271736145 -2.05 0.00 0.00 0.00 397 273 1
171195 52.487651824951 -1.889271736145 -2.05 0.00 0.00 0.00 397 273 1
171341 52.487651824951 -1.889271736145 -2.05 0.00 0.00 0.00 397 273 1
171397 52.487651824951 -1.889271736145 -2.05 0.00 0.00 0.00 397 273 1
171538 52.487651824951 -1.889271736145 -2.05 0.00 0.00 0.00 397 273 1
171578 52.487651824951 -1.889271736145 -2.05 0.00 0.00 0.00 397 273 1
171719 52.487651824951 -1.889271736145 -2.05 0.00 0.00 0.00 397 273 1
171759 52.487651824951 -1.889271736145 -2.05 0.00 0.00 0.00 397 273 1
171901 52.487651824951 -1.889271736145 -2.05 0.00 0.00 0.00 397 273 1
171963 52.487651824951 -1.889271736145 -2.05 0.00 0.00 0.00 397 273 1
172105 52.487651824951 -1.889271736145 -2.05 0.00 0.00 0.00 397 273 1
172165 52.487651824951 -1.889271736145 -2.05 0.00 0.00 0.00 397 273 1
172307 52.487651824951 -1.889271736145 -2.05 0.00 0.00 0.00 397 273 1
172343 52.487651824951 -1.889271736145 -2.05 0.00 0.00 0.00 397 273 1
172484 52.487651824951 -1.889271736145 -2.05 0.00 0.00 0.00 397 273 1
172526 52.487651824951 -1.889271736145 -2.05 0.00 0.00 0.00 397 273 1
172670 52.487651824951 -1.889271736145 -2.05 0.00 0.00 0.00 397 273 1
172729 52.487651824951 -1.889271736145 -2.05 0.00 0.00 0.00 397 273 1
172870 52.487651824951 -1.889271736145 -2.05 0.00 0.00 0.00 397 273 1
172911 52.487651824951 -1.889271736145 -2.05 0.00 0.00 0.00 397 273 1
173054 52.487651824951 -1.889271736145 -2.05 0.00 0.00 0.00 397 273 1
173113 52.487651824951 -1.889271736145 -2.05 0.00 0.00 0.00 397 273 1
173255 52.487651824951 -1.889271736145 -2.05 0.00 0.00 0.00 397 273 1
173315 52.487651824951 -1.889271736145 -2.05 0.00 0.00 0.00 397 273 1
173456 52.487651824951 -1.889271736145 -2.05 0.00 0.00 0.00 397 273 1
173493 52.487651824951 -1.889271736145 -2.05 0.00 0.00 0.00 397 273 1
173634 52.487651824951 -1.889271736145 -2.05 0.00 0.00 0.00 397 273 1
173677 52.487651824951 -1.889271736145 -2.05 0.00 0.00 0.00 397 273 1
173818 52.487651824951 -1.889271736145 -2.05 0.00 0.00 0.00 397 273 1
173858 52.487651824951 -1.889271736145 -2.05 0.00 0.00 0.00 397 273 1
174002 52.487651824951 -1.889271736145 -2.05 0.00 0.00 0.00 397 273 1
174061 52.487651824951 -1.889271736145 -2.05 0.00 0.00 0.00 397 273 1
174204 52.487651824951 -1.889271736145 -2.05 0.00 0.00 0.00 397 273 1
174240 52.487651824951 -1.889271736145 -2.05 0.00 0.00 0.00 397 273 1
174383 52.487651824951 -1.889271736145 -2.05 0.00 0.00 0.00 397 273 1
174424 52.487651824951 -1.889271736145 -2.05 0.00 0.00 0.00 397 273 1
174566 52.487651824951 -1.889271736145 -2.05 0.00 0.00 0.00 397 273 1
174606 52.487651824951 -1.889271736145 -2.05 0.00 0.00 0.00 397 273 1
174749 52.487651824951 -1.889271736145 -2.05 0.00 0.00 0.00 397 273 1
174808 52.487651824951 -1.889271736145 -2.05 0.00 0.00 0.00 397 273 1
174950 52.487651824951 -1.889271736145 -2.05 0.00 0.00 0.00 397 273 1
174990 52.487651824951 -1.889271736145 -2.05 0.00 0.00 0.00 397 273 1
175133 52.487651824951 -1.889271736145 -2.05 0.00 0.00 0.00 397 273 1
175192 52.487651824951 -1.889271736145 -2.05 0.00 0.00 0.00 397 273 1
175334 52.487651824951 -1.889271736145 -2.05 0.00 0.00 0.00 397 273 1
175393 52.487651824951 -1.889271736145 -2.05 0.00 0.00 0.00 397 273 1
175535 52.487651824951 -1.889271736145 -2.05 0.00 0.00 0.00 397 273 1
175571 52.487651824951 -1.889271736145 -2.05 0.00 0.00 0.00 397 273 1
175714 52.487651824951 -1.889271736145 -2.05 0.00 0.00 0.00 397 273 1
175756 52.487651824951 -1.889271736145 -2.05 0.00 0.00 0.00 397 273 1
175898 52.487651824951 -1.889271736145 -2.05 0.00 0.00 0.00 397 273 1
175939 52.487651824951 -1.889271736145 -2.05 0.00 0.00 0.00 397 273 1
176084 52.487651824951 -1.889271736145 -2.05 0.00 0.00 0.00 397 273 1
176140 52.487651824951 -1.889271736145 -2.05 0.00 0.00 0.00 397 273 1
176283 52.487651824951 -1.889271736145 -2.05 0.00 0.00 0.00 397 273 1
176319 52.487651824951 -1.889271736145 -2.05 0.00 0.00 0.00 397 273 1
176460 52.487651824951 -1.889271736145 -2.05 0.00 0.00 0.00 397 273 1
176502 52.487651824951 -1.889271736145 -2.05 0.00 0.00 0.00 397 273 1
176645 52.487651824951 -1.889271736145 -2.05 0.00 0.00 0.00 397 273 1
176705 52.487651824951 -1.889271736145 -2.05 0.00 0.00 0.00 397 273 1
176846 52.487651824951 -1.889271736145 -2.05 0.00 0.00 0.00 397 273 1
176886 52.487651824951 -1.889271736145 -2.05 0.00 0.00 0.00 397 273 1
177030 52.487651824951 -1.889271736145 -2.05 0.00 0.00 0.00 397 273 1
177065 52.487651824951 -1.889271736145 -2.05 0.00 0.00 0.00 397 273 1
177208 52.487651824951 -1.889271736145 -2.05 0.00 0.00 0.00 397 273 1
177250 52.487651824951 -1.889271736145 -2.05 0.00 0.00 0.00 397 273 1
177393 52.487651824951 -1.889271736145 -2.05 0.00 0.00 0.00 397 273 1
177452 52.487651824951 -1.889271736145 -2.05 0.00 0.00 0.00 397 273 1
177593 52.487651824951 -1.889271736145 -2.05 0.00 0.00 0.00 397 273 1
177633 52.487651824951 -1.889271736145 -2.05 0.00 0.00 0.00 397 273 1
177774 52.487651824951 -1.889271736145 -2.05 0.00 0.00 0.00 397 273 1
177815 52.487651824951 -1.889271736145 -2.05 0.00 0.00 0.00 397 273 1
177956 52.487651824951 -1.889271736145 -2.05 0.00 0.00 0.00 397 273 1
177997 52.487651824951 -1.889271736145 -2.05 0.00 0.00 0.00 397 273 1
178144 52.487651824951 -1.889271736145 -2.05 0.00 0.00 0.00 397 273 1
178199 52.487651824951 -1.889271736145 -2.05 0.00 0.00 0.00 397 273 1
178341 52.487651824951 -1.889271736145 -2.05 0.00 0.00 0.00 397 273 1
178401 52.487651824951 -1.889271736145 -2.05 0.00 0.00 0.00 397 273 1
178542 52.487651824951 -1.889271736145 -2.05 0.00 0.00 0.00 397 273 1
178579 52.487651824951 -1.889271736145 -2.05 0.00 0.00 0.00 397 273 1
178720 52.487651824951 -1.889271736145 -2.05 0.00 0.00 0.00 397 273 1
178763 52.487651824951 -1.889271736145 -2.05 0.00 0.00 0.00 397 273 1
178905 52.487651824951 -1.889271736145 -2.05 0.00 0.00 0.00 397 273 1
178946 52.487651824951 -1.889271736145 -2.05 0.00 0.00 0.00 397 273 1
179089 52.487651824951 -1.889271736145 -2.05 0.00 0.00 0.00 397 273 1
179147 52.487651824951 -1.889271736145 -2.05 0.00 0.00 0.00 397 273 1
179291 52.487651824951 -1.889271736145 -2.05 0.00 0.00 0.00 397 273 1
179326 52.487651824951 -1.889271736145 -2.05 0.00 0.00 0.00 397 273 1
