109560 52.485645294189 -1.889510059356 -83.40 0.00 51.20 0.00 291 287 1
109790 52.485645294189 -1.889510059356 -83.30 0.00 56.13 0.00 312 212 0
109972 52.485645294189 -1.889510059356 -83.30 0.00 60.35 0.00 315 214 0
110153 52.485645294189 -1.889510059356 -83.30 0.00 63.87 0.00 314 214 0
110336 52.485645294189 -1.889510059356 -83.10 0.00 67.39 0.00 315 214 0
110516 52.485645294189 -1.889510059356 -83.30 0.00 69.50 1.34 309 212 0
110697 52.485645294189 -1.889510059356 -83.60 0.00 69.85 1.34 311 212 0
110880 52.485645294189 -1.889510059356 -83.90 0.00 69.85 1.34 309 212 0
111082 52.485645294189 -1.889510059356 -83.90 0.00 69.85 1.34 312 213 0
111263 52.485645294189 -1.889510059356 -83.90 0.00 70.56 1.34 318 214 0
111444 52.485645294189 -1.889510059356 -84.20 0.00 70.91 1.34 309 212 0
111626 52.485645294189 -1.889510059356 -84.60 0.00 70.91 1.34 312 212 0
111808 52.485645294189 -1.889510059356 -84.90 0.00 70.91 1.34 312 212 0
111990 52.485645294189 -1.889510059356 -84.90 0.00 70.91 1.34 312 214 0
112172 52.485645294189 -1.889510059356 -84.70 0.00 70.91 1.34 314 214 0
112373 52.485645294189 -1.889510059356 -84.30 0.00 70.91 1.34 311 212 0
112555 52.485645294189 -1.889510059356 -84.30 0.00 70.91 1.34 309 212 0
112736 52.485645294189 -1.889510059356 -84.50 0.00 70.91 1.34 311 212 0
112919 52.485645294189 -1.889510059356 -84.40 0.00 70.91 1.34 312 213 0
113100 52.485645294189 -1.889510059356 -84.40 0.00 70.91 1.34 317 214 0
113282 52.485645294189 -1.889510059356 -84.10 0.00 70.91 1.34 314 214 0
113463 52.485645294189 -1.889510059356 -84.00 0.00 70.91 1.34 309 212 0
113665 52.485645294189 -1.889510059356 -84.10 0.00 71.26 1.34 309 212 0
113848 52.485645294189 -1.889510059356 -83.90 0.00 71.26 1.34 311 212 0
114029 52.485645294189 -1.889510059356 -83.90 0.00 70.91 1.34 312 214 0
114210 52.485645294189 -1.889510059356 -84.10 0.00 71.26 1.34 317 214 0
114392 52.485645294189 -1.889510059356 -84.30 0.00 71.61 1.34 309 212 0
114573 52.485645294189 -1.889510059356 -84.60 0.00 71.26 1.34 309 212 0
114754 52.485645294189 -1.889510059356 -84.90 0.00 71.26 1.34 311 212 0
114958 52.485645294189 -1.889510059356 -84.90 0.00 71.26 1.34 312 214 0
115139 52.485645294189 -1.889510059356 -84.60 0.00 71.26 1.34 315 214 0
115320 52.485645294189 -1.889510059356 -84.40 0.00 71.26 1.34 314 214 0
115502 52.485645294189 -1.889510059356 -84.40 0.00 71.26 1.34 309 212 0
115683 52.485645294189 -1.889510059356 -84.00 0.00 70.91 1.34 312 212 0
115866 52.485645294189 -1.889510059356 -83.80 0.00 70.91 1.34 309 212 0
116047 52.485645294189 -1.889510059356 -83.90 0.00 70.91 1.34 312 214 0
116249 52.485645294189 -1.889510059356 -84.10 0.00 70.56 1.34 314 214 0
116429 52.485645294189 -1.889510059356 -84.30 0.00 70.56 1.34 312 212 0
116612 52.485645294189 -1.889510059356 -84.30 0.00 70.56 1.34 309 212 0
116793 52.485645294189 -1.889510059356 -84.30 0.00 70.91 1.34 312 212 0
116976 52.485645294189 -1.889510059356 -84.60 0.00 70.56 1.34 315 214 0
117157 52.485645294189 -1.889510059356 -84.60 0.00 70.21 1.34 314 214 0
117340 52.485645294189 -1.889510059356 -84.60 0.00 69.15 0.89 314 214 0
117540 52.485645294189 -1.889510059356 -84.70 0.00 68.45 0.89 309 212 0
117722 52.485645294189 -1.889510059356 -84.80 0.00 68.45 0.89 311 212 0
117905 52.485645294189 -1.889510059356 -84.80 0.00 67.74 0.89 314 214 0
118086 52.485645294189 -1.889510059356 -84.70 0.00 67.39 0.89 315 214 0
118267 52.485645294189 -1.889510059356 -84.80 0.00 67.39 0.89 314 213 0
118449 52.485645294189 -1.889510059356 -84.80 0.00 67.39 0.89 309 212 0
118630 52.485645294189 -1.889510059356 -84.60 0.00 66.33 0.89 312 212 0
118833 52.485645294189 -1.889510059356 -84.20 0.00 65.63 0.89 311 212 0
119015 52.485645294189 -1.889510059356 -84.10 0.00 65.28 0.89 314 214 0
119196 52.485645294189 -1.889510059356 -84.20 0.00 65.63 0.89 312 214 0
119377 52.485645294189 -1.889510059356 -85.00 0.00 65.28 0.89 311 212 0
119559 52.485645294189 -1.889510059356 -86.10 0.00 65.28 1.34 309 212 0
119740 52.485645294189 -1.889510059356 -86.50 0.00 65.28 1.34 311 212 0
119923 52.485645294189 -1.889510059356 -86.60 0.00 65.28 1.34 312 214 0
120125 52.485645294189 -1.889510059356 -86.60 0.00 65.28 1.34 315 214 0
120306 52.485645294189 -1.889510059356 -86.60 0.00 65.28 1.34 314 214 0
120486 52.485645294189 -1.889510059356 -86.60 0.00 65.63 1.34 309 212 0
120669 52.485645294189 -1.889510059356 -86.50 0.00 65.63 1.34 309 212 0
120852 52.485645294189 -1.889510059356 -86.50 0.00 65.63 1.34 311 212 0
121033 52.485645294189 -1.889510059356 -86.60 0.00 65.63 1.34 315 214 0
121214 52.485645294189 -1.889510059356 -86.60 0.00 65.63 1.34 314 214 0
121416 52.485645294189 -1.889510059356 -86.90 0.00 65.63 1.34 311 212 0
121597 52.485645294189 -1.889510059356 -87.90 0.00 65.98 1.34 309 212 0
121779 52.485645294189 -1.889510059356 -87.70 0.00 65.98 0.89 312 212 0
121962 52.485645294189 -1.889510059356 -87.10 0.00 65.98 0.89 314 214 0
122143 52.485645294189 -1.889510059356 -87.00 0.00 66.33 0.89 315 214 0
122324 52.485645294189 -1.889510059356 -86.70 0.00 66.33 0.89 314 214 0
122506 52.485645294189 -1.889510059356 -86.60 0.00 66.33 0.89 309 212 0
122707 52.485645294189 -1.889510059356 -86.20 0.00 66.33 0.89 310 212 0
122891 52.485645294189 -1.889510059356 -86.40 0.00 66.33 0.89 314 211 0
123071 52.485645294189 -1.889510059356 -86.00 0.00 65.98 0.89 315 214 0
123253 52.485645294189 -1.889510059356 -84.90 0.00 66.33 0.89 314 214 0
123433 52.485645294189 -1.889510059356 -83.50 0.00 65.98 0.89 312 212 0
123616 52.485645294189 -1.889510059356 -82.30 0.00 65.98 0.89 309 212 0
123798 52.485645294189 -1.889510059356 -82.50 0.00 65.63 0.89 311 212 0
124001 52.485645294189 -1.889510059356 -82.70 0.00 65.28 0.89 317 214 0
124182 52.485645294189 -1.889510059356 -82.90 0.00 64.93 0.89 312 214 0
124363 52.485645294189 -1.889510059356 -82.60 0.00 64.22 0.89 311 212 0
124545 52.485645294189 -1.889510059356 -82.60 0.00 63.17 0.89 309 212 0
124726 52.485645294189 -1.889510059356 -82.70 0.00 62.46 0.89 310 212 0
124909 52.485645294189 -1.889510059356 -82.60 0.00 62.11 0.89 317 212 0
125090 52.485645294189 -1.889510059356 -82.50 0.00 61.41 0.89 312 214 0
125292 52.485645294189 -1.889510059356 -83.20 0.00 60.70 0.89 314 214 0
125472 52.485645294189 -1.889510059356 -83.20 0.00 60.35 0.89 311 212 0
125655 52.485645294189 -1.889510059356 -83.50 0.00 60.00 0.89 310 212 0
125837 52.485645294189 -1.889510059356 -83.90 0.00 59.65 0.89 312 212 0
126019 52.485645294189 -1.889510059356 -83.80 0.00 58.59 0.89 315 214 0
126200 52.485645294189 -1.889510059356 -83.90 0.00 58.24 0.89 312 214 0
126382 52.485645294189 -1.889510059356 -84.80 0.00 58.24 0.45 311 212 0
126582 52.485645294189 -1.889510059356 -84.50 0.00 57.54 0.45 311 212 0
126765 52.485645294189 -1.889510059356 -83.70 0.00 57.18 0.45 309 212 0
126948 52.485645294189 -1.889510059356 -82.90 0.00 57.54 0.45 315 214 0
127129 52.485645294189 -1.889510059356 -82.10 0.00 57.89 0.45 315 214 0
127310 52.485645294189 -1.889510059356 -81.10 0.00 57.89 0.45 314 214 0
127511 52.485645294189 -1.889510059356 -81.90 0.00 60.70 0.45 311 211 0
127693 52.485645294189 -1.889510059356 -83.50 0.00 64.22 0.45 309 212 0
127896 52.485645294189 -1.889510059356 -82.00 0.00 63.17 0.45 312 213 0
128077 52.485645294189 -1.889510059356 -81.80 0.00 63.17 0.45 317 214 0
128259 52.485645294189 -1.889510059356 -81.60 0.00 62.82 0.45 312 214 0
128440 52.485645294189 -1.889510059356 -80.70 0.00 62.82 0.45 309 212 0
128621 52.485645294189 -1.889510059356 -81.70 0.00 63.52 0.89 311 212 0
128803 52.485645294189 -1.889510059356 -83.10 0.00 63.17 0.89 309 212 0
128987 52.485645294189 -1.889510059356 -85.00 0.00 64.22 0.89 314 214 0
129187 52.485645294189 -1.889510059356 -87.10 0.00 65.28 0.89 314 214 0
129369 52.485645294189 -1.889510059356 -89.30 0.00 71.61 0.89 309 212 0
129550 52.485645294189 -1.889510059356 -91.80 0.00 78.30 0.89 312 212 0
129732 52.485645294189 -1.889510059356 -92.50 0.00 78.65 0.89 309 212 0
129915 52.485645294189 -1.889510059356 -91.70 0.00 78.65 0.89 312 212 0
130096 52.485645294189 -1.889510059356 -90.50 0.00 78.30 0.89 317 214 0
130277 52.485645294189 -1.889510059356 -88.70 0.00 77.24 0.89 312 214 0
130479 52.485645294189 -1.889510059356 -86.20 0.00 76.89 0.89 309 212 0
130660 52.485645294189 -1.889510059356 -83.30 0.00 76.89 0.89 311 212 0
130843 52.485645294189 -1.889510059356 -81.70 0.00 76.54 1.34 309 212 0
130989 52.485645294189 -1.889510059356 -81.30 0.00 76.19 1.34 404 250 1
131150 52.485645294189 -1.889510059356 -80.90 0.00 76.54 1.34 404 250 1
131312 52.485645294189 -1.889510059356 -81.30 0.00 76.54 1.34 404 250 1
131472 52.485645294189 -1.889510059356 -82.00 0.00 75.84 1.34 404 250 1
131634 52.485645294189 -1.889510059356 -82.90 0.00 75.48 1.34 406 248 1
131795 52.485645294189 -1.889510059356 -83.90 0.00 75.13 1.34 406 248 1
131958 52.485645294189 -1.889510059356 -84.90 0.00 75.13 1.34 406 248 1
132119 52.485645294189 -1.889510059356 -85.90 0.00 75.13 1.34 406 248 1
132281 52.485645294189 -1.889510059356 -86.60 0.00 75.13 1.34 406 248 1
132441 52.485645294189 -1.889510059356 -87.40 0.00 75.13 1.34 408 248 1
132602 52.485645294189 -1.889510059356 -88.00 0.00 75.13 1.34 408 248 1
132764 52.485645294189 -1.889510059356 -87.90 0.00 75.13 1.34 408 248 1
132927 52.485645294189 -1.889510059356 -87.70 0.00 75.13 1.34 408 248 1
133088 52.485645294189 -1.889510059356 -88.60 0.00 75.13 1.34 408 248 1
133250 52.485645294189 -1.889510059356 -89.70 0.00 74.78 1.34 408 248 1
133409 52.485645294189 -1.889510059356 -88.80 0.00 74.78 1.34 408 247 1
133571 52.485645294189 -1.889510059356 -85.60 0.00 74.78 1.34 408 247 1
133733 52.485645294189 -1.889510059356 -79.80 0.00 74.78 1.34 406 247 1
133896 52.485645294189 -1.889510059356 -72.10 0.00 74.78 1.34 404 247 1
134056 52.485645294189 -1.889510059356 -62.40 0.00 74.43 1.34 400 247 1
134218 52.485645294189 -1.889510059356 -50.70 0.00 74.43 1.34 392 247 1
134379 52.485645294189 -1.889510059356 -38.10 0.00 73.37 1.34 377 247 1
134540 52.485645294189 -1.889510059356 -24.80 0.00 72.67 1.34 360 245 1
134702 52.485645294189 -1.889510059356 -13.70 0.00 72.67 1.34 337 245 1
134864 52.485645294189 -1.889510059356 -5.40 0.00 73.02 1.34 318 245 1
135025 52.485645294189 -1.889510059356 -1.20 0.00 73.02 1.34 305 245 1
135187 52.485645294189 -1.889510059356 -0.90 0.00 73.02 1.34 297 245 1
135348 52.485645294189 -1.889510059356 -3.30 0.00 73.02 1.34 297 245 1
135510 52.485645294189 -1.889510059356 -6.50 0.00 73.02 1.34 301 245 1
135670 52.485645294189 -1.889510059356 -11.80 0.00 73.02 1.34 305 245 1
135833 52.485645294189 -1.889510059356 -17.40 0.00 73.02 1.34 314 245 1
135995 52.485645294189 -1.889510059356 -22.70 0.00 73.02 1.34 324 245 1
136156 52.485645294189 -1.889510059356 -25.40 0.00 73.02 1.34 333 245 1
136317 52.485645294189 -1.889510059356 -25.70 0.00 73.02 1.34 339 245 1
136478 52.485645294189 -1.889510059356 -23.00 0.00 72.67 1.34 339 245 1
136639 52.485645294189 -1.889510059356 -20.30 0.00 73.02 1.34 335 245 1
136801 52.485645294189 -1.889510059356 -19.00 0.00 74.43 1.34 329 245 1
136964 52.485645294189 -1.889510059356 -20.30 0.00 75.84 1.34 326 247 1
137124 52.485645294189 -1.889510059356 -20.80 0.00 75.48 1.34 326 248 1
137286 52.485645294189 -1.889510059356 -19.40 0.00 75.48 1.34 329 248 1
137447 52.485645294189 -1.889510059356 -18.40 0.00 76.19 1.34 326 248 1
137608 52.485645294189 -1.889510059356 -17.50 0.00 76.89 0.89 322 250 1
137769 52.485645294189 -1.889510059356 -17.60 0.00 76.19 0.89 320 250 1
137932 52.485645294189 -1.889510059356 -15.60 0.00 75.84 0.89 322 250 1
138093 52.485645294189 -1.889510059356 -14.00 0.00 77.60 0.89 318 248 1
138255 52.485645294189 -1.889510059356 -16.00 0.00 81.47 0.89 314 250 1
138416 52.485645294189 -1.889510059356 -19.00 0.00 81.47 0.89 314 254 1
138577 52.485645294189 -1.889510059356 -19.30 0.00 81.47 0.89 320 254 1
138738 52.485645294189 -1.889510059356 -19.90 0.00 82.52 0.89 320 254 1
138902 52.485645294189 -1.889510059356 -20.40 0.00 83.23 0.89 320 255 1
139063 52.485645294189 -1.889510059356 -20.60 0.00 83.23 0.89 320 255 1
139224 52.485645294189 -1.889510059356 -19.40 0.00 83.23 0.89 320 255 1
139384 52.485645294189 -1.889510059356 -18.70 0.00 83.58 0.89 318 255 1
139546 52.485645294189 -1.889510059356 -19.40 0.00 84.99 0.89 318 255 1
139707 52.485645294189 -1.889510059356 -20.90 0.00 83.93 0.89 318 256 1
139871 52.485645294189 -1.889510059356 -20.30 0.00 84.28 0.45 320 255 1
140032 52.485645294189 -1.889510059356 -18.90 0.00 84.28 0.45 320 256 1
140193 52.485645294189 -1.889510059356 -19.00 0.00 85.69 0.45 316 256 1
140354 52.485645294189 -1.889510059356 -17.60 0.00 83.93 0.45 316 258 1
140515 52.485645294189 -1.889510059356 -15.70 0.00 84.63 0.45 314 255 1
140677 52.485645294189 -1.889510059356 -15.20 0.00 85.69 0.45 310 256 1
140839 52.485645294189 -1.889510059356 -17.90 0.00 85.69 0.45 310 258 1
141000 52.485954284667 -1.889666652679 -17.80 0.00 85.69 0.45 314 258 1
141161 52.485954284667 -1.889666652679 -16.90 0.00 86.39 0.45 314 258 1
141323 52.485954284667 -1.889666652679 -16.60 0.00 86.39 0.45 312 258 1
141484 52.485954284667 -1.889666652679 -16.70 0.00 86.39 0.45 310 258 1
141645 52.485954284667 -1.889666652679 -15.60 0.00 86.74 0.45 312 258 1
141807 52.485954284667 -1.889666652679 -15.70 0.00 87.10 0.45 308 258 1
141970 52.485961914062 -1.889656639099 -18.00 0.00 87.10 0.45 308 259 1
142131 52.485961914062 -1.889656639099 -19.40 0.00 87.10 0.45 312 259 1
142292 52.485961914062 -1.889656639099 -18.60 0.00 87.45 0.45 316 259 1
142452 52.485961914062 -1.889656639099 -17.90 0.00 87.45 0.45 314 259 1
142614 52.485961914062 -1.889656639099 -16.80 0.00 87.45 0.45 312 259 1
142776 52.485961914062 -1.889656639099 -15.50 0.00 87.45 0.45 310 259 1
142939 52.485969543457 -1.889648342132 -13.90 0.00 87.80 0.45 308 259 1
143099 52.485969543457 -1.889648342132 -16.20 0.00 87.45 0.45 305 259 1
143261 52.485969543457 -1.889648342132 -18.50 0.00 87.80 0.45 310 259 1
143421 52.485969543457 -1.889648342132 -19.00 0.00 87.45 0.45 314 259 1
143583 52.485969543457 -1.889648342132 -19.00 0.00 87.45 0.45 314 259 1
143745 52.485969543457 -1.889648342132 -18.50 0.00 87.45 0.45 314 259 1
143907 52.485969543457 -1.889648342132 -18.50 0.00 87.80 0.45 314 259 1
144068 52.485969543457 -1.889648342132 -16.80 0.00 87.45 0.45 314 259 1
144230 52.485969543457 -1.889648342132 -15.80 0.00 87.80 0.45 310 259 1
144390 52.485969543457 -1.889648342132 -17.00 0.00 87.80 0.45 308 259 1
144551 52.485969543457 -1.889648342132 -16.90 0.00 87.10 0.45 310 259 1
144713 52.485969543457 -1.889648342132 -13.90 0.00 87.10 0.45 310 259 1
144876 52.485969543457 -1.889648342132 -10.90 0.00 87.10 0.45 305 259 1
145037 52.485969543457 -1.889648342132 -10.60 0.00 87.10 0.45 301 259 1
145199 52.485969543457 -1.889648342132 -10.70 0.00 87.45 0.45 301 259 1
145359 52.485969543457 -1.889648342132 -9.30 0.00 87.45 0.45 301 259 1
145520 52.485969543457 -1.889648342132 -9.20 0.00 87.45 0.45 299 259 1
145682 52.485969543457 -1.889648342132 -9.30 0.00 87.10 0.45 299 259 1
145845 52.485969543457 -1.889648342132 -5.60 0.00 87.10 0.45 299 259 1
146006 52.485969543457 -1.889648342132 -2.90 0.00 86.74 0.45 293 259 1
146167 52.485969543457 -1.889648342132 -1.20 0.00 87.45 0.45 287 258 1
146328 52.485969543457 -1.889648342132 0.20 0.00 87.80 0.45 284 259 1
146489 52.485969543457 -1.889648342132 3.50 0.00 88.50 0.45 280 259 1
146651 52.485969543457 -1.889648342132 5.00 0.00 91.67 0.45 274 261 1
146813 52.485969543457 -1.889648342132 2.20 0.00 96.95 0.45 270 263 1
146975 52.486000061035 -1.889638423919 -2.00 0.00 97.65 0.45 270 268 1
147136 52.486000061035 -1.889638423919 -6.00 0.00 98.01 0.45 205 269 1
147299 52.486000061035 -1.889638423919 -11.70 0.00 98.36 0.45 207 270 1
147459 52.486000061035 -1.889638423919 -19.00 0.00 101.17 0.45 209 270 1
147620 52.486000061035 -1.889638423919 -25.00 0.00 98.71 0.45 215 273 1
147782 52.486000061035 -1.889638423919 -31.20 0.00 98.71 0.45 221 270 1
147945 52.486011505126 -1.889641666412 -41.00 0.00 98.71 0.45 228 270 1
148106 52.486011505126 -1.889641666412 -51.20 0.00 93.43 0.45 240 270 1
148267 52.486011505126 -1.889641666412 -63.10 0.00 89.21 0.45 261 265 1
148427 52.486011505126 -1.889641666412 -76.60 0.00 88.86 0.45 287 262 1
148589 52.486011505126 -1.889641666412 -89.90 0.00 88.86 0.45 280 261 1
148750 52.486011505126 -1.889641666412 -102.80 0.00 89.91 0.45 293 261 1
148914 52.486011505126 -1.889641666412 -111.60 0.00 88.15 0.45 303 262 1
149074 52.486011505126 -1.889641666412 -120.30 0.00 89.21 0.45 310 261 1
149235 52.486011505126 -1.889641666412 -129.10 0.00 93.08 0.45 318 262 1
149396 52.486011505126 -1.889641666412 -137.00 0.00 99.41 0.45 326 265 1
149558 52.486011505126 -1.889641666412 -141.90 0.00 103.64 0.45 333 270 1
149720 52.486011505126 -1.889641666412 -142.80 0.00 109.62 0.45 337 275 1
149882 52.486011505126 -1.889641666412 -142.00 0.00 115.60 0.45 339 280 1
150043 52.486011505126 -1.889641666412 -141.60 0.00 120.53 0.45 337 287 1
150205 52.486011505126 -1.889641666412 -141.20 0.00 125.45 0.45 337 291 1
150365 52.486011505126 -1.889641666412 -140.10 0.00 127.92 0.45 337 295 1
150526 52.486011505126 -1.889641666412 -141.50 0.00 129.68 0.45 335 298 1
150688 52.486011505126 -1.889641666412 -144.90 0.00 130.03 0.45 337 300 1
150851 52.486011505126 -1.889641666412 -144.60 0.00 127.57 0.45 339 301 1
151012 52.486011505126 -1.889641666412 -142.20 0.00 127.92 1.34 339 298 1
151174 52.486011505126 -1.889641666412 -139.00 0.00 128.27 1.34 337 298 1
151334 52.486011505126 -1.889641666412 -137.00 0.00 128.27 1.34 335 300 1
151495 52.486011505126 -1.889641666412 -132.70 0.00 129.68 1.34 333 300 1
151657 52.486011505126 -1.889641666412 -130.40 0.00 131.09 1.34 329 300 1
151820 52.486011505126 -1.889641666412 -130.60 0.00 133.20 1.34 326 302 1
151981 52.486011505126 -1.889616775512 -129.30 0.00 134.96 1.34 326 304 1
152142 52.486011505126 -1.889616775512 -128.40 0.00 135.31 1.34 326 305 1
152304 52.486011505126 -1.889616775512 -126.40 0.00 134.96 1.34 326 305 1
152464 52.486011505126 -1.889616775512 -125.10 0.00 134.60 1.34 324 305 1
152626 52.486011505126 -1.889616775512 -122.90 0.00 135.31 1.34 322 305 1
152787 52.486011505126 -1.889616775512 -123.70 0.00 136.36 1.34 320 305 1
152950 52.486011505126 -1.889616775512 -127.50 0.00 137.07 1.34 322 306 1
153111 52.486011505126 -1.889616775512 -129.10 0.00 136.01 1.34 324 308 1
153273 52.486011505126 -1.889616775512 -128.80 0.00 136.01 0.45 326 306 1
153434 52.486011505126 -1.889616775512 -127.40 0.00 135.66 0.45 326 306 1
153594 52.486011505126 -1.889616775512 -126.60 0.00 134.60 0.45 324 305 1
153756 52.486011505126 -1.889616775512 -125.40 0.00 134.60 0.45 324 305 1
153919 52.486011505126 -1.889616775512 -124.90 0.00 134.96 0.45 322 305 1
154080 52.486011505126 -1.889616775512 -126.90 0.00 135.66 0.45 322 305 1
154242 52.486011505126 -1.889616775512 -127.60 0.00 134.96 0.45 324 305 1
154402 52.486011505126 -1.889616775512 -127.30 0.00 134.96 0.45 324 305 1
154563 52.486011505126 -1.889616775512 -126.50 0.00 135.31 0.45 324 305 1
154725 52.486011505126 -1.889616775512 -127.00 0.00 134.96 0.45 324 305 1
154888 52.486011505126 -1.889616775512 -125.10 0.00 133.90 0.45 324 305 1
155048 52.486011505126 -1.889616775512 -125.30 0.00 135.66 0.45 322 304 1
155210 52.486011505126 -1.889616775512 -128.60 0.00 136.72 0.45 322 305 1
155371 52.486011505126 -1.889616775512 -130.70 0.00 136.36 0.45 326 306 1
155533 52.486011505126 -1.889616775512 -130.40 0.00 134.96 0.89 329 306 1
155694 52.486011505126 -1.889616775512 -128.50 0.00 136.72 0.89 329 305 1
155856 52.486011505126 -1.889616775512 -126.00 0.00 138.12 0.89 326 306 1
156018 52.486011505126 -1.889616775512 -126.60 0.00 142.70 0.89 324 308 1
156179 52.486011505126 -1.889616775512 -127.40 0.00 143.05 0.89 324 312 1
156341 52.486011505126 -1.889616775512 -129.30 0.00 144.11 0.89 324 313 1
156502 52.486011505126 -1.889616775512 -128.30 0.00 141.29 0.89 326 315 1
156662 52.486011505126 -1.889616775512 -126.60 0.00 139.53 0.89 326 312 1
156825 52.486011505126 -1.889616775512 -124.80 0.00 140.23 0.89 324 309 1
156987 52.485992431640 -1.889581680297 -121.60 0.00 137.42 0.89 322 311 1
157148 52.485992431640 -1.889581680297 -119.30 0.00 137.77 0.89 326 308 1
157310 52.485992431640 -1.889581680297 -119.00 0.00 140.23 0.89 324 308 1
157470 52.485992431640 -1.889581680297 -124.60 0.00 140.23 0.89 324 311 1
157632 52.485992431640 -1.889581680297 -125.70 0.00 136.72 0.89 331 311 1
157794 52.485992431640 -1.889581680297 -126.70 0.00 137.77 1.34 331 306 1
157956 52.485980987548 -1.889578342437 -125.70 0.00 138.83 1.34 331 308 1
158117 52.485980987548 -1.889578342437 -125.30 0.00 137.07 1.34 337 308 1
158278 52.485980987548 -1.889578342437 -124.60 0.00 139.18 1.34 337 308 1
158439 52.485980987548 -1.889578342437 -125.70 0.00 140.94 1.34 335 309 1
158601 52.485980987548 -1.889578342437 -129.40 0.00 140.23 1.34 337 311 1
158761 52.485980987548 -1.889578342437 -129.50 0.00 137.77 1.34 339 311 1
158925 52.485980987548 -1.889578342437 -127.80 0.00 136.72 1.34 339 308 1
159086 52.485980987548 -1.889578342437 -124.50 0.00 135.31 1.34 339 306 1
159247 52.485980987548 -1.889578342437 -120.50 0.00 134.25 1.34 335 305 1
159408 52.485980987548 -1.889578342437 -116.50 0.00 132.14 1.34 333 305 1
159569 52.485980987548 -1.889578342437 -115.70 0.00 130.73 1.34 329 302 1
159731 52.485980987548 -1.889578342437 -116.40 0.00 126.16 1.34 329 301 1
159894 52.485980987548 -1.889578342437 -114.80 0.00 124.40 1.34 329 297 1
160055 52.485980987548 -1.889578342437 -112.80 0.00 125.10 1.34 326 295 1
160216 52.485980987548 -1.889578342437 -110.20 0.00 126.51 1.34 324 295 1
160376 52.485980987548 -1.889578342437 -109.60 0.00 127.92 1.34 322 297 1
160538 52.485980987548 -1.889578342437 -107.20 0.00 127.57 1.34 322 298 1
160700 52.485980987548 -1.889578342437 -106.70 0.00 132.49 1.34 320 298 1
160863 52.485980987548 -1.889578342437 -109.30 0.00 135.66 1.34 324 302 1
161024 52.485980987548 -1.889578342437 -110.30 0.00 134.60 1.34 324 305 1
161185 52.485980987548 -1.889578342437 -110.70 0.00 134.60 1.34 329 305 1
161346 52.485980987548 -1.889578342437 -110.40 0.00 130.38 1.34 322 305 1
161507 52.485980987548 -1.889578342437 -110.50 0.00 127.92 1.34 322 301 1
161669 52.485980987548 -1.889578342437 -110.50 0.00 121.94 1.34 322 298 1
161831 52.485980987548 -1.889578342437 -110.60 0.00 121.94 1.34 322 293 1
161992 52.485946655273 -1.889551639556 -111.40 0.00 121.23 1.34 322 293 1
162154 52.485946655273 -1.889551639556 -113.60 0.00 119.82 1.34 339 293 1
162315 52.485946655273 -1.889551639556 -113.60 0.00 120.18 1.34 341 290 1
162476 52.485946655273 -1.889551639556 -112.90 0.00 117.01 1.34 341 291 1
162637 52.485946655273 -1.889551639556 -110.80 0.00 115.60 1.34 341 288 1
162799 52.485946655273 -1.889551639556 -106.80 0.00 116.30 1.34 339 287 1
162962 52.485939025878 -1.889544963836 -102.60 0.00 118.42 1.34 335 287 1
163123 52.485939025878 -1.889544963836 -100.90 0.00 118.06 1.34 404 290 1
163284 52.485939025878 -1.889544963836 -101.20 0.00 115.25 1.34 404 290 1
163445 52.485939025878 -1.889544963836 -100.20 0.00 111.73 1.34 404 287 1
163606 52.485939025878 -1.889544963836 -98.00 0.00 111.73 1.34 406 283 1
163768 52.485939025878 -1.889544963836 -94.90 0.00 109.62 1.34 404 283 1
163931 52.485939025878 -1.889544963836 -86.60 0.00 101.52 1.34 404 280 1
164091 52.485939025878 -1.889544963836 -74.30 0.00 106.80 1.34 400 273 1
164253 52.485939025878 -1.889544963836 -63.60 0.00 104.69 1.34 385 277 1
164414 52.485939025878 -1.889544963836 -53.40 0.00 104.69 1.34 373 276 1
164575 52.485939025878 -1.889544963836 -45.10 0.00 104.69 1.34 358 276 1
164737 52.485939025878 -1.889544963836 -36.10 0.00 105.04 1.34 345 276 1
164899 52.485939025878 -1.889544963836 -27.20 0.00 105.75 1.34 329 277 1
165060 52.485939025878 -1.889544963836 -20.70 0.00 106.80 1.34 312 277 1
165222 52.485939025878 -1.889544963836 -16.40 0.00 107.86 1.34 301 277 1
165383 52.485939025878 -1.889544963836 -13.80 0.00 110.67 1.34 293 279 1
165543 52.485939025878 -1.889544963836 -16.80 0.00 113.84 1.34 284 281 1
165705 52.485939025878 -1.889544963836 -26.30 0.00 117.36 1.34 289 284 1
165868 52.485939025878 -1.889544963836 -31.60 0.00 120.88 1.34 301 288 1
166030 52.485939025878 -1.889544963836 -35.60 0.00 122.99 1.34 308 291 1
166191 52.485939025878 -1.889544963836 -38.20 0.00 123.34 1.34 312 293 1
166351 52.485939025878 -1.889544963836 -41.70 0.00 121.23 1.34 316 294 1
166513 52.485939025878 -1.889544963836 -42.60 0.00 127.92 1.34 324 293 1
166674 52.485939025878 -1.889544963836 -43.70 0.00 131.44 1.34 320 298 1
166837 52.485939025878 -1.889544963836 -47.00 0.00 131.44 0.89 318 302 1
166999 52.485939025878 -1.889544963836 -47.80 0.00 131.79 0.89 324 302 1
167159 52.485939025878 -1.889544963836 -47.40 0.00 132.14 0.89 326 302 1
167321 52.485939025878 -1.889544963836 -44.90 0.00 132.49 0.89 324 302 1
167482 52.485939025878 -1.889544963836 -43.00 0.00 133.20 0.89 320 302 1
167643 52.485939025878 -1.889544963836 -40.70 0.00 134.96 0.89 316 304 1
167805 52.485939025878 -1.889544963836 -40.80 0.00 135.66 0.89 310 305 1
167967 52.485912322998 -1.889514923095 -43.40 0.00 136.36 0.89 310 305 1
168129 52.485912322998 -1.889514923095 -44.50 0.00 136.72 0.89 314 306 1
168291 52.485912322998 -1.889514923095 -44.80 0.00 138.48 0.89 316 306 1
168451 52.485912322998 -1.889514923095 -44.00 0.00 138.48 0.89 314 308 1
168612 52.485912322998 -1.889514923095 -43.40 0.00 138.83 0.89 314 308 1
168774 52.485912322998 -1.889514923095 -42.10 0.00 140.94 0.89 312 308 1
168937 52.485912322998 -1.889514923095 -41.50 0.00 142.35 0.89 308 311 1
169098 52.485912322998 -1.889514923095 -43.30 0.00 143.05 0.89 305 312 1
169259 52.485912322998 -1.889514923095 -43.20 0.00 143.05 0.89 308 313 1
169419 52.485912322998 -1.889514923095 -41.50 0.00 143.75 0.89 308 313 1
169581 52.485912322998 -1.889514923095 -39.80 0.00 150.09 0.89 305 313 1
169742 52.485912322998 -1.889514923095 -40.00 0.00 149.38 0.89 297 320 1
169906 52.485912322998 -1.889514923095 -38.90 0.00 153.26 0.89 297 319 1
170066 52.485912322998 -1.889514923095 -39.10 0.00 155.01 0.89 293 323 1
170227 52.485912322998 -1.889514923095 -41.10 0.00 155.01 0.89 291 325 1
170388 52.485912322998 -1.889514923095 -40.30 0.00 156.42 0.89 295 325 1
170550 52.485912322998 -1.889514923095 -39.20 0.00 157.48 0.89 293 326 1
170712 52.485912322998 -1.889514923095 -36.00 0.00 159.94 0.89 289 327 1
170874 52.485912322998 -1.889514923095 -35.70 0.00 156.07 0.89 284 329 1
171035 52.485912322998 -1.889514923095 -34.10 0.00 158.89 0.89 284 326 1
171196 52.485912322998 -1.889514923095 -34.20 0.00 162.05 0.89 282 327 1
171358 52.485912322998 -1.889514923095 -38.00 0.00 165.22 0.45 282 331 1
171518 52.485912322998 -1.889514923095 -37.90 0.00 162.76 0.45 287 334 1
171680 52.485912322998 -1.889514923095 -37.00 0.00 162.76 0.45 287 331 1
171843 52.485912322998 -1.889514923095 -35.90 0.00 161.70 0.45 287 331 1
172004 52.485939025878 -1.889451599121 -34.40 0.00 163.46 0.45 284 330 1
172166 52.485939025878 -1.889451599121 -34.20 0.00 163.11 0.45 276 333 1
172326 52.485939025878 -1.889451599121 -33.80 0.00 165.92 0.45 276 333 1
172487 52.485939025878 -1.889451599121 -36.30 0.00 165.92 0.45 272 334 1
172649 52.485939025878 -1.889451599121 -40.80 0.00 162.76 0.45 276 334 1
172811 52.485939025878 -1.889451599121 -43.90 0.00 161.35 0.45 287 331 1
172974 52.485946655273 -1.889438438415 -48.80 0.00 166.98 0.45 295 330 1
173134 52.485946655273 -1.889438438415 -54.00 0.00 166.63 0.45 297 336 1
173296 52.485946655273 -1.889438438415 -57.30 0.00 164.16 0.45 305 336 1
173456 52.485946655273 -1.889438438415 -60.40 0.00 163.46 0.45 314 333 1
173618 52.485946655273 -1.889438438415 -60.80 0.00 161.70 0.89 320 333 1
173779 52.485946655273 -1.889438438415 -61.50 0.00 161.35 0.89 322 330 1
173942 52.485950469970 -1.889426708221 -63.10 0.00 159.94 0.89 324 330 1
174103 52.485950469970 -1.889426708221 -65.70 0.00 160.65 0.89 329 329 1
174265 52.485950469970 -1.889426708221 -66.50 0.00 160.29 0.89 333 330 1
174426 52.485950469970 -1.889426708221 -66.20 0.00 160.29 0.89 335 330 1
174586 52.485950469970 -1.889426708221 -65.70 0.00 159.94 0.89 333 330 1
174748 52.485950469970 -1.889426708221 -65.40 0.00 159.94 0.89 333 329 1
174911 52.485950469970 -1.889426708221 -64.90 0.00 155.37 0.89 333 329 1
175072 52.485950469970 -1.889426708221 -63.90 0.00 155.72 0.89 335 325 1
175234 52.485950469970 -1.889426708221 -63.80 0.00 155.01 0.89 333 325 1
175394 52.485950469970 -1.889426708221 -64.10 0.00 153.26 0.89 335 325 1
175555 52.485950469970 -1.889426708221 -62.60 0.00 152.90 0.89 337 323 1
175717 52.485950469970 -1.889426708221 -59.50 0.00 150.79 0.45 333 322 1
175880 52.485950469970 -1.889426708221 -54.30 0.00 151.14 0.45 331 320 1
176040 52.485950469970 -1.889426708221 -49.90 0.00 150.09 0.45 320 320 1
176202 52.485950469970 -1.889426708221 -46.70 0.00 149.38 0.45 314 320 1
176363 52.485950469970 -1.889426708221 -45.40 0.00 152.55 0.45 308 319 1
176525 52.485950469970 -1.889426708221 -45.80 0.00 150.79 0.45 305 322 1
176686 52.485950469970 -1.889426708221 -47.80 0.00 150.44 0.45 305 320 1
176848 52.485950469970 -1.889426708221 -47.70 0.00 149.03 0.45 310 320 1
177010 52.485950469970 -1.889426708221 -47.10 0.00 148.68 0.45 310 319 1
177171 52.485950469970 -1.889426708221 -47.10 0.00 146.92 0.45 310 318 1
177333 52.485950469970 -1.889426708221 -46.90 0.00 145.16 0.45 312 316 1
177494 52.485950469970 -1.889426708221 -47.20 0.00 146.57 0.45 312 315 1
177654 52.485950469970 -1.889426708221 -46.90 0.00 144.11 0.45 312 316 1
177818 52.485950469970 -1.889426708221 -48.30 0.00 142.35 0.45 314 315 1
177979 52.485973358154 -1.889363288879 -49.10 0.00 141.99 0.45 318 312 1
178140 52.485973358154 -1.889363288879 -47.60 0.00 140.94 0.45 320 312 1
178302 52.485973358154 -1.889363288879 -46.80 0.00 139.53 0.45 318 311 1
178462 52.485973358154 -1.889363288879 -44.40 0.00 137.07 0.45 318 309 1
178624 52.485973358154 -1.889363288879 -43.30 0.00 137.42 0.45 316 308 1
178785 52.485973358154 -1.889363288879 -43.40 0.00 136.01 0.45 314 308 1
178949 52.485980987548 -1.889345073699 -44.40 0.00 134.96 0.45 314 306 1
179109 52.485980987548 -1.889345073699 -43.80 0.00 134.60 0.45 318 305 1
179270 52.485980987548 -1.889345073699 -42.60 0.00 136.72 0.45 316 305 1
179431 52.485980987548 -1.889345073699 -41.80 0.00 133.55 0.45 312 306 1
179593 52.485980987548 -1.889345073699 -41.10 0.00 133.90 0.45 314 304 1
179753 52.485980987548 -1.889345073699 -39.40 0.00 134.25 0.45 312 304 1
179917 52.485980987548 -1.889345073699 -39.30 0.00 134.60 0.45 308 305 1
180078 52.485980987548 -1.889345073699 -40.40 0.00 134.96 0.45 308 305 1
180239 52.485980987548 -1.889345073699 -42.00 0.00 134.25 0.45 310 305 1
180400 52.485980987548 -1.889345073699 -42.20 0.00 133.55 0.45 314 305 1
180561 52.485980987548 -1.889345073699 -40.80 0.00 133.55 0.45 314 304 1
180723 52.485980987548 -1.889345073699 -40.10 0.00 133.20 0.45 312 304 1
180886 52.485980987548 -1.889345073699 -38.10 0.00 133.20 0.45 312 304 1
181047 52.485980987548 -1.889345073699 -37.30 0.00 133.55 0.45 308 304 1
181209 52.485980987548 -1.889345073699 -37.50 0.00 131.79 0.45 305 304 1
181369 52.485980987548 -1.889345073699 -38.70 0.00 132.14 0.45 308 302 1
181530 52.485980987548 -1.889345073699 -39.70 0.00 131.44 0.45 310 302 1
181692 52.485980987548 -1.889345073699 -39.30 0.00 129.68 0.45 312 302 1
181855 52.485980987548 -1.889345073699 -38.60 0.00 129.68 0.45 312 300 1
182016 52.485980987548 -1.889345073699 -37.80 0.00 127.57 0.45 312 300 1
182177 52.485980987548 -1.889345073699 -36.70 0.00 129.68 0.45 312 298 1
182338 52.485980987548 -1.889345073699 -37.20 0.00 131.09 0.45 308 300 1
182499 52.485980987548 -1.889345073699 -40.10 0.00 131.09 0.45 308 302 1
182661 52.485980987548 -1.889345073699 -42.50 0.00 131.09 0.45 312 302 1
182823 52.485980987548 -1.889345073699 -41.80 0.00 131.09 0.45 318 302 1
182984 52.486011505126 -1.889293289184 -40.00 0.00 131.09 0.45 316 302 1
183146 52.486011505126 -1.889293289184 -38.60 0.00 131.09 0.45 219 302 1
183308 52.486011505126 -1.889293289184 -36.20 0.00 130.73 0.45 219 302 1
183469 52.486011505126 -1.889293289184 -36.50 0.00 134.25 0.45 217 301 1
183629 52.486011505126 -1.889293289184 -43.50 0.00 136.72 0.45 215 305 1
183791 52.486011505126 -1.889293289184 -51.20 0.00 133.90 0.45 221 306 1
183954 52.486019134521 -1.889281749725 -61.70 0.00 131.79 0.45 232 304 1
184117 52.486019134521 -1.889281749725 -69.40 0.00 126.86 0.45 247 302 1
184279 52.486019134521 -1.889281749725 -77.00 0.00 123.70 0.45 263 297 1
184439 52.486019134521 -1.889281749725 -83.50 0.00 121.94 0.45 280 294 1
184601 52.486019134521 -1.889281749725 -90.30 0.00 122.64 0.45 293 293 1
184763 52.486019134521 -1.889281749725 -99.20 0.00 121.58 0.00 305 293 1
184925 52.486019134521 -1.889281749725 -107.90 0.00 120.53 0.00 305 293 1
185085 52.486019134521 -1.889281749725 -114.60 0.00 120.18 0.00 312 291 1
185247 52.486019134521 -1.889281749725 -120.80 0.00 120.18 0.00 318 291 1
185408 52.486019134521 -1.889281749725 -124.80 0.00 120.18 0.00 324 291 1
185569 52.486019134521 -1.889281749725 -128.60 0.00 120.88 0.00 329 291 1
185731 52.486019134521 -1.889281749725 -131.40 0.00 121.58 0.00 331 291 1
185893 52.486019134521 -1.889281749725 -134.20 0.00 122.64 0.00 335 293 1
186054 52.486019134521 -1.889281749725 -136.50 0.00 122.99 0.00 337 293 1
186216 52.486019134521 -1.889281749725 -136.50 0.00 123.70 0.00 339 293 1
186377 52.486019134521 -1.889281749725 -136.20 0.00 125.81 0.00 339 294 1
186539 52.486019134521 -1.889281749725 -135.10 0.00 128.27 0.00 339 295 1
186699 52.486019134521 -1.889281749725 -133.80 0.00 130.38 0.00 337 300 1
186862 52.486019134521 -1.889281749725 -133.40 0.00 135.66 0.00 337 301 1
187024 52.486019134521 -1.889281749725 -133.60 0.00 139.18 0.45 335 305 1
187186 52.486019134521 -1.889281749725 -135.50 0.00 142.70 0.45 335 309 1
187345 52.486019134521 -1.889281749725 -135.70 0.00 144.11 0.45 337 312 1
187507 52.486019134521 -1.889281749725 -136.00 0.00 146.57 0.45 337 315 1
187669 52.486019134521 -1.889281749725 -135.30 0.00 149.38 0.45 337 316 1
187832 52.486019134521 -1.889281749725 -134.30 0.00 151.50 0.45 337 319 1
187993 52.486026763916 -1.889223289489 -133.50 0.00 153.61 0.45 337 320 1
188154 52.486026763916 -1.889223289489 -133.70 0.00 158.18 0.45 333 323 1
188316 52.486026763916 -1.889223289489 -135.40 0.00 158.89 0.45 347 327 1
188476 52.486026763916 -1.889223289489 -137.30 0.00 159.24 0.45 335 327 1
188638 52.486026763916 -1.889223289489 -138.10 0.00 161.00 0.45 337 329 1
188800 52.486026763916 -1.889223289489 -138.10 0.00 162.05 0.45 337 330 1
188962 52.486026763916 -1.889213371276 -137.10 0.00 162.40 0.45 337 331 1
189123 52.486026763916 -1.889213371276 -136.30 0.00 164.16 0.45 350 331 1
189285 52.486026763916 -1.889213371276 -135.90 0.00 167.33 0.89 347 333 1
189446 52.486026763916 -1.889213371276 -137.70 0.00 169.09 0.89 343 337 1
189606 52.486026763916 -1.889213371276 -139.40 0.00 170.15 0.89 345 338 1
189768 52.486026763916 -1.889213371276 -138.40 0.00 170.85 0.89 347 340 1
189931 52.486026763916 -1.889201641082 -137.60 0.00 171.91 0.89 345 340 1
190092 52.486026763916 -1.889201641082 -137.30 0.00 172.96 0.89 343 340 1
190254 52.486026763916 -1.889201641082 -133.40 0.00 170.15 0.89 341 341 1
190414 52.486026763916 -1.889201641082 -128.50 0.00 166.63 0.89 337 340 1
190575 52.486026763916 -1.889201641082 -126.30 0.00 162.76 0.89 333 336 1
190737 52.486026763916 -1.889201641082 -125.70 0.00 161.70 0.89 331 331 1
190900 52.486026763916 -1.889201641082 -123.80 0.00 153.26 0.89 331 330 1
191060 52.486026763916 -1.889201641082 -120.90 0.00 146.92 0.89 335 323 1
191222 52.486026763916 -1.889201641082 -118.50 0.00 146.57 0.89 335 316 1
191383 52.486026763916 -1.889201641082 -116.90 0.00 146.92 0.89 333 316 1
191545 52.486026763916 -1.889201641082 -114.10 0.00 147.62 1.34 329 316 1
191706 52.486026763916 -1.889201641082 -113.90 0.00 141.99 1.34 322 318 1
191868 52.486026763916 -1.889201641082 -115.40 0.00 139.53 1.34 329 312 1
192029 52.486026763916 -1.889201641082 -113.90 0.00 139.53 1.34 318 309 1
192191 52.486026763916 -1.889201641082 -112.30 0.00 144.11 1.34 331 309 1
192352 52.486026763916 -1.889201641082 -110.80 0.00 143.40 1.34 322 315 1
192514 52.486026763916 -1.889201641082 -110.60 0.00 140.59 1.34 320 313 1
192674 52.486026763916 -1.889201641082 -109.80 0.00 137.77 1.34 322 311 1
192838 52.486026763916 -1.889201641082 -109.30 0.00 137.77 1.34 324 308 1
192999 52.486026763916 -1.889201641082 -110.30 0.00 138.48 1.34 324 308 1
193160 52.486026763916 -1.889201641082 -111.30 0.00 138.12 1.34 324 308 1
193320 52.486026763916 -1.889201641082 -111.20 0.00 134.60 1.34 326 308 1
193482 52.486026763916 -1.889201641082 -110.30 0.00 129.68 1.34 314 305 1
193643 52.486026763916 -1.889201641082 -110.10 0.00 124.40 1.34 314 300 1
193806 52.486026763916 -1.889201641082 -110.10 0.00 121.23 2.24 314 295 1
193968 52.485988616943 -1.889131641387 -109.10 0.00 120.18 2.24 314 293 1
194128 52.485988616943 -1.889131641387 -109.90 0.00 119.47 2.24 331 291 1
194289 52.485988616943 -1.889131641387 -111.70 0.00 118.77 2.24 331 290 1
194451 52.485988616943 -1.889131641387 -112.00 0.00 117.36 2.24 333 290 1
194612 52.485988616943 -1.889131641387 -110.80 0.00 119.47 2.24 333 288 1
194774 52.485988616943 -1.889131641387 -109.70 0.00 126.51 2.24 331 290 1
194936 52.485988616943 -1.889131641387 -110.50 0.00 136.72 2.24 331 297 1
195098 52.485988616943 -1.889131641387 -111.20 0.00 144.11 2.24 326 306 1
195259 52.485988616943 -1.889131641387 -113.70 0.00 148.68 2.24 320 315 1
195420 52.485988616943 -1.889131641387 -115.70 0.00 150.09 2.24 322 318 1
195581 52.485988616943 -1.889131641387 -116.10 0.00 148.33 2.24 324 320 1
195742 52.485988616943 -1.889131641387 -115.50 0.00 142.70 2.24 326 318 1
195906 52.485988616943 -1.889131641387 -115.20 0.00 141.64 2.24 331 312 1
196067 52.485988616943 -1.889131641387 -114.90 0.00 140.23 2.68 331 312 1
196228 52.485988616943 -1.889131641387 -113.00 0.00 144.11 2.68 331 311 1
196388 52.485988616943 -1.889131641387 -111.90 0.00 147.62 2.68 324 315 1
196550 52.485988616943 -1.889131641387 -111.40 0.00 147.98 2.68 320 318 1
196712 52.485988616943 -1.889131641387 -109.80 0.00 147.62 2.68 318 318 1
196875 52.485988616943 -1.889131641387 -108.50 0.00 147.62 2.68 316 318 1
197036 52.485988616943 -1.889131641387 -107.40 0.00 147.62 2.68 314 318 1
197196 52.485988616943 -1.889131641387 -107.50 0.00 146.22 2.68 312 318 1
197357 52.485988616943 -1.889131641387 -107.20 0.00 146.22 2.68 312 316 1
197519 52.485988616943 -1.889131641387 -108.00 0.00 144.11 2.68 312 316 1
197681 52.485988616943 -1.889131641387 -109.40 0.00 144.46 2.68 316 315 1
197843 52.485988616943 -1.889131641387 -109.50 0.00 145.87 2.68 318 315 1
198004 52.485988616943 -1.889131641387 -109.90 0.00 144.81 2.68 316 315 1
198166 52.485988616943 -1.889131641387 -110.20 0.00 148.68 2.68 318 315 1
198327 52.485988616943 -1.889131641387 -110.90 0.00 155.37 1.79 316 318 1
198488 52.485988616943 -1.889131641387 -111.10 0.00 164.87 1.79 310 325 1
198649 52.485988616943 -1.889131641387 -112.10 0.00 172.61 1.79 303 333 1
198812 52.485988616943 -1.889131641387 -114.20 0.00 171.91 1.79 299 341 1
198973 52.485897064208 -1.889018249511 -114.50 0.00 170.85 1.79 303 340 1
199135 52.485897064208 -1.889018249511 -114.10 0.00 170.85 1.79 394 340 1
199296 52.485897064208 -1.889018249511 -112.80 0.00 170.15 1.79 394 340 1
199456 52.485897064208 -1.889018249511 -112.70 0.00 170.50 1.79 394 340 1
199618 52.485897064208 -1.889018249511 -112.60 0.00 175.78 1.79 394 340 1
199780 52.485897064208 -1.889018249511 -113.60 0.00 180.00 1.79 389 344 1
199943 52.485877990722 -1.889003276824 -116.10 0.00 180.00 1.79 389 348 1
200103 52.485877990722 -1.889003276824 -114.70 0.00 -173.67 1.79 392 350 1
200265 52.485877990722 -1.889003276824 -109.90 0.00 -166.28 1.79 387 343 1
200426 52.485877990722 -1.889003276824 -102.70 0.00 -161.00 1.79 377 336 1
200587 52.485877990722 -1.889003276824 -96.60 0.00 -175.78 2.24 362 330 1
200749 52.485877990722 -1.889003276824 -91.00 0.00 -160.29 2.24 364 344 1
200911 52.485877990722 -1.889003276824 -86.90 0.00 -151.14 2.24 343 330 1
201072 52.485877990722 -1.889003276824 -84.90 0.00 -175.43 2.24 337 320 1
201496 52.485877990722 -1.889003276824 -77.20 0.00 -166.63 2.24 345 344 1
201757 52.485877990722 -1.889003276824 -74.60 0.00 -177.18 2.24 329 336 1
201921 52.485877990722 -1.889003276824 -70.90 0.00 -175.43 2.24 329 345 1
202081 52.485877990722 -1.889003276824 -69.00 0.00 -176.13 2.24 322 344 1
202243 52.485877990722 -1.889003276824 -68.50 0.00 180.00 2.24 320 345 1
202403 52.485877990722 -1.889003276824 -70.20 0.00 180.00 2.24 320 348 1
202565 52.485877990722 -1.889003276824 -70.20 0.00 180.00 2.24 322 350 1
202726 52.485877990722 -1.889003276824 -68.70 0.00 180.00 3.58 322 348 1
202889 52.485877990722 -1.889003276824 -67.60 0.00 180.00 3.58 320 348 1
203049 52.485877990722 -1.889003276824 -67.60 0.00 180.00 3.58 320 350 1
203211 52.485877990722 -1.889003276824 -66.40 0.00 180.00 3.58 320 350 1
203372 52.485877990722 -1.889003276824 -66.80 0.00 178.24 3.58 318 350 1
203534 52.485877990722 -1.889003276824 -68.80 0.00 178.59 3.58 320 347 1
203696 52.485877990722 -1.889003276824 -68.50 0.00 180.00 3.58 322 347 1
203858 52.485877990722 -1.889003276824 -67.20 0.00 180.00 3.58 320 348 1
204019 52.485877990722 -1.889003276824 -65.70 0.00 -179.65 3.58 320 350 1
204180 52.485877990722 -1.889003276824 -64.30 0.00 180.00 3.58 318 348 1
204341 52.485877990722 -1.889003276824 -63.50 0.00 180.00 3.58 316 348 1
204503 52.485877990722 -1.889003276824 -62.80 0.00 180.00 3.58 316 348 1
204663 52.485877990722 -1.889003276824 -63.60 0.00 -177.54 3.58 316 350 1
204827 52.485877990722 -1.889003276824 -63.50 0.00 -174.37 3.58 316 345 1
204988 52.485912322998 -1.888946723937 -62.90 0.00 180.00 2.68 316 343 1
205149 52.485912322998 -1.888946723937 -62.40 0.00 178.24 2.68 312 350 1
205310 52.485912322998 -1.888946723937 -62.70 0.00 164.87 2.68 312 347 1
205471 52.485912322998 -1.888946723937 -62.70 0.00 163.46 2.68 322 333 1
205633 52.485912322998 -1.888946723937 -63.10 0.00 165.22 2.68 324 333 1
205795 52.485912322998 -1.888946723937 -64.60 0.00 172.26 2.68 324 334 1
205958 52.485908508300 -1.888915061950 -65.70 0.00 180.00 2.68 320 341 1
206118 52.485908508300 -1.888915061950 -66.60 0.00 -171.55 2.68 316 350 1
206280 52.485908508300 -1.888915061950 -67.00 0.00 -165.57 2.68 316 340 1
206440 52.485908508300 -1.888915061950 -67.10 0.00 -165.57 2.68 318 334 1
206602 52.485908508300 -1.888915061950 -67.10 0.00 -167.68 2.68 318 334 1
206763 52.485908508300 -1.888915061950 -66.90 0.00 -171.91 2.68 318 337 1
206926 52.485908508300 -1.888915061950 -66.40 0.00 -176.48 2.68 316 340 1
207087 52.485908508300 -1.888915061950 -65.60 0.00 -177.54 2.68 316 345 1
207248 52.485908508300 -1.888915061950 -64.70 0.00 -176.48 2.68 316 345 1
207409 52.485908508300 -1.888915061950 -64.00 0.00 -175.43 2.68 316 345 1
207570 52.485908508300 -1.888915061950 -63.60 0.00 -174.72 2.68 314 344 1
207732 52.485908508300 -1.888915061950 -63.50 0.00 -172.61 2.68 314 343 1
207895 52.485908508300 -1.888915061950 -63.70 0.00 -166.98 2.68 314 341 1
208056 52.485908508300 -1.888915061950 -63.90 0.00 -164.52 2.68 314 336 1
208218 52.485912322998 -1.888879966735 -63.90 0.00 -169.79 2.68 314 333 1
209779 52.485912322998 -1.888879966735 -62.70 0.00 180.00 1.79 200 338 1
209933 52.485912322998 -1.888879966735 -63.10 0.00 180.00 1.79 398 348 1
210095 52.485912322998 -1.888879966735 -63.30 0.00 180.00 1.79 398 348 1
210256 52.485912322998 -1.888879966735 -63.40 0.00 180.00 1.79 400 348 1
210416 52.485912322998 -1.888879966735 -63.40 0.00 180.00 1.79 400 348 1
210578 52.485912322998 -1.888879966735 -63.00 0.00 180.00 1.79 400 348 1
210740 52.485912322998 -1.888879966735 -60.50 0.00 180.00 1.79 398 348 1
210903 52.485912322998 -1.888879966735 -54.40 0.00 180.00 1.79 398 348 1
211063 52.485912322998 -1.888879966735 -44.10 0.00 180.00 1.79 396 348 1
211225 52.485912322998 -1.888879966735 -31.90 0.00 -177.54 1.79 389 350 1
211386 52.485912322998 -1.888879966735 -17.90 0.00 -172.26 1.79 383 345 1
211547 52.485912322998 -1.888879966735 -4.00 0.00 -171.20 1.79 375 341 1
211708 52.485912322998 -1.888879966735 9.80 0.00 -172.96 1.79 364 340 1
211871 52.485912322998 -1.888879966735 23.40 0.00 -175.78 2.24 354 341 1
212032 52.485912322998 -1.888879966735 35.20 0.00 180.00 2.24 341 344 1
212194 52.485912322998 -1.888879966735 46.90 0.00 -179.30 2.24 331 350 1
212355 52.485912322998 -1.888879966735 57.10 0.00 176.48 2.24 320 348 1
212515 52.485912322998 -1.888879966735 63.60 0.00 164.16 2.24 312 345 1
212677 52.485912322998 -1.888879966735 66.50 0.00 147.98 2.24 305 333 1
212840 52.485912322998 -1.888879966735 67.50 0.00 134.96 2.24 305 318 1
213001 52.485912322998 -1.888879966735 67.10 0.00 125.45 2.24 303 305 1
213163 52.485912322998 -1.888879966735 62.30 0.00 119.82 2.24 305 295 1
213323 52.485912322998 -1.888879966735 56.10 0.00 112.43 2.24 308 290 1
213485 52.485912322998 -1.888879966735 51.80 0.00 106.45 2.24 312 283 1
213646 52.485912322998 -1.888879966735 49.20 0.00 101.88 2.24 316 277 1
213809 52.485912322998 -1.888879966735 48.00 0.00 100.12 2.24 318 273 1
213970 52.485916137695 -1.888853263854 48.60 0.00 99.77 1.79 320 272 1
214131 52.485916137695 -1.888853263854 50.40 0.00 99.06 1.79 320 270 1
214293 52.485916137695 -1.888853263854 51.00 0.00 100.82 1.79 318 270 1
214454 52.485916137695 -1.888853263854 50.00 0.00 101.52 1.79 318 272 1
214615 52.485916137695 -1.888853263854 50.70 0.00 101.17 1.79 318 273 1
214776 52.485916137695 -1.888853263854 51.80 0.00 99.06 1.79 318 273 1
214939 52.485916137695 -1.888853263854 53.40 0.00 92.73 1.79 318 270 1
215100 52.485916137695 -1.888853263854 55.00 0.00 88.86 1.79 316 265 1
215262 52.485916137695 -1.888853263854 56.60 0.00 84.28 1.79 314 261 1
215422 52.485916137695 -1.888853263854 58.00 0.00 81.11 1.79 312 256 1
215583 52.485916137695 -1.888853263854 56.60 0.00 82.87 1.79 312 254 1
215745 52.485916137695 -1.888853263854 54.00 0.00 84.99 1.79 312 255 1
215908 52.485916137695 -1.888853263854 53.50 0.00 87.10 1.79 316 256 1
216069 52.485916137695 -1.888853263854 53.60 0.00 81.82 1.79 316 259 1
216230 52.485916137695 -1.888853263854 53.90 0.00 75.84 1.34 316 254 1
216391 52.485916137695 -1.888853263854 54.00 0.00 70.91 1.34 316 248 1
216553 52.485916137695 -1.888853263854 54.70 0.00 66.33 1.34 316 243 1
216714 52.485916137695 -1.888853263854 54.60 0.00 65.28 1.34 314 240 1
216878 52.485916137695 -1.888853263854 53.30 0.00 65.28 1.34 314 238 1
217038 52.485916137695 -1.888853263854 52.40 0.00 63.17 1.34 316 238 1
217199 52.485916137695 -1.888853263854 52.00 0.00 62.46 1.34 316 237 1
217360 52.485916137695 -1.888853263854 52.80 0.00 61.06 1.34 316 236 1
217522 52.485916137695 -1.888853263854 53.50 0.00 61.06 1.34 316 234 1
217682 52.485916137695 -1.888853263854 54.70 0.00 59.30 1.34 316 234 1
217846 52.485916137695 -1.888853263854 54.90 0.00 58.59 1.34 314 233 1
218007 52.485916137695 -1.888853263854 53.90 0.00 58.94 1.34 314 231 1
218169 52.485916137695 -1.888853263854 51.80 0.00 58.24 1.34 316 231 1
218329 52.485916137695 -1.888853263854 51.70 0.00 58.24 1.34 318 231 1
218490 52.485916137695 -1.888853263854 52.20 0.00 57.18 1.34 318 231 1
218652 52.485916137695 -1.888853263854 53.40 0.00 57.54 1.34 316 230 1
218814 52.485916137695 -1.888853263854 54.80 0.00 57.89 1.34 316 230 1
218976 52.485969543457 -1.888886642456 55.90 0.00 57.89 1.34 314 230 1
219138 52.485969543457 -1.888886642456 54.70 0.00 61.41 1.34 324 230 1
219298 52.485969543457 -1.888886642456 52.40 0.00 65.28 1.34 324 234 1
219459 52.485969543457 -1.888886642456 51.60 0.00 66.69 1.34 326 238 1
219621 52.485969543457 -1.888886642456 51.70 0.00 68.45 1.34 326 240 1
219783 52.485969543457 -1.888886642456 53.50 0.00 69.85 1.34 326 241 1
219945 52.485977172851 -1.888891696929 54.70 0.00 73.72 1.34 326 243 1
220106 52.485977172851 -1.888891696929 56.30 0.00 78.30 1.34 329 245 1
220267 52.485977172851 -1.888891696929 56.10 0.00 84.28 1.34 326 251 1
220428 52.485977172851 -1.888891696929 54.70 0.00 89.56 1.34 326 256 1
220590 52.485977172851 -1.888891696929 53.10 0.00 92.38 1.34 329 262 1
220751 52.485977172851 -1.888891696929 54.40 0.00 95.19 0.89 329 265 1
220914 52.485977172851 -1.888891696929 56.40 0.00 95.89 0.89 329 268 1
221075 52.485977172851 -1.888891696929 58.40 0.00 97.30 0.89 326 268 1
221237 52.485977172851 -1.888891696929 60.10 0.00 99.06 0.89 324 269 1
221398 52.485977172851 -1.888891696929 59.60 0.00 101.88 0.89 322 270 1
221558 52.485977172851 -1.888891696929 57.00 0.00 105.40 0.89 324 273 1
221720 52.485977172851 -1.888891696929 52.30 0.00 104.34 0.89 326 277 1
221883 52.485977172851 -1.888891696929 50.50 0.00 100.47 0.89 331 276 1
222044 52.485977172851 -1.888891696929 50.80 0.00 98.71 0.89 333 272 1
222205 52.485977172851 -1.888891696929 51.20 0.00 100.82 0.89 331 270 1
222366 52.485977172851 -1.888891696929 53.00 0.00 101.52 0.89 331 272 1
222527 52.485977172851 -1.888891696929 54.70 0.00 106.45 0.89 329 273 1
222689 52.485977172851 -1.888891696929 54.20 0.00 109.27 0.89 329 277 1
222852 52.485977172851 -1.888891696929 52.10 0.00 109.97 0.89 329 280 1
223012 52.485977172851 -1.888891696929 50.00 0.00 109.62 0.89 331 280 1
223174 52.485977172851 -1.888891696929 49.60 0.00 109.62 0.89 333 280 1
223335 52.485977172851 -1.888891696929 51.50 0.00 109.97 0.89 333 280 1
223497 52.485977172851 -1.888891696929 52.50 0.00 110.32 0.89 331 280 1
223657 52.485977172851 -1.888891696929 52.70 0.00 109.62 0.89 331 281 1
223820 52.485977172851 -1.888891696929 52.30 0.00 109.27 0.89 331 280 1
223982 52.486026763916 -1.888925075531 49.90 0.00 109.27 0.89 331 280 1
224143 52.486026763916 -1.888925075531 45.20 0.00 109.27 0.89 354 280 1
224305 52.486026763916 -1.888925075531 40.40 0.00 109.62 0.89 356 280 1
224465 52.486026763916 -1.888925075531 39.50 0.00 109.97 0.89 360 280 1
224626 52.486026763916 -1.888925075531 40.80 0.00 109.27 0.89 362 280 1
224788 52.486026763916 -1.888925075531 46.60 0.00 109.27 0.89 360 280 1
224952 52.486038208007 -1.888923454284 55.50 0.00 108.21 0.89 356 280 1
225112 52.486038208007 -1.888923454284 67.40 0.00 108.21 0.89 352 280 1
225274 52.486038208007 -1.888923454284 77.50 0.00 108.21 0.45 343 280 1
225434 52.486038208007 -1.888923454284 85.60 0.00 108.21 0.45 333 280 1
225596 52.486038208007 -1.888923454284 92.40 0.00 107.86 0.45 404 280 1
225758 52.486038208007 -1.888923454284 98.50 0.00 108.21 0.45 398 279 1
225921 52.486038208007 -1.888923454284 102.90 0.00 107.86 0.45 394 280 1
226081 52.486038208007 -1.888923454284 108.90 0.00 107.51 0.45 389 279 1
226243 52.486038208007 -1.888923454284 116.20 0.00 106.80 0.45 381 279 1
226403 52.486038208007 -1.888923454284 125.50 0.00 106.80 0.45 373 277 1
226565 52.486038208007 -1.888923454284 133.60 0.00 106.80 0.45 358 277 1
226726 52.486038208007 -1.888923454284 140.20 0.00 106.80 0.45 345 277 1
226889 52.486038208007 -1.888923454284 144.60 0.00 106.80 0.45 335 277 1
227050 52.486038208007 -1.888923454284 150.10 0.00 107.51 0.45 326 277 1
227212 52.486038208007 -1.888923454284 156.60 0.00 107.86 0.45 316 279 1
227373 52.486038208007 -1.888923454284 161.40 0.00 109.97 0.45 305 279 1
227533 52.486038208007 -1.888923454284 163.40 0.00 111.38 0.45 295 280 1
227695 52.486038208007 -1.888923454284 164.10 0.00 113.84 0.45 291 283 1
227858 52.486038208007 -1.888923454284 163.80 0.00 116.30 0.45 287 284 1
228019 52.486038208007 -1.888923454284 161.00 0.00 117.01 0.45 284 287 1
228180 52.486038208007 -1.888923454284 156.20 0.00 116.66 0.45 289 288 1
228341 52.486038208007 -1.888923454284 155.60 0.00 118.77 0.45 299 287 1
228503 52.486038208007 -1.888923454284 155.60 0.00 120.88 0.45 297 290 1
228664 52.486038208007 -1.888923454284 158.60 0.00 125.45 0.45 295 291 1
228827 52.486038208007 -1.888923454284 161.10 0.00 138.83 0.45 287 295 1
228988 52.486038208007 -1.888923454284 162.70 0.00 160.29 0.45 270 308 1
229149 52.486038208007 -1.888923454284 161.90 0.00 -179.65 0.45 249 330 1
229310 52.486038208007 -1.888923454284 157.10 0.00 -157.48 0.45 259 348 1
229471 52.486038208007 -1.888923454284 152.40 0.00 -135.66 0.45 263 327 1
229633 52.486038208007 -1.888923454284 147.80 0.00 -118.77 0.45 268 305 1
229795 52.486038208007 -1.888923454284 142.90 0.00 -103.64 0.45 272 290 1
229957 52.486026763916 -1.889001655578 139.00 0.00 -92.02 0.45 276 275 1
230118 52.486026763916 -1.889001655578 135.80 0.00 -83.58 0.45 278 265 1
230279 52.486026763916 -1.889001655578 129.30 0.00 -76.19 0.45 280 255 1
230439 52.486026763916 -1.889001655578 120.80 0.00 -70.56 0.45 287 250 1
230601 52.486026763916 -1.889001655578 115.00 0.00 -70.56 0.45 295 243 1
230763 52.486026763916 -1.889001655578 109.60 0.00 -70.91 0.45 299 243 1
230926 52.486026763916 -1.889001655578 106.00 0.00 -71.26 0.45 305 243 1
231087 52.486026763916 -1.889001655578 105.40 0.00 -74.08 0.45 305 244 1
231248 52.486026763916 -1.889001655578 103.60 0.00 -72.32 0.45 305 247 1
231409 52.486026763916 -1.889001655578 100.00 0.00 -68.09 0.45 308 245 1
231570 52.486026763916 -1.889001655578 94.50 0.00 -65.98 0.45 312 241 1
231732 52.486026763916 -1.889001655578 91.20 0.00 -66.69 0.45 316 238 1
231895 52.486026763916 -1.889001655578 89.70 0.00 -66.69 0.45 320 240 1
232055 52.486026763916 -1.889001655578 90.20 0.00 -66.69 1.34 320 240 1
232217 52.486026763916 -1.889001655578 91.90 0.00 -66.33 1.34 320 240 1
232378 52.486026763916 -1.889001655578 92.30 0.00 -65.63 1.34 318 240 1
232539 52.486026763916 -1.889001655578 92.50 0.00 -64.57 1.34 318 238 1
232700 52.486026763916 -1.889001655578 90.20 0.00 -63.17 1.34 318 237 1
232863 52.486026763916 -1.889001655578 87.40 0.00 -63.52 1.34 320 237 1
233024 52.486026763916 -1.889001655578 87.70 0.00 -64.57 1.34 322 237 1
233186 52.486026763916 -1.889001655578 89.70 0.00 -65.63 1.34 322 237 1
233347 52.486026763916 -1.889001655578 91.10 0.00 -65.63 1.34 320 238 1
233508 52.486026763916 -1.889001655578 92.40 0.00 -66.33 1.34 320 238 1
233669 52.486026763916 -1.889001655578 94.40 0.00 -66.69 1.34 318 240 1
233832 52.486026763916 -1.889001655578 94.20 0.00 -66.69 1.34 316 240 1
233994 52.486007690429 -1.889035034179 91.70 0.00 -66.69 1.34 316 240 1
234155 52.486007690429 -1.889035034179 91.20 0.00 -67.04 1.34 312 240 1
234315 52.486007690429 -1.889035034179 91.70 0.00 -67.74 0.89 312 240 1
234477 52.486007690429 -1.889035034179 92.70 0.00 -67.74 0.89 312 240 1
234638 52.486007690429 -1.889035034179 93.90 0.00 -68.09 0.89 312 240 1
234801 52.486007690429 -1.889035034179 94.60 0.00 -66.69 0.89 310 241 1
234962 52.486003875732 -1.889055061340 92.70 0.00 -66.33 0.89 310 240 1
235123 52.486003875732 -1.889055061340 90.50 0.00 -65.98 0.89 308 240 1
235285 52.486003875732 -1.889055061340 89.80 0.00 -67.04 0.89 310 238 1
235446 52.486003875732 -1.889055061340 90.30 0.00 -67.04 0.89 312 240 1
235608 52.486003875732 -1.889055061340 91.40 0.00 -67.04 0.89 310 240 1
235769 52.486003875732 -1.889055061340 91.60 0.00 -67.04 0.89 310 240 1
235932 52.486003875732 -1.889076709747 91.90 0.00 -67.04 0.89 310 240 1
236093 52.486003875732 -1.889076709747 91.50 0.00 -66.69 0.89 310 240 1
236255 52.486003875732 -1.889076709747 89.50 0.00 -66.69 0.89 310 240 1
236414 52.486003875732 -1.889076709747 88.20 0.00 -66.69 0.89 312 240 1
236576 52.486003875732 -1.889076709747 87.80 0.00 -67.04 0.00 314 240 1
236737 52.486003875732 -1.889076709747 88.20 0.00 -66.69 0.00 358 240 1
236901 52.486003875732 -1.889076709747 87.00 0.00 -66.33 0.00 358 240 1
237062 52.486003875732 -1.889076709747 86.70 0.00 -66.69 0.00 360 240 1
237222 52.486003875732 -1.889076709747 87.50 0.00 -67.04 0.00 360 240 1
237383 52.486003875732 -1.889076709747 90.10 0.00 -68.45 0.00 358 240 1
237545 52.486003875732 -1.889076709747 94.90 0.00 -70.91 0.00 356 241 1
237707 52.486003875732 -1.889076709747 100.70 0.00 -72.32 0.00 354 243 1
237870 52.486003875732 -1.889076709747 106.90 0.00 -72.67 0.00 347 245 1
238030 52.486003875732 -1.889076709747 111.60 0.00 -73.37 0.00 343 245 1
238192 52.486003875732 -1.889076709747 117.90 0.00 -76.89 0.00 339 245 1
238352 52.486003875732 -1.889076709747 122.10 0.00 -79.35 0.00 333 250 1
238514 52.486003875732 -1.889076709747 123.40 0.00 -80.76 0.00 331 252 1
238675 52.486003875732 -1.889076709747 123.80 0.00 -82.87 0.00 329 252 1
238838 52.486003875732 -1.889076709747 127.90 0.00 -89.91 0.00 329 255 1
238999 52.486003875732 -1.889076709747 132.40 0.00 -99.06 0.00 324 262 1
239161 52.486003875732 -1.889076709747 135.10 0.00 -107.51 0.00 320 270 1
239322 52.486003875732 -1.889076709747 137.70 0.00 -118.77 0.00 318 279 1
239482 52.486003875732 -1.889076709747 139.70 0.00 -125.10 0.00 316 290 1
239644 52.486003875732 -1.889076709747 139.90 0.00 -130.38 0.00 314 295 1
239807 52.486003875732 -1.889076709747 138.20 0.00 -134.60 0.00 314 301 1
239969 52.486000061035 -1.889178276062 138.60 0.00 -136.36 0.00 316 305 1
240130 52.486000061035 -1.889178276062 139.40 0.00 -140.59 0.00 314 306 1
240291 52.486000061035 -1.889178276062 139.30 0.00 -144.81 0.00 314 311 1
240452 52.486000061035 -1.889178276062 138.80 0.00 -149.03 0.00 314 315 1
240613 52.486000061035 -1.889178276062 139.20 0.00 -150.09 0.00 314 319 1
240775 52.486000061035 -1.889178276062 138.10 0.00 -148.68 0.00 314 320 1
240937 52.485984802246 -1.889191627502 135.90 0.00 -148.33 0.00 316 318 1
241098 52.485984802246 -1.889191627502 136.50 0.00 -143.05 0.89 318 318 1
241260 52.485984802246 -1.889191627502 137.80 0.00 -135.31 0.89 266 313 1
241421 52.485984802246 -1.889191627502 138.70 0.00 -125.45 0.89 266 305 1
241582 52.485984802246 -1.889191627502 137.60 0.00 -121.23 0.89 263 295 1
241743 52.485984802246 -1.889191627502 134.30 0.00 -117.71 0.89 266 293 1
241906 52.485984802246 -1.889191627502 128.40 0.00 -115.95 0.89 268 288 1
242067 52.485984802246 -1.889191627502 119.90 0.00 -116.66 0.89 272 287 1
242229 52.485984802246 -1.889191627502 113.60 0.00 -115.95 0.89 280 287 1
242390 52.485984802246 -1.889191627502 107.70 0.00 -117.36 0.89 287 287 1
242550 52.485984802246 -1.889191627502 102.80 0.00 -119.47 0.89 291 288 1
242712 52.485984802246 -1.889191627502 100.10 0.00 -122.64 0.89 295 290 1
242875 52.485984802246 -1.889191627502 96.20 0.00 -122.99 0.89 297 293 1
243036 52.485984802246 -1.889191627502 90.50 0.00 -122.64 0.89 301 293 1
243197 52.485984802246 -1.889191627502 83.20 0.00 -123.70 0.89 305 293 1
243358 52.485984802246 -1.889191627502 80.90 0.00 -125.45 0.89 320 294 1
243520 52.485984802246 -1.889191627502 79.60 0.00 -127.21 0.89 326 295 1
243681 52.485984802246 -1.889191627502 78.80 0.00 -127.21 0.89 331 298 1
243845 52.485984802246 -1.889191627502 79.00 0.00 -127.92 0.89 331 298 1
244005 52.485984802246 -1.889191627502 79.70 0.00 -126.51 0.89 331 298 1
244166 52.485984802246 -1.889191627502 78.10 0.00 -125.45 0.89 329 297 1
244327 52.485984802246 -1.889191627502 75.70 0.00 -125.45 0.89 331 295 1
244489 52.485984802246 -1.889191627502 74.60 0.00 -125.10 0.89 335 295 1
244649 52.485984802246 -1.889191627502 74.40 0.00 -125.45 0.89 337 295 1
244812 52.485984802246 -1.889191627502 74.90 0.00 -125.45 0.89 337 295 1
244974 52.485988616943 -1.889319992065 75.00 0.00 -126.51 0.89 337 295 1
245135 52.485988616943 -1.889319992065 75.50 0.00 -124.40 0.89 337 297 1
245297 52.485988616943 -1.889319992065 75.00 0.00 -121.58 0.89 335 295 1
245457 52.485988616943 -1.889319992065 72.20 0.00 -121.94 0.89 333 293 1
245619 52.485988616943 -1.889319992065 71.30 0.00 -125.10 0.45 339 293 1
245781 52.485988616943 -1.889319992065 71.30 0.00 -128.27 0.45 343 295 1
245944 52.485996246337 -1.889346599578 74.40 0.00 -130.73 0.45 345 300 1
246105 52.485996246337 -1.889346599578 77.30 0.00 -132.49 0.45 341 301 1
246266 52.485996246337 -1.889346599578 80.20 0.00 -132.14 0.45 339 302 1
246426 52.485996246337 -1.889346599578 83.00 0.00 -129.68 0.45 333 302 1
246588 52.485996246337 -1.889346599578 84.10 0.00 -129.68 0.45 326 300 1
246750 52.485996246337 -1.889346599578 85.60 0.00 -130.38 0.45 324 300 1
246913 52.485996246337 -1.889346599578 88.30 0.00 -131.09 0.45 322 301 1
247073 52.485996246337 -1.889346599578 91.60 0.00 -131.09 0.45 318 302 1
247235 52.485996246337 -1.889346599578 93.10 0.00 -132.14 0.45 312 302 1
247396 52.485996246337 -1.889346599578 94.00 0.00 -133.20 0.45 310 302 1
247557 52.485996246337 -1.889346599578 94.80 0.00 -132.14 0.45 310 304 1
247718 52.485996246337 -1.889346599578 91.90 0.00 -132.49 0.89 308 302 1
247881 52.485996246337 -1.889346599578 88.40 0.00 -132.84 0.89 312 302 1
248042 52.485996246337 -1.889346599578 87.80 0.00 -134.60 0.89 318 302 1
248204 52.485996246337 -1.889346599578 88.60 0.00 -135.66 0.89 322 305 1
248365 52.485996246337 -1.889346599578 90.60 0.00 -137.42 0.89 322 305 1
248525 52.485996246337 -1.889346599578 91.40 0.00 -139.53 0.89 320 308 1
248687 52.485996246337 -1.889346599578 92.50 0.00 -138.48 0.89 320 309 1
248850 52.485996246337 -1.889346599578 91.70 0.00 -139.18 0.89 316 308 1
249011 52.485996246337 -1.889346599578 89.80 0.00 -140.23 0.89 318 309 1
249172 52.485996246337 -1.889346599578 90.80 0.00 -140.94 0.89 322 311 1
249333 52.485996246337 -1.889346599578 92.50 0.00 -141.99 0.89 322 311 1
249494 52.485996246337 -1.889346599578 93.50 0.00 -142.70 0.89 320 312 1
249656 52.485996246337 -1.889346599578 92.60 0.00 -144.46 0.89 318 312 1
249819 52.485996246337 -1.889346599578 93.40 0.00 -143.75 0.89 322 315 1
249980 52.486011505126 -1.889418411254 93.60 0.00 -143.40 0.89 320 313 1
250141 52.486011505126 -1.889418411254 92.80 0.00 -144.11 0.89 320 313 1
250303 52.486011505126 -1.889418411254 94.10 0.00 -143.40 0.89 322 315 1
250464 52.486011505126 -1.889418411254 94.90 0.00 -144.81 0.89 318 313 1
250625 52.486011505126 -1.889418411254 95.70 0.00 -145.16 0.89 318 315 1
250787 52.486011505126 -1.889418411254 95.90 0.00 -149.74 0.89 316 315 1
250949 52.486011505126 -1.889440059661 96.80 0.00 -146.57 0.89 320 319 1
251110 52.486011505126 -1.889440059661 96.50 0.00 -148.68 0.89 316 316 1
251272 52.486011505126 -1.889440059661 93.80 0.00 -150.09 0.89 318 318 1
251432 52.486011505126 -1.889440059661 93.30 0.00 -151.85 0.89 324 320 1
251593 52.486011505126 -1.889440059661 93.60 0.00 -154.31 0.89 326 320 1
251755 52.486011505126 -1.889440059661 94.20 0.00 -154.66 0.89 329 325 1
251919 52.486015319824 -1.889458274841 94.20 0.00 -160.29 0.89 329 325 1
252080 52.486015319824 -1.889458274841 95.10 0.00 -161.70 0.89 333 330 1
252241 52.486015319824 -1.889458274841 94.80 0.00 -165.92 0.00 333 330 1
252401 52.486015319824 -1.889458274841 93.30 0.00 -170.15 0.00 354 334 1
252562 52.486015319824 -1.889458274841 92.70 0.00 -174.37 0.00 354 340 1
252724 52.486015319824 -1.889458274841 93.20 0.00 180.00 0.00 354 343 1
252887 52.486015319824 -1.889458274841 94.40 0.00 180.00 0.00 354 350 1
253047 52.486015319824 -1.889458274841 94.80 0.00 180.00 0.00 354 350 1
253209 52.486015319824 -1.889458274841 96.10 0.00 180.00 0.00 354 350 1
253370 52.486015319824 -1.889458274841 96.50 0.00 180.00 0.00 352 348 1
253532 52.486015319824 -1.889458274841 95.70 0.00 180.00 0.00 352 348 1
253692 52.486015319824 -1.889458274841 94.00 0.00 180.00 0.00 352 348 1
253855 52.486015319824 -1.889458274841 94.40 0.00 180.00 0.00 354 348 1
254017 52.486015319824 -1.889458274841 94.70 0.00 178.59 0.00 354 348 1
254178 52.486015319824 -1.889458274841 95.60 0.00 177.54 0.00 354 347 1
254339 52.486015319824 -1.889458274841 95.70 0.00 176.13 0.00 352 345 1
254500 52.486015319824 -1.889458274841 96.70 0.00 174.02 0.89 352 345 1
254662 52.486015319824 -1.889458274841 97.10 0.00 173.67 0.89 352 343 1
254825 52.486015319824 -1.889458274841 95.80 0.00 173.31 0.89 350 343 1
254986 52.486015319824 -1.889458274841 95.00 0.00 172.96 0.89 354 343 1
255148 52.486015319824 -1.889458274841 93.90 0.00 172.96 0.89 354 341 1
255308 52.486015319824 -1.889458274841 93.30 0.00 172.61 0.89 356 341 1
255469 52.486015319824 -1.889458274841 94.60 0.00 173.31 0.89 358 341 1
255631 52.486015319824 -1.889458274841 97.90 0.00 172.61 0.89 356 343 1
255794 52.486015319824 -1.889458274841 102.50 0.00 172.61 0.89 350 341 1
255954 52.486019134521 -1.889519882202 107.60 0.00 172.61 0.89 343 341 1
256116 52.486019134521 -1.889519882202 112.80 0.00 172.61 0.89 333 341 1
256277 52.486019134521 -1.889519882202 118.10 0.00 172.96 0.89 324 341 1
256438 52.486019134521 -1.889519882202 121.90 0.00 172.96 0.89 314 341 1
256600 52.486019134521 -1.889519882202 124.80 0.00 172.61 0.89 308 341 1
256761 52.486019134521 -1.889519882202 125.30 0.00 172.61 0.89 305 341 1
256924 52.486019134521 -1.889519882202 125.00 0.00 171.20 0.89 303 341 1
257085 52.486019134521 -1.889519882202 126.30 0.00 170.50 0.89 305 340 1
257247 52.486019134521 -1.889519882202 126.70 0.00 170.50 0.89 303 340 1
257406 52.486019134521 -1.889519882202 126.00 0.00 170.50 0.89 303 340 1
257568 52.486019134521 -1.889519882202 124.10 0.00 170.15 0.89 303 340 1
257730 52.486019134521 -1.889519882202 123.30 0.00 169.79 0.89 305 340 1
257893 52.486019134521 -1.889519882202 123.70 0.00 169.09 0.89 308 338 1
258054 52.486019134521 -1.889519882202 125.30 0.00 169.44 0.89 308 338 1
258215 52.486019134521 -1.889519882202 125.70 0.00 168.74 0.89 305 338 1
258376 52.486019134521 -1.889519882202 126.10 0.00 171.55 0.89 305 337 1
258537 52.486019134521 -1.889519882202 126.80 0.00 172.61 0.89 303 340 1
258699 52.486019134521 -1.889519882202 124.20 0.00 173.67 0.89 301 341 1
258862 52.486019134521 -1.889519882202 120.90 0.00 173.31 0.89 305 343 1
259022 52.486019134521 -1.889519882202 118.70 0.00 172.61 0.89 310 343 1
259184 52.486019134521 -1.889519882202 117.60 0.00 172.26 0.89 314 341 1
259345 52.486019134521 -1.889519882202 117.00 0.00 171.91 0.89 316 341 1
259506 52.486019134521 -1.889519882202 116.50 0.00 171.91 0.89 318 340 1
259667 52.486019134521 -1.889519882202 116.30 0.00 172.26 0.89 318 340 1
259830 52.486019134521 -1.889519882202 114.90 0.00 172.26 0.89 318 341 1
259992 52.486019134521 -1.889519882202 112.20 0.00 171.91 0.89 320 341 1
260153 52.486019134521 -1.889519882202 109.10 0.00 170.85 0.89 326 340 1
260314 52.486019134521 -1.889519882202 108.30 0.00 166.28 0.89 333 340 1
260475 52.486019134521 -1.889519882202 109.70 0.00 166.63 0.89 337 336 1
260636 52.486019134521 -1.889519882202 110.40 0.00 163.81 0.89 335 336 1
260799 52.486019134521 -1.889519882202 110.80 0.00 164.16 0.89 337 333 1
260961 52.486000061035 -1.889581680297 111.30 0.00 165.92 0.89 335 333 1
261122 52.486000061035 -1.889581680297 109.80 0.00 166.63 0.89 333 334 1
261283 52.486000061035 -1.889581680297 109.40 0.00 166.63 0.45 335 336 1
261444 52.486000061035 -1.889581680297 110.50 0.00 166.98 0.45 335 336 1
261605 52.486000061035 -1.889581680297 111.90 0.00 168.39 0.45 333 336 1
261767 52.486000061035 -1.889581680297 112.60 0.00 169.09 0.45 331 337 1
261931 52.485996246337 -1.889590072631 113.10 0.00 170.50 0.45 329 338 1
262090 52.485996246337 -1.889590072631 113.20 0.00 175.07 0.45 326 340 1
262253 52.485996246337 -1.889590072631 112.40 0.00 174.37 0.45 322 344 1
262413 52.485996246337 -1.889590072631 110.60 0.00 177.18 0.45 324 343 1
262575 52.485996246337 -1.889590072631 110.40 0.00 179.30 0.45 324 345 1
262735 52.485996246337 -1.889590072631 110.30 0.00 180.00 0.45 322 348 1
262898 52.485996246337 -1.889590072631 110.90 0.00 180.00 0.45 322 348 1
263060 52.485996246337 -1.889590072631 110.70 0.00 179.30 0.45 320 348 1
263221 52.485996246337 -1.889590072631 111.40 0.00 179.65 0.45 322 348 1
263382 52.485996246337 -1.889590072631 111.30 0.00 180.00 0.45 320 348 1
263543 52.485996246337 -1.889590072631 108.70 0.00 180.00 0.45 320 348 1
263704 52.485996246337 -1.889590072631 106.10 0.00 180.00 0.45 324 348 1
263868 52.485996246337 -1.889590072631 106.10 0.00 180.00 0.45 331 348 1
264029 52.485996246337 -1.889590072631 106.80 0.00 180.00 0.45 331 348 1
264189 52.485996246337 -1.889590072631 108.50 0.00 180.00 0.45 329 348 1
264350 52.485996246337 -1.889590072631 109.10 0.00 180.00 0.45 324 348 1
264512 52.485996246337 -1.889590072631 110.60 0.00 180.00 0.45 324 348 1
264673 52.485996246337 -1.889590072631 111.80 0.00 180.00 0.45 322 348 1
264837 52.485996246337 -1.889590072631 111.20 0.00 180.00 0.45 320 348 1
264997 52.485996246337 -1.889590072631 109.90 0.00 -178.59 0.45 320 350 1
265158 52.485996246337 -1.889590072631 110.90 0.00 180.00 0.45 322 347 1
265319 52.485996246337 -1.889590072631 111.60 0.00 180.00 0.45 320 350 1
265481 52.485996246337 -1.889590072631 113.70 0.00 -175.43 0.45 320 350 1
265643 52.485996246337 -1.889590072631 115.00 0.00 -173.67 0.45 312 344 1
265805 52.485996246337 -1.889590072631 114.70 0.00 -170.50 0.00 308 343 1
265966 52.485988616943 -1.889648342132 113.70 0.00 -169.44 0.00 337 340 1
266127 52.485988616943 -1.889648342132 111.00 0.00 -169.09 0.00 337 338 1
266289 52.485988616943 -1.889648342132 109.00 0.00 -171.20 0.00 339 338 1
266449 52.485988616943 -1.889648342132 107.60 0.00 -170.50 0.00 341 340 1
266611 52.485988616943 -1.889648342132 106.50 0.00 -171.20 0.00 343 340 1
266773 52.485988616943 -1.889648342132 107.80 0.00 -171.91 0.00 343 340 1
266936 52.485988616943 -1.889648342132 112.80 0.00 -170.15 0.00 341 340 1
267097 52.485988616943 -1.889648342132 118.20 0.00 -164.16 0.00 337 340 1
267258 52.485988616943 -1.889648342132 120.90 0.00 -159.59 0.00 333 333 1
267418 52.485988616943 -1.889648342132 122.70 0.00 -157.83 0.00 331 329 1
267580 52.485988616943 -1.889648342132 127.50 0.00 -154.66 0.00 329 327 1
267742 52.485988616943 -1.889648342132 131.10 0.00 -151.14 0.00 324 325 1
267905 52.485988616943 -1.889648342132 133.70 0.00 -148.33 0.00 322 320 1
268065 52.485988616943 -1.889648342132 134.90 0.00 -146.57 0.89 320 318 1
268227 52.485988616943 -1.889648342132 135.00 0.00 -145.51 0.89 282 316 1
268387 52.485988616943 -1.889648342132 134.50 0.00 -145.87 0.89 282 315 1
268549 52.485988616943 -1.889648342132 132.90 0.00 -149.74 0.89 282 315 1
268710 52.485988616943 -1.889648342132 132.00 0.00 -161.70 0.89 284 319 1
268873 52.485988616943 -1.889648342132 129.60 0.00 -174.02 0.89 284 330 1
269034 52.485988616943 -1.889648342132 125.50 0.00 180.00 0.89 284 343 1
269196 52.485988616943 -1.889648342132 122.10 0.00 -171.91 0.89 297 350 1
269357 52.485988616943 -1.889648342132 119.60 0.00 -157.13 0.89 295 340 1
269517 52.485988616943 -1.889648342132 118.50 0.00 -145.87 0.89 287 327 1
269679 52.485988616943 -1.889648342132 115.40 0.00 -140.23 0.89 297 315 1
269842 52.485988616943 -1.889648342132 110.60 0.00 -141.29 0.89 301 311 1
270003 52.485988616943 -1.889648342132 106.20 0.00 -144.11 0.89 305 312 1
270164 52.485988616943 -1.889648342132 105.00 0.00 -145.51 0.89 299 315 1
270325 52.485988616943 -1.889648342132 103.80 0.00 -150.44 1.34 303 315 1
270487 52.485988616943 -1.889648342132 102.90 0.00 -151.14 1.34 308 320 1
270648 52.485988616943 -1.889648342132 101.10 0.00 -152.20 1.34 310 320 1
270811 52.485988616943 -1.889648342132 100.80 0.00 -152.90 1.34 314 322 1
270972 52.485973358154 -1.889708328247 99.60 0.00 -144.11 1.34 314 322 1
271133 52.485973358154 -1.889708328247 97.60 0.00 -140.59 1.34 310 315 1
271294 52.485973358154 -1.889708328247 94.40 0.00 -142.70 1.34 310 311 1
271456 52.485973358154 -1.889708328247 92.00 0.00 -147.62 1.34 318 312 1
271617 52.485973358154 -1.889708328247 90.20 0.00 -155.72 1.34 326 318 1
271778 52.485973358154 -1.889708328247 89.10 0.00 -156.07 1.34 337 325 1
271941 52.485973358154 -1.889718246459 88.40 0.00 -155.72 1.34 339 326 1
272102 52.485973358154 -1.889718246459 88.10 0.00 -150.44 1.34 339 325 1
272264 52.485973358154 -1.889718246459 88.20 0.00 -142.35 1.34 335 320 1
272424 52.485973358154 -1.889718246459 87.60 0.00 -139.88 1.34 329 312 1
272585 52.485973358154 -1.889718246459 86.60 0.00 -140.59 1.79 326 309 1
272747 52.485973358154 -1.889718246459 84.40 0.00 -140.94 1.79 329 311 1
272910 52.485973358154 -1.889718246459 82.90 0.00 -141.29 1.79 333 311 1
273071 52.485973358154 -1.889718246459 82.80 0.00 -138.12 1.79 337 312 1
273232 52.485973358154 -1.889718246459 82.90 0.00 -141.29 1.79 335 308 1
273393 52.485973358154 -1.889718246459 83.40 0.00 -141.99 1.79 337 312 1
273555 52.485973358154 -1.889718246459 84.60 0.00 -141.99 1.79 337 312 1
273716 52.485973358154 -1.889718246459 86.70 0.00 -141.64 1.79 335 312 1
273879 52.485973358154 -1.889718246459 88.80 0.00 -137.77 1.79 331 312 1
274039 52.485973358154 -1.889718246459 88.90 0.00 -134.60 1.79 322 308 1
274201 52.485973358154 -1.889718246459 89.70 0.00 -134.60 1.79 320 305 1
274362 52.485973358154 -1.889718246459 89.70 0.00 -134.60 1.79 318 305 1
274524 52.485973358154 -1.889718246459 89.60 0.00 -133.90 1.79 318 305 1
274684 52.485973358154 -1.889718246459 89.00 0.00 -133.90 1.79 318 304 1
274848 52.485973358154 -1.889718246459 88.60 0.00 -133.55 0.89 318 304 1
275009 52.485973358154 -1.889718246459 88.40 0.00 -133.20 0.89 320 304 1
275170 52.485973358154 -1.889718246459 87.50 0.00 -132.84 0.89 320 304 1
275331 52.485973358154 -1.889718246459 86.80 0.00 -132.49 0.89 320 302 1
275492 52.485973358154 -1.889718246459 86.20 0.00 -132.14 0.89 322 302 1
275653 52.485973358154 -1.889718246459 85.30 0.00 -131.44 0.89 322 302 1
275817 52.485973358154 -1.889718246459 84.50 0.00 -132.49 0.89 324 302 1
275978 52.485973358154 -1.889718246459 84.90 0.00 -130.03 0.89 326 302 1
276139 52.485973358154 -1.889718246459 84.10 0.00 -127.92 0.89 322 301 1
276300 52.485973358154 -1.889718246459 82.20 0.00 -126.16 0.89 322 298 1
276461 52.485973358154 -1.889718246459 79.60 0.00 -127.92 0.89 324 297 1
276623 52.485973358154 -1.889718246459 76.60 0.00 -127.92 0.89 331 298 1
276785 52.485973358154 -1.889718246459 71.70 0.00 -127.92 0.89 335 298 1
276946 52.485973358154 -1.889718246459 64.20 0.00 -127.21 0.89 343 298 1
277108 52.485973358154 -1.889718246459 54.30 0.00 -126.16 1.79 356 298 1
277269 52.485973358154 -1.889718246459 44.20 0.00 -125.10 1.79 371 297 1
277430 52.485973358154 -1.889718246459 34.80 0.00 -125.10 1.79 383 295 1
277592 52.485973358154 -1.889718246459 26.00 0.00 -121.23 1.79 394 295 1
277753 52.485973358154 -1.889718246459 16.30 0.00 -118.77 1.79 400 293 1
277916 52.485973358154 -1.889718246459 6.40 0.00 -118.06 1.79 404 290 1
278077 52.485973358154 -1.889718246459 -3.30 0.00 -117.36 1.79 408 290 1
278239 52.485973358154 -1.889718246459 -14.20 0.00 -117.71 1.79 203 288 1
278398 52.485973358154 -1.889718246459 -25.90 0.00 -117.71 1.79 205 288 1
278560 52.485973358154 -1.889718246459 -37.00 0.00 -117.36 1.79 211 288 1
278722 52.485973358154 -1.889718246459 -46.70 0.00 -112.43 1.79 221 288 1
278885 52.485973358154 -1.889718246459 -55.00 0.00 -97.65 1.79 230 283 1
279046 52.485973358154 -1.889718246459 -61.50 0.00 -70.56 1.79 230 269 1
279206 52.485973358154 -1.889718246459 -67.00 0.00 -29.03 1.79 221 243 1
279367 52.485973358154 -1.889718246459 -73.10 0.00 17.42 0.45 209 350 1
279529 52.485973358154 -1.889718246459 -79.20 0.00 52.26 0.45 203 350 1
279690 52.485973358154 -1.889718246459 -85.00 0.00 58.24 0.45 203 226 1
279854 52.485973358154 -1.889718246459 -89.20 0.00 48.04 0.45 203 231 1
280014 52.485973358154 -1.889718246459 -90.50 0.00 36.07 0.45 203 350 1
280176 52.485973358154 -1.889718246459 -90.10 0.00 32.20 0.45 205 350 1
280337 52.485973358154 -1.889718246459 -89.40 0.00 32.90 0.45 205 350 1
280498 52.485973358154 -1.889718246459 -89.10 0.00 32.55 0.45 205 350 1
280659 52.485973358154 -1.889718246459 -88.80 0.00 32.55 0.45 205 350 1
280822 52.485973358154 -1.889718246459 -87.90 0.00 31.50 0.45 205 350 1
280983 52.485973358154 -1.889718246459 -87.40 0.00 31.50 0.45 205 350 1
281145 52.485973358154 -1.889718246459 -87.70 0.00 31.85 0.45 205 350 1
281306 52.485973358154 -1.889718246459 -87.70 0.00 32.55 0.45 205 350 1
281466 52.485973358154 -1.889718246459 -87.40 0.00 32.55 0.89 203 350 1
281628 52.485973358154 -1.889718246459 -86.70 0.00 32.55 0.89 203 350 1
281791 52.485973358154 -1.889718246459 -86.70 0.00 32.55 0.89 203 350 1
281952 52.485973358154 -1.889718246459 -87.00 0.00 32.55 0.89 203 350 1
282114 52.485973358154 -1.889718246459 -86.70 0.00 32.55 0.89 203 350 1
282274 52.485973358154 -1.889718246459 -86.10 0.00 32.90 0.89 203 350 1
282436 52.485973358154 -1.889718246459 -85.40 0.00 33.26 0.89 203 350 1
282597 52.485973358154 -1.889718246459 -85.00 0.00 33.61 0.89 203 350 1
282759 52.485973358154 -1.889718246459 -84.90 0.00 34.66 0.89 203 350 1
282921 52.485973358154 -1.889718246459 -84.70 0.00 36.77 0.89 203 350 1
283082 52.485973358154 -1.889718246459 -84.60 0.00 38.18 0.89 203 350 1
283244 52.485973358154 -1.889718246459 -84.80 0.00 38.89 0.89 203 350 1
283405 52.485973358154 -1.889718246459 -84.90 0.00 38.89 0.89 203 350 1
283566 52.485973358154 -1.889718246459 -84.70 0.00 39.24 0.89 203 350 1
283727 52.485973358154 -1.889718246459 -84.40 0.00 39.94 1.79 203 350 1
283890 52.485973358154 -1.889718246459 -84.40 0.00 41.00 1.79 203 350 1
284071 52.485973358154 -1.889718246459 -84.80 0.00 41.70 1.79 203 350 1
284233 52.485973358154 -1.889718246459 -85.60 0.00 42.40 1.79 203 350 1
284394 52.485973358154 -1.889718246459 -86.90 0.00 42.40 1.79 203 350 1
284555 52.485973358154 -1.889718246459 -87.70 0.00 42.76 1.79 203 350 1
284717 52.485973358154 -1.889718246459 -88.30 0.00 43.46 1.79 203 350 1
284879 52.485973358154 -1.889718246459 -89.00 0.00 45.22 1.79 203 350 1
285040 52.485973358154 -1.889718246459 -89.40 0.00 47.68 1.79 203 350 1
285202 52.485973358154 -1.889718246459 -89.30 0.00 48.74 1.79 203 350 1
285363 52.485973358154 -1.889718246459 -89.20 0.00 49.79 1.79 203 350 1
285523 52.485973358154 -1.889718246459 -89.20 0.00 50.50 1.79 203 350 1
285685 52.485973358154 -1.889718246459 -88.70 0.00 50.50 1.79 203 225 1
285848 52.485973358154 -1.889718246459 -88.40 0.00 50.50 1.79 203 225 1
286010 52.485973358154 -1.889718246459 -88.50 0.00 50.50 1.34 203 225 1
286171 52.485973358154 -1.889718246459 -88.80 0.00 50.50 1.34 203 225 1
286331 52.485973358154 -1.889718246459 -88.90 0.00 50.50 1.34 203 225 1
286493 52.485973358154 -1.889718246459 -88.70 0.00 50.50 1.34 203 225 1
286654 52.485973358154 -1.889718246459 -88.30 0.00 48.74 1.34 203 225 1
286817 52.485973358154 -1.889718246459 -87.90 0.00 48.74 1.34 203 350 1
286979 52.485973358154 -1.889718246459 -87.60 0.00 52.26 1.34 203 350 1
287139 52.485973358154 -1.889718246459 -87.60 0.00 52.96 1.34 203 226 1
287300 52.485973358154 -1.889718246459 -87.40 0.00 52.61 1.34 203 226 1
287461 52.485973358154 -1.889718246459 -87.20 0.00 51.91 1.34 203 226 1
287623 52.485973358154 -1.889718246459 -87.30 0.00 49.79 1.34 203 225 1
