9332 0.00 ovf 11.30 52.79 0.00 305 230 1
9486 0.00 ovf 11.10 52.79 0.00 200 181 1
9626 0.00 ovf 10.40 52.79 0.00 200 181 1
9768 0.00 ovf 10.90 52.79 0.00 200 181 1
9910 0.00 ovf 11.10 52.43 0.00 200 181 1
10051 0.00 ovf 10.90 52.43 0.00 200 181 1
10192 0.00 ovf 10.30 52.79 0.00 200 181 1
10336 0.00 ovf 11.20 52.43 0.00 200 181 1
10475 0.00 ovf 11.30 52.79 0.00 200 181 1
10616 0.00 ovf 11.30 52.79 0.00 200 181 1
10758 0.00 ovf 11.30 52.43 0.00 200 181 1
10899 0.00 ovf 11.30 52.79 0.00 200 181 1
11040 0.00 ovf 11.30 52.79 0.00 200 181 1
11182 0.00 ovf 11.30 52.43 0.00 200 181 1
11325 0.00 ovf 11.30 52.79 0.00 200 181 1
11464 0.00 ovf 11.30 52.79 0.00 200 181 1
11606 0.00 ovf 11.30 52.79 0.00 200 181 1
11747 0.00 ovf 11.30 52.79 0.00 200 181 1
11888 0.00 ovf 11.30 52.79 0.00 200 181 1
12029 0.00 ovf 11.30 52.79 0.00 200 181 1
12171 0.00 ovf 11.30 52.43 0.00 200 181 1
12313 0.00 ovf 11.30 52.79 0.00 200 181 1
12453 0.00 ovf 11.30 52.79 0.00 200 181 1
12596 0.00 ovf 11.30 52.79 0.00 200 181 1
12737 0.00 ovf 11.30 52.79 0.00 200 181 1
12878 0.00 ovf 11.30 52.79 0.00 200 181 1
13020 0.00 ovf 11.30 52.79 0.00 200 181 1
13161 0.00 ovf 11.30 52.79 0.00 200 181 1
13304 0.00 ovf 11.30 52.79 0.00 200 181 1
13443 0.00 ovf 11.30 52.79 0.00 200 181 1
13585 0.00 ovf 11.30 52.79 0.00 200 181 1
13726 0.00 ovf 11.30 52.79 0.00 200 181 1
13868 0.00 ovf 11.30 52.79 0.00 200 181 1
14009 0.00 ovf 11.30 52.79 0.00 200 181 1
14150 0.00 ovf 11.30 52.43 0.00 200 181 1
14294 0.00 ovf 11.30 52.79 0.00 200 181 1
14433 0.00 ovf 11.30 52.79 0.00 200 181 1
14574 0.00 ovf 11.30 52.79 0.00 200 181 1
14715 0.00 ovf 11.30 52.79 0.00 200 181 1
14857 0.00 ovf 11.30 52.79 0.00 200 181 1
14998 0.00 ovf 11.30 52.79 0.00 200 181 1
15139 0.00 ovf 11.30 52.79 0.00 200 181 1
15283 0.00 ovf 11.30 52.79 0.00 200 181 1
15424 0.00 ovf 11.30 52.79 0.00 200 181 1
15563 0.00 ovf 11.30 52.79 0.00 200 181 1
15705 0.00 ovf 11.30 52.79 0.00 200 181 1
15847 0.00 ovf 11.30 52.79 0.00 200 181 1
15988 0.00 ovf 11.30 52.79 0.00 200 181 1
16130 0.00 ovf 11.30 52.79 0.00 200 181 1
16272 0.00 ovf 11.30 52.43 0.00 200 181 1
16413 0.00 ovf 11.30 52.79 0.00 200 181 1
16553 0.00 ovf 11.30 52.79 0.00 200 181 1
16695 0.00 ovf 11.30 52.79 0.00 200 181 1
16836 0.00 ovf 11.30 52.43 0.00 200 181 1
16977 0.00 ovf 11.30 52.79 0.00 200 181 1
17119 0.00 ovf 11.30 52.79 0.00 200 181 1
17261 0.00 ovf 11.30 52.79 0.00 200 181 1
17403 0.00 ovf 11.30 52.79 0.00 200 181 1
17543 0.00 ovf 11.30 52.79 0.00 200 181 1
17684 0.00 ovf 11.30 52.79 0.00 200 181 1
17825 0.00 ovf 11.30 52.79 0.00 200 181 1
17967 0.00 ovf 11.30 52.79 0.00 200 181 1
18108 0.00 ovf 11.30 52.43 0.00 200 181 1
18250 0.00 ovf 11.30 52.79 0.00 200 181 1
18393 0.00 ovf 11.30 52.79 0.00 200 181 1
18532 0.00 ovf 11.30 52.43 0.00 200 181 1
18673 0.00 ovf 11.30 52.43 0.00 200 181 1
18814 0.00 ovf 11.30 52.79 0.00 200 181 1
18957 0.00 ovf 11.30 52.79 0.00 200 181 1
19097 0.00 ovf 11.30 52.79 0.00 200 181 1
19239 0.00 ovf 11.30 52.79 0.00 200 181 1
19380 0.00 ovf 11.30 52.79 0.00 200 181 1
19522 0.00 ovf 11.30 52.79 0.00 200 181 1
19663 0.00 ovf 11.30 52.79 0.00 200 181 1
19805 0.00 ovf 11.30 52.79 0.00 200 181 1
19946 0.00 ovf 11.30 52.79 0.00 200 181 1
20087 0.00 ovf 11.30 52.79 0.00 200 181 1
20229 0.00 ovf 11.30 52.79 0.00 200 181 1
20370 0.00 ovf 11.30 52.79 0.00 200 181 1
20512 0.00 ovf 11.30 52.79 0.00 200 181 1
20653 0.00 ovf 11.30 52.79 0.00 200 181 1
20794 0.00 ovf 11.30 52.79 0.00 200 181 1
20935 0.00 ovf 11.30 52.79 0.00 200 181 1
21076 0.00 ovf 11.30 52.79 0.00 200 181 1
21218 0.00 ovf 11.30 52.79 0.00 200 181 1
21359 0.00 ovf 11.30 52.79 0.00 200 181 1
21501 0.00 ovf 11.30 52.79 0.00 200 181 1
21642 0.00 ovf 11.30 52.79 0.00 200 181 1
21783 0.00 ovf 11.30 52.43 0.00 200 181 1
21924 0.00 ovf 11.30 52.79 0.00 200 181 1
22066 0.00 ovf 11.30 52.79 0.00 200 181 1
22207 0.00 ovf 11.30 52.79 0.00 200 181 1
22349 0.00 ovf 11.30 52.79 0.00 200 181 1
22491 0.00 ovf 11.30 52.79 0.00 200 181 1
22632 0.00 ovf 11.30 52.79 0.00 200 181 1
22773 0.00 ovf 11.30 52.43 0.00 200 181 1
22915 0.00 ovf 11.30 52.79 0.00 200 181 1
23056 0.00 ovf 11.30 52.79 0.00 200 181 1
23197 0.00 ovf 11.30 52.43 0.00 200 181 1
23339 0.00 ovf 11.30 52.79 0.00 200 181 1
23480 0.00 ovf 11.30 52.79 0.00 200 181 1
23621 0.00 ovf 11.30 52.79 0.00 200 181 1
23762 0.00 ovf 11.30 52.79 0.00 200 181 1
23904 0.00 ovf 11.30 52.79 0.00 200 181 1
24045 0.00 ovf 11.30 52.79 0.00 200 181 1
24186 0.00 ovf 11.30 52.79 0.00 200 181 1
24328 0.00 ovf 11.30 52.79 0.00 200 181 1
24470 0.00 ovf 11.30 52.79 0.00 200 181 1
24610 0.00 ovf 11.30 52.79 0.00 200 181 1
24752 0.00 ovf 11.30 52.79 0.00 200 181 1
24893 0.00 ovf 11.30 52.79 0.00 200 181 1
25034 0.00 ovf 11.30 52.79 0.00 200 181 1
25176 0.00 ovf 11.30 52.79 0.00 200 181 1
25317 0.00 ovf 11.30 52.79 0.00 200 181 1
25459 0.00 ovf 11.30 52.79 0.00 200 181 1
25600 0.00 ovf 11.30 52.79 0.00 200 181 1
25742 0.00 ovf 11.30 52.79 0.00 200 181 1
25882 0.00 ovf 11.30 52.79 0.00 200 181 1
26024 0.00 ovf 11.30 52.79 0.00 200 181 1
26166 0.00 ovf 11.30 52.79 0.00 200 181 1
26307 0.00 ovf 11.30 52.79 0.00 200 181 1
26447 0.00 ovf 11.30 52.79 0.00 200 181 1
26590 0.00 ovf 11.30 52.43 0.00 200 181 1
26731 0.00 ovf 11.30 52.79 0.00 200 181 1
26872 0.00 ovf 11.30 52.79 0.00 200 181 1
27014 0.00 ovf 11.30 52.79 0.00 200 181 1
27155 0.00 ovf 11.30 52.79 0.00 200 181 1
27298 0.00 ovf 11.30 52.43 0.00 200 181 1
27438 0.00 ovf 11.30 52.79 0.00 200 181 1
27579 0.00 ovf 11.30 52.79 0.00 200 181 1
27720 0.00 ovf 11.30 52.79 0.00 200 181 1
27862 0.00 ovf 11.30 52.79 0.00 200 181 1
28003 0.00 ovf 11.30 52.79 0.00 200 181 1
28144 0.00 ovf 11.30 52.79 0.00 200 181 1
28288 0.00 ovf 11.30 52.79 0.00 200 181 1
28429 0.00 ovf 11.30 52.79 0.00 200 181 1
28568 0.00 ovf 11.30 52.79 0.00 200 181 1
28709 0.00 ovf 11.30 52.79 0.00 200 181 1
28851 0.00 ovf 11.30 52.79 0.00 200 181 1
28992 0.00 ovf 11.30 52.43 0.00 200 181 1
29133 0.00 ovf 11.30 52.79 0.00 200 181 1
29277 0.00 ovf 11.30 52.79 0.00 200 181 1
29418 0.00 ovf 11.30 52.43 0.00 200 181 1
29558 0.00 ovf 11.30 52.43 0.00 200 181 1
29700 0.00 ovf 11.30 52.79 0.00 200 181 1
29841 0.00 ovf 11.30 52.79 0.00 200 181 1
29982 0.00 ovf 11.30 52.79 0.00 200 181 1
30124 0.00 ovf 11.30 52.79 0.00 200 181 1
30266 0.00 ovf 11.30 52.79 0.00 200 181 1
30408 0.00 ovf 11.30 52.79 0.00 200 181 1
30547 0.00 ovf 11.30 52.79 0.00 200 181 1
30689 0.00 ovf 11.30 52.43 0.00 200 181 1
30830 0.00 ovf 11.30 52.79 0.00 200 181 1
30971 0.00 ovf 11.30 52.79 0.00 200 181 1
31113 0.00 ovf 11.30 52.79 0.00 200 181 1
31254 0.00 ovf 11.30 52.79 0.00 200 181 1
31397 0.00 ovf 11.30 52.43 0.00 200 181 1
31537 0.00 ovf 11.30 52.79 0.00 200 181 1
31678 0.00 ovf 11.30 52.79 0.00 200 181 1
31819 0.00 ovf 11.30 52.43 0.00 200 181 1
31961 0.00 ovf 11.30 52.79 0.00 200 181 1
32102 0.00 ovf 11.30 52.79 0.00 200 181 1
32244 0.00 ovf 11.30 52.79 0.00 200 181 1
32385 0.00 ovf 11.30 52.79 0.00 200 181 1
32527 0.00 ovf 11.30 52.79 0.00 200 181 1
32668 0.00 ovf 11.30 52.79 0.00 200 181 1
32809 0.00 ovf 11.30 52.79 0.00 200 181 1
32951 0.00 ovf 11.30 52.79 0.00 200 181 1
33092 0.00 ovf 11.30 52.79 0.00 200 181 1
33233 0.00 ovf 11.30 52.79 0.00 200 181 1
33375 0.00 ovf 11.30 52.79 0.00 200 181 1
33516 0.00 ovf 11.30 52.79 0.00 200 181 1
33657 0.00 ovf 11.30 52.43 0.00 200 181 1
33799 0.00 ovf 11.30 52.79 0.00 200 181 1
33940 0.00 ovf 11.30 52.79 0.00 200 181 1
34081 0.00 ovf 11.30 52.79 0.00 200 181 1
34223 0.00 ovf 11.30 52.79 0.00 200 181 1
34364 0.00 ovf 11.30 52.79 0.00 200 181 1
34505 0.00 ovf 11.30 52.79 0.00 200 181 1
34647 0.00 ovf 11.30 52.79 0.00 200 181 1
34788 0.00 ovf 11.30 52.79 0.00 200 181 1
34929 0.00 ovf 11.30 52.79 0.00 200 181 1
35070 0.00 ovf 11.30 52.79 0.00 200 181 1
35212 0.00 ovf 11.30 52.79 0.00 200 181 1
35353 0.00 ovf 11.30 52.79 0.00 200 181 1
35495 0.00 ovf 11.30 52.43 0.00 200 181 1
35636 0.00 ovf 11.30 52.79 0.00 200 181 1
35777 0.00 ovf 11.30 52.79 0.00 200 181 1
35919 0.00 ovf 11.30 52.79 0.00 200 181 1
36061 0.00 ovf 11.30 52.79 0.00 200 181 1
36202 0.00 ovf 11.30 52.79 0.00 200 181 1
36345 0.00 ovf 11.30 52.79 0.00 200 181 1
36487 0.00 ovf 11.30 52.79 0.00 200 181 1
36628 0.00 ovf 11.30 52.79 0.00 200 181 1
36769 0.00 ovf 11.30 52.79 0.00 200 181 1
36911 0.00 ovf 11.30 52.79 0.00 200 181 1
37052 0.00 ovf 11.30 52.79 0.00 200 181 1
37193 0.00 ovf 11.30 52.79 0.00 200 181 1
37335 0.00 ovf 11.30 52.79 0.00 200 181 1
37477 0.00 ovf 11.30 52.79 0.00 200 181 1
37617 0.00 ovf 11.30 52.79 0.00 200 181 1
37758 0.00 ovf 11.30 52.79 0.00 200 181 1
37900 0.00 ovf 11.30 52.79 0.00 200 181 1
38041 0.00 ovf 11.30 52.79 0.00 200 181 1
38182 0.00 ovf 11.30 52.43 0.00 200 181 1
38324 0.00 ovf 11.30 52.79 0.00 200 181 1
38466 0.00 ovf 11.30 52.79 0.00 200 181 1
38606 0.00 ovf 11.30 52.79 0.00 200 181 1
38749 0.00 ovf 11.30 52.79 0.00 200 181 1
38890 0.00 ovf 11.30 52.79 0.00 200 181 1
39031 0.00 ovf 11.30 52.79 0.00 200 181 1
39173 0.00 ovf 11.30 52.79 0.00 200 181 1
39314 0.00 ovf 11.30 52.79 0.00 200 181 1
39455 0.00 ovf 11.30 52.79 0.00 200 181 1
39597 0.00 ovf 11.30 52.79 0.00 200 181 1
39738 0.00 ovf 11.30 52.79 0.00 200 181 1
39879 0.00 ovf 11.30 52.79 0.00 200 181 1
40020 0.00 ovf 11.30 52.43 0.00 200 181 1
40162 0.00 ovf 11.30 52.79 0.00 200 181 1
40305 0.00 ovf 11.30 52.79 0.00 200 181 1
40443 0.00 ovf 11.30 52.79 0.00 200 181 1
40586 0.00 ovf 11.30 52.43 0.00 200 181 1
40727 0.00 ovf 11.30 52.79 0.00 200 181 1
40868 0.00 ovf 11.30 52.79 0.00 200 181 1
41010 0.00 ovf 11.30 52.79 0.00 200 181 1
41151 0.00 ovf 11.30 52.79 0.00 200 181 1
41294 0.00 ovf 11.30 52.79 0.00 200 181 1
41436 0.00 ovf 11.30 52.79 0.00 200 181 1
41575 0.00 ovf 11.30 52.79 0.00 200 181 1
41716 0.00 ovf 11.30 52.79 0.00 200 181 1
41858 0.00 ovf 11.30 52.79 0.00 200 181 1
41999 0.00 ovf 11.30 52.79 0.00 200 181 1
42141 0.00 ovf 11.30 52.79 0.00 200 181 1
42284 0.00 ovf 11.30 52.43 0.00 200 181 1
42425 0.00 ovf 11.30 52.79 0.00 200 181 1
42565 0.00 ovf 11.30 52.79 0.00 200 181 1
42706 0.00 ovf 11.30 52.43 0.00 200 181 1
42848 0.00 ovf 11.30 52.79 0.00 200 181 1
42989 0.00 ovf 11.30 52.79 0.00 200 181 1
43130 0.00 ovf 11.30 52.79 0.00 200 181 1
43273 0.00 ovf 11.30 52.79 0.00 200 181 1
43415 0.00 ovf 11.30 52.79 0.00 200 181 1
43554 0.00 ovf 11.30 52.79 0.00 200 181 1
43696 0.00 ovf 11.30 52.79 0.00 200 181 1
43837 0.00 ovf 11.30 52.79 0.00 200 181 1
43978 0.00 ovf 11.30 52.79 0.00 200 181 1
44120 0.00 ovf 11.30 52.79 0.00 200 181 1
44262 0.00 ovf 11.30 52.79 0.00 200 181 1
44404 0.00 ovf 11.30 52.79 0.00 200 181 1
44544 0.00 ovf 11.30 52.79 0.00 200 181 1
44685 0.00 ovf 11.30 52.79 0.00 200 181 1
44826 0.00 ovf 11.30 52.79 0.00 200 181 1
44967 0.00 ovf 11.30 52.79 0.00 200 181 1
45109 0.00 ovf 11.30 52.79 0.00 200 181 1
45251 0.00 ovf 11.30 52.79 0.00 200 181 1
45393 0.00 ovf 11.30 52.79 0.00 200 181 1
45533 0.00 ovf 11.30 52.79 0.00 200 181 1
45675 0.00 ovf 11.30 52.79 0.00 200 181 1
45816 0.00 ovf 11.30 52.79 0.00 200 181 1
45958 0.00 ovf 11.30 52.79 0.00 200 181 1
46099 0.00 ovf 11.30 52.79 0.00 200 181 1
46240 0.00 ovf 11.30 52.79 0.00 200 181 1
46382 0.00 ovf 11.30 52.43 0.00 200 181 1
46523 0.00 ovf 11.30 52.79 0.00 200 181 1
46664 0.00 ovf 11.30 52.43 0.00 200 181 1
46806 0.00 ovf 11.30 52.79 0.00 200 181 1
46947 0.00 ovf 11.30 52.79 0.00 200 181 1
47088 0.00 ovf 11.30 52.79 0.00 200 181 1
47229 0.00 ovf 11.30 52.79 0.00 200 181 1
47371 0.00 ovf 11.30 52.79 0.00 200 181 1
47513 0.00 ovf 11.30 52.79 0.00 200 181 1
47653 0.00 ovf 11.30 52.79 0.00 200 181 1
47795 0.00 ovf 11.30 52.79 0.00 200 181 1
47936 0.00 ovf 11.30 52.79 0.00 200 181 1
48077 0.00 ovf 11.30 52.79 0.00 200 181 1
48219 0.00 ovf 11.30 52.79 0.00 200 181 1
48360 0.00 ovf 11.30 52.79 0.00 200 181 1
48502 0.00 ovf 11.30 52.79 0.00 200 181 1
48643 0.00 ovf 11.30 52.43 0.00 200 181 1
48784 0.00 ovf 11.30 52.43 0.00 200 181 1
48925 0.00 ovf 11.30 52.43 0.00 200 181 1
49068 0.00 ovf 11.30 52.43 0.00 200 181 1
49209 0.00 ovf 11.30 52.79 0.00 200 181 1
49350 0.00 ovf 11.30 52.79 0.00 200 181 1
49491 0.00 ovf 11.30 52.79 0.00 200 181 1
49633 0.00 ovf 11.30 52.79 0.00 200 181 1
49774 0.00 ovf 11.30 52.79 0.00 200 181 1
49915 0.00 ovf 11.30 52.79 0.00 200 181 1
50057 0.00 ovf 11.30 52.79 0.00 200 181 1
50198 0.00 ovf 11.30 52.79 0.00 200 181 1
50339 0.00 ovf 11.30 52.79 0.00 200 181 1
50481 0.00 ovf 11.30 52.43 0.00 200 181 1
50622 0.00 ovf 11.30 52.79 0.00 200 181 1
50763 0.00 ovf 11.30 52.43 0.00 200 181 1
50905 0.00 ovf 11.30 52.43 0.00 200 181 1
51046 0.00 ovf 11.30 52.79 0.00 200 181 1
51187 0.00 ovf 11.30 52.79 0.00 200 181 1
51331 0.00 ovf 11.30 52.79 0.00 200 181 1
51470 0.00 ovf 11.30 52.79 0.00 200 181 1
51611 0.00 ovf 11.30 52.79 0.00 200 181 1
51752 0.00 ovf 11.30 52.79 0.00 200 181 1
51895 0.00 ovf 11.30 52.43 0.00 200 181 1
52035 0.00 ovf 11.30 52.79 0.00 200 181 1
52176 0.00 ovf 11.30 52.79 0.00 200 181 1
52319 0.00 ovf 11.30 52.79 0.00 200 181 1
52459 0.00 ovf 11.30 52.79 0.00 200 181 1
52601 0.00 ovf 11.30 52.79 0.00 200 181 1
52743 0.00 ovf 11.30 52.79 0.00 200 181 1
52884 0.00 ovf 11.30 52.79 0.00 200 181 1
53025 0.00 ovf 11.30 52.79 0.00 200 181 1
53167 0.00 ovf 11.30 52.43 0.00 200 181 1
53310 0.00 ovf 11.30 52.79 0.00 200 181 1
53448 0.00 ovf 11.30 52.79 0.00 200 181 1
53591 0.00 ovf 11.30 52.79 0.00 200 181 1
53732 0.00 ovf 11.30 52.79 0.00 200 181 1
53873 0.00 ovf 11.30 52.79 0.00 200 181 1
54014 0.00 ovf 11.30 52.43 0.00 200 181 1
54156 0.00 ovf 11.30 52.79 0.00 200 181 1
54299 0.00 ovf 11.30 52.79 0.00 200 181 1
54439 0.00 ovf 11.30 52.79 0.00 200 181 1
54580 0.00 ovf 11.30 52.79 0.00 200 181 1
54721 0.00 ovf 11.30 52.79 0.00 200 181 1
54862 0.00 ovf 11.30 52.79 0.00 200 181 1
55004 0.00 ovf 11.30 52.79 0.00 200 181 1
55145 0.00 ovf 11.30 52.79 0.00 200 181 1
55288 0.00 ovf 11.30 52.79 0.00 200 181 1
55430 0.00 ovf 11.30 52.43 0.00 200 181 1
55569 0.00 ovf 11.30 52.79 0.00 200 181 1
55710 0.00 ovf 11.30 52.79 0.00 200 181 1
55853 0.00 ovf 11.30 52.79 0.00 200 181 1
55994 0.00 ovf 11.30 52.43 0.00 200 181 1
56135 0.00 ovf 11.30 52.79 0.00 200 181 1
56278 0.00 ovf 11.30 52.79 0.00 200 181 1
56419 0.00 ovf 11.30 52.79 0.00 200 181 1
56559 0.00 ovf 11.30 52.79 0.00 200 181 1
56700 0.00 ovf 11.30 52.79 0.00 200 181 1
56842 0.00 ovf 11.30 52.79 0.00 200 181 1
56983 0.00 ovf 11.30 52.79 0.00 200 181 1
57124 0.00 ovf 11.30 52.79 0.00 200 181 1
57267 0.00 ovf 11.30 52.79 0.00 200 181 1
57409 0.00 ovf 11.30 52.79 0.00 200 181 1
57548 0.00 ovf 11.30 52.79 0.00 200 181 1
57690 0.00 ovf 11.30 52.43 0.00 200 181 1
57831 0.00 ovf 11.30 52.79 0.00 200 181 1
57972 0.00 ovf 11.30 52.79 0.00 200 181 1
58114 0.00 ovf 11.30 52.79 0.00 200 181 1
58256 0.00 ovf 11.30 52.79 0.00 200 181 1
58398 0.00 ovf 11.30 52.79 0.00 200 181 1
58537 0.00 ovf 11.30 52.79 0.00 200 181 1
58679 0.00 ovf 11.30 52.79 0.00 200 181 1
58820 0.00 ovf 11.30 52.79 0.00 200 181 1
58961 0.00 ovf 11.30 52.79 0.00 200 181 1
59103 0.00 ovf 11.30 52.79 0.00 200 181 1
59245 0.00 ovf 11.30 52.79 0.00 200 181 1
59385 0.00 ovf 11.30 52.79 0.00 200 181 1
59528 0.00 ovf 11.30 52.79 0.00 200 181 1
59669 0.00 ovf 11.30 52.79 0.00 200 181 1
59810 0.00 ovf 11.30 52.79 0.00 200 181 1
59952 0.00 ovf 11.30 52.79 0.00 200 181 1
60093 0.00 ovf 11.30 52.43 0.00 200 181 1
60234 0.00 ovf 11.30 52.79 0.00 200 181 1
60376 0.00 ovf 11.30 52.79 0.00 200 181 1
60517 0.00 ovf 11.30 52.79 0.00 200 181 1
60658 0.00 ovf 11.30 52.79 0.00 200 181 1
60800 0.00 ovf 11.30 52.79 0.00 200 181 1
60941 0.00 ovf 11.30 52.79 0.00 200 181 1
61082 0.00 ovf 11.30 52.79 0.00 200 181 1
61223 0.00 ovf 11.30 52.79 0.00 200 181 1
61365 0.00 ovf 11.30 52.79 0.00 200 181 1
61507 0.00 ovf 11.30 52.43 0.00 200 181 1
61647 0.00 ovf 11.30 52.79 0.00 200 181 1
61789 0.00 ovf 11.30 52.43 0.00 200 181 1
61930 0.00 ovf 11.30 52.79 0.00 200 181 1
62071 0.00 ovf 11.30 52.79 0.00 200 181 1
62213 0.00 ovf 11.30 52.79 0.00 200 181 1
62354 0.00 ovf 11.30 52.79 0.00 200 181 1
62496 0.00 ovf 11.30 52.79 0.00 200 181 1
62638 0.00 ovf 11.30 52.79 0.00 200 181 1
62779 0.00 ovf 11.30 52.79 0.00 200 181 1
62920 0.00 ovf 11.30 52.79 0.00 200 181 1
63062 0.00 ovf 11.30 52.79 0.00 200 181 1
63203 0.00 ovf 11.30 52.79 0.00 200 181 1
63364 0.00 ovf 11.30 52.79 0.00 200 181 1
63506 0.00 ovf 11.30 52.79 0.00 200 181 1
63647 0.00 ovf 11.30 52.79 0.00 200 181 1
63789 0.00 ovf 11.30 52.79 0.00 200 181 1
63930 0.00 ovf 11.30 52.79 0.00 200 181 1
64071 0.00 ovf 11.30 52.79 0.00 200 181 1
64212 0.00 ovf 11.30 52.79 0.00 200 181 1
64354 0.00 ovf 11.30 52.79 0.00 200 181 1
64495 0.00 ovf 11.30 52.79 0.00 200 181 1
64636 0.00 ovf 11.30 52.43 0.00 200 181 1
64778 0.00 ovf 11.30 52.79 0.00 200 181 1
64919 0.00 ovf 11.30 52.79 0.00 200 181 1
65060 0.00 ovf 11.30 52.43 0.00 200 181 1
65202 0.00 ovf 11.30 52.43 0.00 200 181 1
65343 0.00 ovf 11.30 52.43 0.00 200 181 1
65485 0.00 ovf 11.30 52.43 0.00 200 181 1
65626 0.00 ovf 11.30 52.43 0.00 200 181 1
65767 0.00 ovf 11.30 52.79 0.00 200 181 1
65908 0.00 ovf 11.30 52.79 0.00 200 181 1
66050 0.00 ovf 11.30 52.79 0.00 200 181 1
66191 0.00 ovf 11.30 52.79 0.00 200 181 1
66332 0.00 ovf 11.30 52.79 0.00 200 181 1
66475 0.00 ovf 11.30 52.79 0.00 200 181 1
66615 0.00 ovf 11.30 52.79 0.00 200 181 1
66757 0.00 ovf 11.30 52.79 0.00 200 181 1
66897 0.00 ovf 11.30 52.79 0.00 200 181 1
67040 0.00 ovf 11.30 52.43 0.00 200 181 1
67181 0.00 ovf 11.30 52.79 0.00 200 181 1
67322 0.00 ovf 11.30 52.79 0.00 200 181 1
67463 0.00 ovf 11.30 52.43 0.00 200 181 1
67605 0.00 ovf 11.30 52.79 0.00 200 181 1
67746 0.00 ovf 11.30 52.79 0.00 200 181 1
67888 0.00 ovf 11.30 52.79 0.00 200 181 1
68029 0.00 ovf 11.30 52.79 0.00 200 181 1
68170 0.00 ovf 11.30 52.79 0.00 200 181 1
68314 0.00 ovf 11.30 52.79 0.00 200 181 1
68454 0.00 ovf 11.30 52.79 0.00 200 181 1
