15381 52.487651824951 -1.889271736145 102.60 0.00 0.00 0.00 405 287 1
15444 52.487651824951 -1.889271736145 103.10 0.00 0.00 0.00 405 287 1
15585 52.487651824951 -1.889271736145 95.30 0.00 0.00 0.00 233 273 1
15625 52.487651824951 -1.889271736145 96.60 0.00 0.00 0.00 233 273 1
15764 52.487651824951 -1.889271736145 104.00 0.00 0.00 0.00 244 273 1
15807 52.487651824951 -1.889271736145 103.20 0.00 0.00 0.00 244 273 1
15946 52.487651824951 -1.889271736145 107.00 0.00 0.00 0.00 233 273 1
15988 52.487651824951 -1.889271736145 109.50 0.00 0.00 0.00 233 273 1
16131 52.487651824951 -1.889271736145 137.80 0.00 0.00 0.00 225 273 1
16171 52.487651824951 -1.889271736145 145.10 0.00 0.00 0.00 225 273 1
16312 52.487651824951 -1.889271736145 157.60 0.00 0.00 0.00 202 273 1
16352 52.487651824951 -1.889271736145 163.60 0.00 0.00 0.00 202 273 1
16493 52.487651824951 -1.889271736145 177.90 0.00 0.00 0.00 204 273 1
16534 52.487651824951 -1.889271736145 -178.80 0.00 0.00 0.00 204 273 1
16675 52.487651824951 -1.889271736145 -170.00 0.00 0.00 0.00 216 273 1
16715 52.487651824951 -1.889271736145 -168.90 0.00 0.00 0.00 216 273 1
16855 52.487651824951 -1.889271736145 -165.90 0.00 0.00 0.00 227 273 1
16897 52.487651824951 -1.889271736145 -164.30 0.00 0.00 0.00 227 273 1
17037 52.487651824951 -1.889271736145 -157.60 0.00 0.00 0.00 233 273 1
17078 52.487651824951 -1.889271736145 -155.90 0.00 0.00 0.00 233 273 1
17219 52.487651824951 -1.889271736145 -148.10 0.00 0.00 0.00 244 273 1
17260 52.487651824951 -1.889271736145 -146.10 0.00 0.00 0.00 244 273 1
17409 52.487651824951 -1.889271736145 -137.70 0.00 0.00 0.00 260 273 1
17463 52.487651824951 -1.889271736145 -135.80 0.00 0.00 0.00 260 273 1
17603 52.487651824951 -1.889271736145 -128.10 0.00 0.00 0.00 277 273 1
17643 52.487651824951 -1.889271736145 -126.50 0.00 0.00 0.00 277 273 1
17783 52.487651824951 -1.889271736145 -123.40 0.00 0.00 0.00 294 273 1
17825 52.487651824951 -1.889271736145 -122.10 0.00 0.00 0.00 294 273 1
17965 52.487651824951 -1.889271736145 -119.70 0.00 0.00 0.00 302 273 1
18007 52.487651824951 -1.889271736145 -120.10 0.00 0.00 0.00 302 273 1
18148 52.487651824951 -1.889271736145 -124.20 0.00 0.00 0.00 305 273 1
18189 52.487651824951 -1.889271736145 -127.70 0.00 0.00 0.00 305 273 1
18330 52.487651824951 -1.889271736145 -144.90 0.00 0.00 0.00 292 273 1
18371 52.487651824951 -1.889271736145 -149.90 0.00 0.00 0.00 292 273 1
18511 52.487651824951 -1.889271736145 -158.70 0.00 0.00 0.00 254 273 1
18552 52.487651824951 -1.889271736145 -159.60 0.00 0.00 0.00 254 273 1
18695 52.487651824951 -1.889271736145 -161.10 0.00 0.00 0.00 239 273 1
18734 52.487651824951 -1.889271736145 -159.20 0.00 0.00 0.00 239 273 1
18873 52.487651824951 -1.889271736145 -155.80 0.00 0.00 0.00 239 273 1
18915 52.487651824951 -1.889271736145 -155.30 0.00 0.00 0.00 239 273 1
19055 52.487651824951 -1.889271736145 -151.10 0.00 0.00 0.00 246 273 1
19097 52.487651824951 -1.889271736145 -149.30 0.00 0.00 0.00 246 273 1
19238 52.487651824951 -1.889271736145 -147.30 0.00 0.00 0.00 254 273 1
19279 52.487651824951 -1.889271736145 -146.90 0.00 0.00 0.00 254 273 1
19420 52.487651824951 -1.889271736145 -143.50 0.00 0.00 0.00 258 275 1
19461 52.487651824951 -1.889271736145 -141.80 0.00 0.00 0.00 258 275 1
19602 52.487651824951 -1.889271736145 -135.20 0.00 0.00 0.00 267 273 1
19642 52.487651824951 -1.889271736145 -133.70 0.00 0.00 0.00 267 273 1
19781 52.487651824951 -1.889271736145 -132.50 0.00 0.00 0.00 281 273 1
19823 52.487651824951 -1.889271736145 -130.50 0.00 0.00 0.00 281 273 1
19965 52.487651824951 -1.889271736145 -126.50 0.00 0.00 0.00 286 273 1
20005 52.487651824951 -1.889271736145 -124.90 0.00 0.00 0.00 286 273 1
20145 52.487651824951 -1.889271736145 -119.50 0.00 0.00 0.00 296 273 1
20188 52.487651824951 -1.889271736145 -119.60 0.00 0.00 0.00 296 273 1
20328 52.487651824951 -1.889271736145 -115.10 0.00 0.00 0.00 305 273 1
20369 52.487651824951 -1.889271736145 -113.80 0.00 0.00 0.00 305 273 1
20509 52.487651824951 -1.889271736145 -109.60 0.00 0.00 0.00 315 273 1
20550 52.487651824951 -1.889271736145 -108.30 0.00 0.00 0.00 315 273 1
20695 52.487651824951 -1.889271736145 -104.20 0.00 0.00 0.00 326 273 1
20731 52.487651824951 -1.889271736145 -104.00 0.00 0.00 0.00 326 273 1
20871 52.487651824951 -1.889271736145 -101.30 0.00 0.00 0.00 332 273 1
20913 52.487651824951 -1.889271736145 -100.20 0.00 0.00 0.00 332 273 1
21053 52.487651824951 -1.889271736145 -97.80 0.00 0.00 0.00 338 273 1
21095 52.487651824951 -1.889271736145 -96.90 0.00 0.00 0.00 338 273 1
21236 52.487651824951 -1.889271736145 -95.10 0.00 0.00 0.00 344 273 1
21277 52.487651824951 -1.889271736145 -94.10 0.00 0.00 0.00 344 273 1
21417 52.487651824951 -1.889271736145 -92.10 0.00 0.00 0.00 349 273 1
21458 52.487651824951 -1.889271736145 -92.00 0.00 0.00 0.00 349 273 1
21600 52.487651824951 -1.889271736145 -88.80 0.00 0.00 0.00 353 273 1
21640 52.487651824951 -1.889271736145 -88.80 0.00 0.00 0.00 353 273 1
21779 52.487651824951 -1.889271736145 -87.40 0.00 0.00 0.00 357 273 1
21821 52.487651824951 -1.889271736145 -86.50 0.00 0.00 0.00 357 273 1
21963 52.487651824951 -1.889271736145 -84.10 0.00 0.00 0.00 361 273 1
22003 52.487651824951 -1.889271736145 -83.40 0.00 0.00 0.00 361 273 1
22142 52.487651824951 -1.889271736145 -81.80 0.00 0.00 0.00 365 273 1
22187 52.487651824951 -1.889271736145 -81.10 0.00 0.00 0.00 365 273 1
22327 52.487651824951 -1.889271736145 -79.50 0.00 0.00 0.00 370 273 1
22367 52.487651824951 -1.889271736145 -78.80 0.00 0.00 0.00 370 273 1
22507 52.487651824951 -1.889271736145 -76.20 0.00 0.00 0.00 372 273 1
22549 52.487651824951 -1.889271736145 -76.20 0.00 0.00 0.00 372 273 1
22689 52.487651824951 -1.889271736145 -76.30 0.00 0.00 0.00 376 273 1
22729 52.487651824951 -1.889271736145 -76.30 0.00 0.00 0.00 376 273 1
22868 52.487651824951 -1.889271736145 -74.10 0.00 0.00 0.00 376 273 1
22912 52.487651824951 -1.889271736145 -73.30 0.00 0.00 0.00 376 273 1
23051 52.487651824951 -1.889271736145 -71.90 0.00 0.00 0.00 380 273 1
23093 52.487651824951 -1.889271736145 -71.30 0.00 0.00 0.00 380 273 1
23237 52.487651824951 -1.889271736145 -69.30 0.00 0.00 0.00 382 273 1
23275 52.487651824951 -1.889271736145 -69.20 0.00 0.00 0.00 382 273 1
23415 52.487651824951 -1.889271736145 -68.70 0.00 0.00 0.00 384 273 1
23456 52.487651824951 -1.889271736145 -68.70 0.00 0.00 0.00 384 273 1
23598 52.487651824951 -1.889271736145 -67.50 0.00 0.00 0.00 386 273 1
23638 52.487651824951 -1.889271736145 -66.90 0.00 0.00 0.00 386 273 1
23777 52.487651824951 -1.889271736145 -66.40 0.00 0.00 0.00 386 273 1
23820 52.487651824951 -1.889271736145 -66.40 0.00 0.00 0.00 386 273 1
23962 52.487651824951 -1.889271736145 -65.30 0.00 0.00 0.00 389 273 1
24001 52.487651824951 -1.889271736145 -65.30 0.00 0.00 0.00 389 273 1
24141 52.487651824951 -1.889271736145 -64.60 0.00 0.00 0.00 389 273 1
24183 52.487651824951 -1.889271736145 -64.10 0.00 0.00 0.00 389 273 1
24324 52.487651824951 -1.889271736145 -63.80 0.00 0.00 0.00 391 273 1
24365 52.487651824951 -1.889271736145 -63.70 0.00 0.00 0.00 391 273 1
24506 52.487651824951 -1.889271736145 -63.20 0.00 0.00 0.00 391 273 1
24547 52.487651824951 -1.889271736145 -63.20 0.00 0.00 0.00 391 273 1
24686 52.487651824951 -1.889271736145 -62.70 0.00 0.00 0.00 391 273 1
24728 52.487651824951 -1.889271736145 -62.80 0.00 0.00 0.00 391 273 1
24868 52.487651824951 -1.889271736145 -62.30 0.00 0.00 0.00 393 273 1
24909 52.487651824951 -1.889271736145 -62.30 0.00 0.00 0.00 393 273 1
25049 52.487651824951 -1.889271736145 -61.30 0.00 0.00 0.00 393 273 1
25092 52.487651824951 -1.889271736145 -61.30 0.00 0.00 0.00 393 273 1
25235 52.487651824951 -1.889271736145 -60.50 0.00 0.00 0.00 393 273 1
25273 52.487651824951 -1.889271736145 -60.50 0.00 0.00 0.00 393 273 1
25413 52.487651824951 -1.889271736145 -60.00 0.00 0.00 0.00 395 273 1
25455 52.487651824951 -1.889271736145 -60.00 0.00 0.00 0.00 395 273 1
25595 52.487651824951 -1.889271736145 -59.20 0.00 0.00 0.00 395 273 1
25636 52.487651824951 -1.889271736145 -59.20 0.00 0.00 0.00 395 273 1
25776 52.487651824951 -1.889271736145 -58.70 0.00 0.00 0.00 395 273 1
25818 52.487651824951 -1.889271736145 -58.70 0.00 0.00 0.00 395 273 1
25957 52.487651824951 -1.889271736145 -58.30 0.00 0.00 0.00 395 273 1
26000 52.487651824951 -1.889271736145 -57.90 0.00 0.00 0.00 395 273 1
26140 52.487651824951 -1.889271736145 -57.40 0.00 0.00 0.00 397 273 1
26182 52.487651824951 -1.889271736145 -57.40 0.00 0.00 0.00 397 273 1
26322 52.487651824951 -1.889271736145 -57.00 0.00 0.00 0.00 397 273 1
26363 52.487651824951 -1.889271736145 -57.00 0.00 0.00 0.00 397 273 1
26507 52.487651824951 -1.889271736145 -56.60 0.00 0.00 0.00 397 273 1
26545 52.487651824951 -1.889271736145 -56.60 0.00 0.00 0.00 397 273 1
26684 52.487651824951 -1.889271736145 -56.50 0.00 0.00 0.00 397 273 1
26726 52.487651824951 -1.889271736145 -56.10 0.00 0.00 0.00 397 273 1
26865 52.487651824951 -1.889271736145 -56.20 0.00 0.00 0.00 397 273 1
26907 52.487651824951 -1.889271736145 -55.90 0.00 0.00 0.00 397 273 1
27046 52.487651824951 -1.889271736145 -56.00 0.00 0.00 0.00 397 273 1
27089 52.487651824951 -1.889271736145 -55.70 0.00 0.00 0.00 397 273 1
27233 52.487651824951 -1.889271736145 -54.90 0.00 0.00 0.00 399 273 1
27272 52.487651824951 -1.889271736145 -54.90 0.00 0.00 0.00 399 273 1
27412 52.487651824951 -1.889271736145 -54.90 0.00 0.00 0.00 399 273 1
27453 52.487651824951 -1.889271736145 -54.90 0.00 0.00 0.00 399 273 1
27595 52.487651824951 -1.889271736145 -54.60 0.00 0.00 0.00 399 273 1
27634 52.487651824951 -1.889271736145 -54.70 0.00 0.00 0.00 399 273 1
27773 52.487651824951 -1.889271736145 -54.60 0.00 0.00 0.00 399 273 1
27815 52.487651824951 -1.889271736145 -54.30 0.00 0.00 0.00 399 273 1
27955 52.487651824951 -1.889271736145 -54.20 0.00 0.00 0.00 399 273 1
27998 52.487651824951 -1.889271736145 -54.20 0.00 0.00 0.00 399 273 1
28138 52.487651824951 -1.889271736145 -53.60 0.00 0.00 0.00 399 273 1
28180 52.487651824951 -1.889271736145 -53.70 0.00 0.00 0.00 399 273 1
28320 52.487651824951 -1.889271736145 -53.70 0.00 0.00 0.00 399 273 1
28361 52.487651824951 -1.889271736145 -53.70 0.00 0.00 0.00 399 273 1
28505 52.487651824951 -1.889271736145 -53.80 0.00 0.00 0.00 399 273 1
28542 52.487651824951 -1.889271736145 -53.80 0.00 0.00 0.00 399 273 1
28682 52.487651824951 -1.889271736145 -53.80 0.00 0.00 0.00 399 273 1
28724 52.487651824951 -1.889271736145 -53.70 0.00 0.00 0.00 399 273 1
28863 52.487651824951 -1.889271736145 -53.60 0.00 0.00 0.00 399 273 1
28906 52.487651824951 -1.889271736145 -53.60 0.00 0.00 0.00 399 273 1
29045 52.487651824951 -1.889271736145 -53.50 0.00 0.00 0.00 399 273 1
29087 52.487651824951 -1.889271736145 -53.50 0.00 0.00 0.00 399 273 1
29229 52.487651824951 -1.889271736145 -53.20 0.00 0.00 0.00 399 273 1
29270 52.487651824951 -1.889271736145 -53.30 0.00 0.00 0.00 399 273 1
29410 52.487651824951 -1.889271736145 -53.40 0.00 0.00 0.00 399 273 1
29452 52.487651824951 -1.889271736145 -53.40 0.00 0.00 0.00 399 273 1
29592 52.487651824951 -1.889271736145 -53.10 0.00 0.00 0.00 399 273 1
29632 52.487651824951 -1.889271736145 -53.10 0.00 0.00 0.00 399 273 1
29774 52.487651824951 -1.889271736145 -53.10 0.00 0.00 0.00 399 273 1
29814 52.487651824951 -1.889271736145 -53.10 0.00 0.00 0.00 399 273 1
29954 52.487651824951 -1.889271736145 -52.60 0.00 0.00 0.00 399 273 1
29996 52.487651824951 -1.889271736145 -52.60 0.00 0.00 0.00 399 273 1
30136 52.487651824951 -1.889271736145 -52.30 0.00 0.00 0.00 401 273 1
30178 52.487651824951 -1.889271736145 -52.20 0.00 0.00 0.00 401 273 1
30319 52.487651824951 -1.889271736145 -51.90 0.00 0.00 0.00 401 273 1
30359 52.487651824951 -1.889271736145 -52.00 0.00 0.00 0.00 401 273 1
30502 52.487651824951 -1.889271736145 -51.50 0.00 0.00 0.00 401 273 1
30541 52.487651824951 -1.889271736145 -51.10 0.00 0.00 0.00 401 273 1
30681 52.487651824951 -1.889271736145 -50.50 0.00 0.00 0.00 401 273 1
30723 52.487651824951 -1.889271736145 -50.50 0.00 0.00 0.00 401 273 1
30862 52.487651824951 -1.889271736145 -49.40 0.00 0.00 0.00 401 273 1
30904 52.487651824951 -1.889271736145 -49.00 0.00 0.00 0.00 401 273 1
31043 52.487651824951 -1.889271736145 -49.20 0.00 0.00 0.00 403 273 1
31086 52.487651824951 -1.889271736145 -49.20 0.00 0.00 0.00 403 273 1
31226 52.487651824951 -1.889271736145 -48.50 0.00 0.00 0.00 403 273 1
31268 52.487651824951 -1.889271736145 -48.30 0.00 0.00 0.00 403 273 1
31409 52.487651824951 -1.889271736145 -47.90 0.00 0.00 0.00 403 273 1
31450 52.487651824951 -1.889271736145 -47.90 0.00 0.00 0.00 403 273 1
31590 52.487651824951 -1.889271736145 -48.00 0.00 0.00 0.00 403 273 1
31631 52.487651824951 -1.889271736145 -48.10 0.00 0.00 0.00 403 273 1
31772 52.487651824951 -1.889271736145 -48.10 0.00 0.00 0.00 403 273 1
31812 52.487651824951 -1.889271736145 -47.70 0.00 0.00 0.00 403 273 1
31951 52.487651824951 -1.889271736145 -47.40 0.00 0.00 0.00 403 273 1
31994 52.487651824951 -1.889271736145 -47.40 0.00 0.00 0.00 403 273 1
32135 52.487651824951 -1.889271736145 -47.00 0.00 0.00 0.00 403 273 1
32177 52.487651824951 -1.889271736145 -47.00 0.00 0.00 0.00 403 273 1
32317 52.487651824951 -1.889271736145 -46.70 0.00 0.00 0.00 403 273 1
32358 52.487651824951 -1.889271736145 -46.70 0.00 0.00 0.00 403 273 1
32498 52.487651824951 -1.889271736145 -46.70 0.00 0.00 0.00 403 273 1
32539 52.487651824951 -1.889271736145 -46.70 0.00 0.00 0.00 403 273 1
32678 52.487651824951 -1.889271736145 -46.80 0.00 0.00 0.00 403 273 1
32720 52.487651824951 -1.889271736145 -46.40 0.00 0.00 0.00 403 273 1
32861 52.487651824951 -1.889271736145 -46.20 0.00 0.00 0.00 403 273 1
32902 52.487651824951 -1.889271736145 -45.80 0.00 0.00 0.00 403 273 1
33042 52.487651824951 -1.889271736145 -45.80 0.00 0.00 0.00 405 273 1
33084 52.487651824951 -1.889271736145 -45.80 0.00 0.00 0.00 405 273 1
33225 52.487651824951 -1.889271736145 -45.50 0.00 0.00 0.00 405 273 1
33266 52.487651824951 -1.889271736145 -45.50 0.00 0.00 0.00 405 273 1
33406 52.487651824951 -1.889271736145 -45.50 0.00 0.00 0.00 405 273 1
33447 52.487651824951 -1.889271736145 -45.40 0.00 0.00 0.00 405 273 1
33589 52.487651824951 -1.889271736145 -45.10 0.00 0.00 0.00 405 273 1
33629 52.487651824951 -1.889271736145 -44.90 0.00 0.00 0.00 405 273 1
33771 52.487651824951 -1.889271736145 -44.90 0.00 0.00 0.00 405 273 1
33810 52.487651824951 -1.889271736145 -44.90 0.00 0.00 0.00 405 273 1
33949 52.487651824951 -1.889271736145 -44.60 0.00 0.00 0.00 405 273 1
33992 52.487651824951 -1.889271736145 -44.60 0.00 0.00 0.00 405 273 1
34131 52.487651824951 -1.889271736145 -44.40 0.00 0.00 0.00 405 273 1
34176 52.487651824951 -1.889271736145 -44.40 0.00 0.00 0.00 405 273 1
34316 52.487651824951 -1.889271736145 -44.40 0.00 0.00 0.00 405 273 1
34356 52.487651824951 -1.889271736145 -44.40 0.00 0.00 0.00 405 273 1
34496 52.487651824951 -1.889271736145 -44.40 0.00 0.00 0.00 405 273 1
34538 52.487651824951 -1.889271736145 -44.40 0.00 0.00 0.00 405 273 1
34678 52.487651824951 -1.889271736145 -44.40 0.00 0.00 0.00 405 273 1
34718 52.487651824951 -1.889271736145 -44.40 0.00 0.00 0.00 405 273 1
34859 52.487651824951 -1.889271736145 -44.50 0.00 0.00 0.00 405 273 1
34900 52.487651824951 -1.889271736145 -44.50 0.00 0.00 0.00 405 273 1
35043 52.487651824951 -1.889271736145 -44.50 0.00 0.00 0.00 405 273 1
35083 52.487651824951 -1.889271736145 -44.30 0.00 0.00 0.00 405 273 1
35223 52.487651824951 -1.889271736145 -44.20 0.00 0.00 0.00 405 273 1
35264 52.487651824951 -1.889271736145 -44.20 0.00 0.00 0.00 405 273 1
35404 52.487651824951 -1.889271736145 -44.20 0.00 0.00 0.00 405 273 1
35446 52.487651824951 -1.889271736145 -44.20 0.00 0.00 0.00 405 273 1
35587 52.487651824951 -1.889271736145 -44.20 0.00 0.00 0.00 405 273 1
35627 52.487651824951 -1.889271736145 -44.10 0.00 0.00 0.00 405 273 1
35766 52.487651824951 -1.889271736145 -43.90 0.00 0.00 0.00 405 273 1
35809 52.487651824951 -1.889271736145 -44.00 0.00 0.00 0.00 405 273 1
35948 52.487651824951 -1.889271736145 -44.00 0.00 0.00 0.00 405 273 1
35990 52.487651824951 -1.889271736145 -43.80 0.00 0.00 0.00 405 273 1
36129 52.487651824951 -1.889271736145 -43.80 0.00 0.00 0.00 405 273 1
36173 52.487651824951 -1.889271736145 -43.70 0.00 0.00 0.00 405 273 1
36314 52.487651824951 -1.889271736145 -43.70 0.00 0.00 0.00 405 273 1
36355 52.487651824951 -1.889271736145 -43.60 0.00 0.00 0.00 405 273 1
36495 52.487651824951 -1.889271736145 -43.50 0.00 0.00 0.00 405 273 1
36536 52.487651824951 -1.889271736145 -43.40 0.00 0.00 0.00 405 273 1
36676 52.487651824951 -1.889271736145 -42.00 0.00 0.00 0.00 405 273 1
36717 52.487651824951 -1.889271736145 -43.60 0.00 0.00 0.00 405 273 1
36856 52.487651824951 -1.889271736145 -45.30 0.00 0.00 0.00 405 273 1
36898 52.487651824951 -1.889271736145 -45.80 0.00 0.00 0.00 405 273 1
37041 52.487651824951 -1.889271736145 -48.20 0.00 0.00 0.00 405 273 1
37081 52.487651824951 -1.889271736145 -49.00 0.00 0.00 0.00 405 273 1
37221 52.487651824951 -1.889271736145 -50.30 0.00 0.00 0.00 403 273 1
37263 52.487651824951 -1.889271736145 -50.40 0.00 0.00 0.00 403 273 1
37403 52.487651824951 -1.889271736145 -50.70 0.00 0.00 0.00 401 273 1
37444 52.487651824951 -1.889271736145 -50.70 0.00 0.00 0.00 401 273 1
37584 52.487651824951 -1.889271736145 -50.80 0.00 0.00 0.00 401 273 1
37625 52.487651824951 -1.889271736145 -50.90 0.00 0.00 0.00 401 273 1
37765 52.487651824951 -1.889271736145 -51.80 0.00 0.00 0.00 401 273 1
37807 52.487651824951 -1.889271736145 -52.10 0.00 0.00 0.00 401 273 1
37946 52.487651824951 -1.889271736145 -50.90 0.00 0.00 0.00 401 273 1
37989 52.487651824951 -1.889271736145 -51.20 0.00 0.00 0.00 401 273 1
38129 52.487651824951 -1.889271736145 -51.60 0.00 0.00 0.00 401 273 1
38171 52.487651824951 -1.889271736145 -52.10 0.00 0.00 0.00 401 273 1
38315 52.487651824951 -1.889271736145 -56.20 0.00 0.00 0.00 401 273 1
38352 52.487651824951 -1.889271736145 -57.90 0.00 0.00 0.00 401 273 1
38493 52.487651824951 -1.889271736145 -66.70 0.00 0.00 0.00 397 273 1
38534 52.487651824951 -1.889271736145 -67.80 0.00 0.00 0.00 397 273 1
38673 52.487651824951 -1.889271736145 -71.00 0.00 0.00 0.00 386 273 1
38715 52.487651824951 -1.889271736145 -71.50 0.00 0.00 0.00 386 273 1
38854 52.487651824951 -1.889271736145 -72.40 0.00 0.00 0.00 382 273 1
38897 52.487651824951 -1.889271736145 -75.90 0.00 0.00 0.00 382 273 1
39036 52.487651824951 -1.889271736145 -124.90 0.00 0.00 0.00 376 273 1
39078 52.487651824951 -1.889271736145 -145.70 0.00 0.00 0.00 376 273 1
39220 52.487651824951 -1.889271736145 -154.70 0.00 0.00 0.00 260 273 1
39261 52.487651824951 -1.889271736145 -154.70 0.00 0.00 0.00 260 273 1
39401 52.487651824951 -1.889271736145 -154.80 0.00 0.00 0.00 246 273 1
39442 52.487651824951 -1.889271736145 -154.80 0.00 0.00 0.00 246 273 1
39583 52.487651824951 -1.889271736145 -154.90 0.00 0.00 0.00 246 273 1
39623 52.487651824951 -1.889271736145 -155.00 0.00 0.00 0.00 246 273 1
39763 52.487651824951 -1.889271736145 -155.00 0.00 0.00 0.00 246 273 1
39805 52.487651824951 -1.889271736145 -155.00 0.00 0.00 0.00 246 273 1
39945 52.487651824951 -1.889271736145 -155.00 0.00 0.00 0.00 246 273 1
39987 52.487651824951 -1.889271736145 -155.00 0.00 0.00 0.00 246 273 1
40127 52.487651824951 -1.889271736145 -155.00 0.00 0.00 0.00 246 273 1
40169 52.487651824951 -1.889271736145 -155.00 0.00 0.00 0.00 246 273 1
40313 52.487651824951 -1.889271736145 -155.10 0.00 0.00 0.00 246 273 1
40350 52.487651824951 -1.889271736145 -155.10 0.00 0.00 0.00 246 273 1
40492 52.487651824951 -1.889271736145 -155.10 0.00 0.00 0.00 246 273 1
40532 52.487651824951 -1.889271736145 -155.10 0.00 0.00 0.00 246 273 1
40672 52.487651824951 -1.889271736145 -155.10 0.00 0.00 0.00 246 273 1
40714 52.487651824951 -1.889271736145 -155.10 0.00 0.00 0.00 246 273 1
40898 52.487651824951 -1.889271736145 -155.20 0.00 0.00 0.00 246 273 1
41036 52.487651824951 -1.889271736145 -155.20 0.00 0.00 0.00 246 273 1
41178 52.487651824951 -1.889271736145 -155.30 0.00 0.00 0.00 246 273 1
41219 52.487651824951 -1.889271736145 -155.30 0.00 0.00 0.00 246 273 1
41359 52.487651824951 -1.889271736145 -155.50 0.00 0.00 0.00 246 273 1
41400 52.487651824951 -1.889271736145 -155.50 0.00 0.00 0.00 246 273 1
41541 52.487651824951 -1.889271736145 -155.80 0.00 0.00 0.00 244 273 1
41581 52.487651824951 -1.889271736145 -155.80 0.00 0.00 0.00 244 273 1
41723 52.487651824951 -1.889271736145 -155.80 0.00 0.00 0.00 244 273 1
41763 52.487651824951 -1.889271736145 -155.90 0.00 0.00 0.00 244 273 1
41903 52.487651824951 -1.889271736145 -156.00 0.00 0.00 0.00 244 273 1
41945 52.487651824951 -1.889271736145 -156.00 0.00 0.00 0.00 244 273 1
42084 52.487651824951 -1.889271736145 -156.20 0.00 0.00 0.00 244 273 1
42127 52.487651824951 -1.889271736145 -156.30 0.00 0.00 0.00 244 273 1
42267 52.487651824951 -1.889271736145 -156.40 0.00 0.00 0.00 244 273 1
42308 52.487651824951 -1.889271736145 -156.40 0.00 0.00 0.00 244 273 1
42449 52.487651824951 -1.889271736145 -156.40 0.00 0.00 0.00 244 273 1
42490 52.487651824951 -1.889271736145 -156.40 0.00 0.00 0.00 244 273 1
