73141 3138653440.00 0.00 2.10 52.43 0.00 305 230 1
73292 3138653440.00 0.00 8.00 52.79 0.00 200 181 1
73434 3138653440.00 0.00 11.30 52.43 0.00 200 181 1
73575 3138653440.00 0.00 14.00 52.79 0.00 200 181 1
73717 3138653440.00 0.00 16.60 52.79 0.00 200 181 1
73859 3138653440.00 0.00 16.60 52.79 0.00 200 181 1
73999 3138653440.00 0.00 14.50 52.79 0.00 200 181 1
74140 3138653440.00 0.00 11.30 52.43 0.00 200 181 1
74281 3138653440.00 0.00 11.80 52.79 0.00 200 181 1
74423 3138653440.00 0.00 12.80 52.79 0.00 200 181 1
74564 3138653440.00 0.00 12.70 52.79 0.00 200 181 1
74706 3138653440.00 0.00 13.70 52.79 0.00 200 181 1
74849 3138653440.00 0.00 13.70 52.79 0.00 200 181 1
74988 3138653440.00 0.00 13.70 52.79 0.00 200 181 1
75129 3138653440.00 0.00 13.70 52.79 0.00 200 181 1
75271 3138653440.00 0.00 13.60 52.79 0.00 200 181 1
75412 3138653440.00 0.00 13.60 52.79 0.00 200 181 1
75553 3138653440.00 0.00 13.30 52.79 0.00 200 181 1
75696 3138653440.00 0.00 13.70 52.43 0.00 200 181 1
75839 3138653440.00 0.00 13.70 52.79 0.00 200 181 1
75977 3138653440.00 0.00 13.70 52.79 0.00 200 181 1
76120 3138653440.00 0.00 13.70 52.79 0.00 200 181 1
76261 3138653440.00 0.00 13.70 52.79 0.00 200 181 1
76402 3138653440.00 0.00 13.70 52.79 0.00 200 181 1
76544 3138653440.00 0.00 13.70 52.79 0.00 200 181 1
76685 3138653440.00 0.00 13.70 52.79 0.00 200 181 1
76827 3138653440.00 0.00 13.70 52.79 0.00 200 181 1
76967 3138653440.00 0.00 13.70 52.79 0.00 200 181 1
77109 3138653440.00 0.00 13.70 52.79 0.00 200 181 1
77250 3138653440.00 0.00 13.70 52.79 0.00 200 181 1
77391 3138653440.00 0.00 13.70 52.79 0.00 200 181 1
77533 3138653440.00 0.00 13.70 52.79 0.00 200 181 1
77674 3138653440.00 0.00 13.70 52.79 0.00 200 181 1
77816 3138653440.00 0.00 13.70 52.79 0.00 200 181 1
77958 3138653440.00 0.00 13.70 52.79 0.00 200 181 1
78098 3138653440.00 0.00 13.70 52.79 0.00 200 181 1
78239 3138653440.00 0.00 13.70 52.43 0.00 200 181 1
78381 3138653440.00 0.00 13.70 52.43 0.00 200 181 1
78522 3138653440.00 0.00 13.70 52.79 0.00 200 181 1
78663 3138653440.00 0.00 13.70 52.79 0.00 200 181 1
78806 3138653440.00 0.00 13.70 52.79 0.00 200 181 1
78947 3138653440.00 0.00 13.70 52.79 0.00 200 181 1
79087 3138653440.00 0.00 13.70 52.79 0.00 200 181 1
79228 3138653440.00 0.00 13.70 52.79 0.00 200 181 1
79370 3138653440.00 0.00 13.70 52.79 0.00 200 181 1
79512 3138653440.00 0.00 13.70 52.79 0.00 200 181 1
79653 3138653440.00 0.00 13.70 52.79 0.00 200 181 1
79796 3138653440.00 0.00 13.70 52.79 0.00 200 181 1
79936 3138653440.00 0.00 13.70 52.79 0.00 200 181 1
80077 3138653440.00 0.00 13.70 52.79 0.00 200 181 1
80219 3138653440.00 0.00 13.70 52.79 0.00 200 181 1
80360 3138653440.00 0.00 13.70 52.79 0.00 200 181 1
80501 3138653440.00 0.00 13.70 52.79 0.00 200 181 1
80643 3138653440.00 0.00 13.70 52.43 0.00 200 181 1
80785 3138653440.00 0.00 13.70 52.79 0.00 200 181 1
80925 3138653440.00 0.00 13.70 52.79 0.00 200 181 1
81067 3138653440.00 0.00 13.70 52.79 0.00 200 181 1
81208 3138653440.00 0.00 13.70 52.79 0.00 200 181 1
81349 3138653440.00 0.00 13.70 52.79 0.00 200 181 1
81490 3138653440.00 0.00 13.70 52.79 0.00 200 181 1
81632 3138653440.00 0.00 13.70 52.79 0.00 200 181 1
81774 3138653440.00 0.00 13.70 52.79 0.00 200 181 1
81915 3138653440.00 0.00 13.70 52.79 0.00 200 181 1
82056 3138653440.00 0.00 13.70 52.79 0.00 200 181 1
82197 3138653440.00 0.00 13.70 52.79 0.00 200 181 1
82338 3138653440.00 0.00 13.70 52.43 0.00 200 181 1
82480 3138653440.00 0.00 13.70 52.79 0.00 200 181 1
82621 3138653440.00 0.00 13.70 52.79 0.00 200 181 1
82763 3138653440.00 0.00 13.70 52.79 0.00 200 181 1
82905 3138653440.00 0.00 13.70 52.79 0.00 200 181 1
83046 3138653440.00 0.00 13.70 52.79 0.00 200 181 1
83187 3138653440.00 0.00 13.70 52.79 0.00 200 181 1
83329 3138653440.00 0.00 13.70 52.79 0.00 200 181 1
83470 3138653440.00 0.00 13.70 52.79 0.00 200 181 1
83611 3138653440.00 0.00 13.70 52.79 0.00 200 181 1
83753 3138653440.00 0.00 13.70 52.79 0.00 200 181 1
83894 3138653440.00 0.00 13.70 52.79 0.00 200 181 1
84035 3138653440.00 0.00 13.70 52.79 0.00 200 181 1
84176 3138653440.00 0.00 13.70 52.79 0.00 200 181 1
84318 3138653440.00 0.00 13.70 52.79 0.00 200 181 1
84459 3138653440.00 0.00 13.70 52.79 0.00 200 181 1
84600 3138653440.00 0.00 13.70 52.79 0.00 200 181 1
84744 3138653440.00 0.00 13.70 52.79 0.00 200 181 1
84883 3138653440.00 0.00 13.70 52.79 0.00 200 181 1
85024 3138653440.00 0.00 13.70 52.79 0.00 200 181 1
85166 3138653440.00 0.00 13.70 52.43 0.00 200 181 1
85307 3138653440.00 0.00 13.70 52.79 0.00 200 181 1
85448 3138653440.00 0.00 13.70 52.79 0.00 200 181 1
85590 3138653440.00 0.00 13.70 52.79 0.00 200 181 1
85733 3138653440.00 0.00 13.70 52.79 0.00 200 181 1
85874 3138653440.00 0.00 13.70 52.79 0.00 200 181 1
86013 3138653440.00 0.00 13.70 52.79 0.00 200 181 1
86155 3138653440.00 0.00 13.70 52.79 0.00 200 181 1
86297 3138653440.00 0.00 13.70 52.79 0.00 200 181 1
86438 3138653440.00 0.00 13.70 52.79 0.00 200 181 1
86580 3138653440.00 0.00 13.70 52.79 0.00 200 181 1
86722 3138653440.00 0.00 13.70 52.79 0.00 200 181 1
86863 3138653440.00 0.00 13.70 52.79 0.00 200 181 1
87004 3138653440.00 0.00 13.70 52.79 0.00 200 181 1
87145 3138653440.00 0.00 13.70 52.79 0.00 200 181 1
87286 3138653440.00 0.00 13.70 52.79 0.00 200 181 1
87428 3138653440.00 0.00 13.70 52.79 0.00 200 181 1
87569 3138653440.00 0.00 13.70 52.79 0.00 200 181 1
87711 3138653440.00 0.00 13.70 52.79 0.00 200 181 1
87854 3138653440.00 0.00 13.70 52.79 0.00 200 181 1
87993 3138653440.00 0.00 13.70 52.79 0.00 200 181 1
88134 3138653440.00 0.00 13.70 52.79 0.00 200 181 1
88275 3138653440.00 0.00 13.70 52.79 0.00 200 181 1
88417 3138653440.00 0.00 13.70 52.79 0.00 200 181 1
88558 3138653440.00 0.00 13.70 52.79 0.00 200 181 1
88700 3138653440.00 0.00 13.70 52.79 0.00 200 181 1
88843 3138653440.00 0.00 13.70 52.79 0.00 200 181 1
88982 3138653440.00 0.00 13.70 52.79 0.00 200 181 1
89123 3138653440.00 0.00 13.70 52.79 0.00 200 181 1
89265 3138653440.00 0.00 13.70 52.79 0.00 200 181 1
89406 3138653440.00 0.00 13.70 52.79 0.00 200 181 1
89547 3138653440.00 0.00 13.70 52.79 0.00 200 181 1
89690 3138653440.00 0.00 13.70 52.79 0.00 200 181 1
89832 3138653440.00 0.00 13.70 52.79 0.00 200 181 1
89972 3138653440.00 0.00 13.70 52.79 0.00 200 181 1
90114 3138653440.00 0.00 13.70 52.79 0.00 200 181 1
90255 3138653440.00 0.00 13.70 52.79 0.00 200 181 1
90396 3138653440.00 0.00 13.70 52.79 0.00 200 181 1
90537 3138653440.00 0.00 13.70 52.79 0.00 200 181 1
90679 3138653440.00 0.00 13.70 52.79 0.00 200 181 1
90821 3138653440.00 0.00 13.70 52.79 0.00 200 181 1
90962 3138653440.00 0.00 13.70 52.79 0.00 200 181 1
91103 3138653440.00 0.00 13.70 52.79 0.00 200 181 1
91244 3138653440.00 0.00 13.70 52.79 0.00 200 181 1
91385 3138653440.00 0.00 13.70 52.79 0.00 200 181 1
91527 3138653440.00 0.00 13.70 52.79 0.00 200 181 1
91668 3138653440.00 0.00 13.70 53.14 0.00 200 181 1
91810 3138653440.00 0.00 13.70 52.43 0.00 200 182 1
91952 3138653440.00 0.00 13.70 52.79 0.00 200 181 1
92092 3138653440.00 0.00 13.70 52.79 0.00 200 181 1
92233 3138653440.00 0.00 13.70 52.79 0.00 200 181 1
92375 3138653440.00 0.00 13.70 52.79 0.00 200 181 1
92516 3138653440.00 0.00 13.70 52.79 0.00 200 181 1
92657 3138653440.00 0.00 13.70 52.79 0.00 200 181 1
92800 3138653440.00 0.00 13.70 52.79 0.00 200 181 1
92941 3138653440.00 0.00 13.70 52.79 0.00 200 181 1
93081 3138653440.00 0.00 13.70 52.79 0.00 200 181 1
93223 3138653440.00 0.00 13.70 52.43 0.00 200 181 1
93365 3138653440.00 0.00 13.70 52.79 0.00 200 181 1
93506 3138653440.00 0.00 13.70 52.79 0.00 200 181 1
93647 3138653440.00 0.00 13.70 52.79 0.00 200 181 1
93790 3138653440.00 0.00 13.70 52.79 0.00 200 181 1
93930 3138653440.00 0.00 13.70 52.79 0.00 200 181 1
94071 3138653440.00 0.00 13.70 52.79 0.00 200 181 1
94213 3138653440.00 0.00 13.70 52.79 0.00 200 181 1
94354 3138653440.00 0.00 13.70 52.79 0.00 200 181 1
94495 3138653440.00 0.00 13.70 52.79 0.00 200 181 1
94637 3138653440.00 0.00 13.70 52.79 0.00 200 181 1
94779 3138653440.00 0.00 13.70 52.79 0.00 200 181 1
94919 3138653440.00 0.00 13.70 52.79 0.00 200 181 1
95063 3138653440.00 0.00 13.70 52.79 0.00 200 181 1
95204 3138653440.00 0.00 13.70 52.79 0.00 200 181 1
95345 3138653440.00 0.00 13.70 52.79 0.00 200 181 1
95486 3138653440.00 0.00 13.70 52.79 0.00 200 181 1
95628 3138653440.00 0.00 13.70 52.43 0.00 200 181 1
95770 3138653440.00 0.00 13.70 52.79 0.00 200 181 1
95911 3138653440.00 0.00 13.70 52.79 0.00 200 181 1
96053 3138653440.00 0.00 13.70 52.79 0.00 200 181 1
96194 3138653440.00 0.00 13.70 52.79 0.00 200 181 1
96335 3138653440.00 0.00 13.70 52.79 0.00 200 181 1
96477 3138653440.00 0.00 13.70 52.79 0.00 200 181 1
96618 3138653440.00 0.00 13.70 52.79 0.00 200 181 1
96760 3138653440.00 0.00 13.70 52.79 0.00 200 181 1
96901 3138653440.00 0.00 13.70 52.79 0.00 200 181 1
97042 3138653440.00 0.00 13.70 52.79 0.00 200 181 1
97183 3138653440.00 0.00 13.70 52.79 0.00 200 181 1
97325 3138653440.00 0.00 13.70 52.79 0.00 200 181 1
97466 3138653440.00 0.00 13.70 52.79 0.00 200 181 1
97607 3138653440.00 0.00 13.70 52.43 0.00 200 181 1
97751 3138653440.00 0.00 13.70 52.43 0.00 200 181 1
97890 3138653440.00 0.00 13.70 52.79 0.00 200 181 1
98031 3138653440.00 0.00 13.70 52.79 0.00 200 181 1
98172 3138653440.00 0.00 13.70 52.79 0.00 200 181 1
98314 3138653440.00 0.00 13.70 52.79 0.00 200 181 1
98455 3138653440.00 0.00 13.70 52.79 0.00 200 181 1
98596 3138653440.00 0.00 13.70 52.79 0.00 200 181 1
98740 3138653440.00 0.00 13.70 52.79 0.00 200 181 1
98881 3138653440.00 0.00 13.70 52.79 0.00 200 181 1
99020 3138653440.00 0.00 13.70 52.79 0.00 200 181 1
99162 3138653440.00 0.00 13.70 52.79 0.00 200 181 1
99303 3138653440.00 0.00 13.70 52.79 0.00 200 181 1
99444 3138653440.00 0.00 13.70 52.79 0.00 200 181 1
99587 3138653440.00 0.00 13.70 52.79 0.00 200 181 1
99729 3138653440.00 0.00 13.70 52.43 0.00 200 181 1
99870 3138653440.00 0.00 13.70 52.79 0.00 200 181 1
100011 3138653440.00 0.00 13.70 52.79 0.00 200 181 1
100152 3138653440.00 0.00 13.70 52.79 0.00 200 181 1
100293 3138653440.00 0.00 13.70 52.79 0.00 200 181 1
100434 3138653440.00 0.00 13.70 52.79 0.00 200 181 1
100576 3138653440.00 0.00 13.70 52.79 0.00 200 181 1
100718 3138653440.00 0.00 13.70 52.79 0.00 200 181 1
100859 3138653440.00 0.00 13.70 52.79 0.00 200 181 1
101000 3138653440.00 0.00 13.70 52.79 0.00 200 181 1
101141 3138653440.00 0.00 13.70 52.79 0.00 200 181 1
101282 3138653440.00 0.00 13.70 52.79 0.00 200 181 1
101424 3138653440.00 0.00 13.70 52.79 0.00 200 181 1
101565 3138653440.00 0.00 13.70 52.43 0.00 200 181 1
