18425 52.486228942871 -1.889900016784 99.20 0.70 0.00 212 230 1
18664 52.486228942871 -1.889900016784 101.90 0.00 0.00 212 230 0
18845 52.486228942871 -1.889900016784 103.80 0.35 0.00 212 230 0
19026 52.486228942871 -1.889900016784 104.60 0.00 0.00 212 230 0
19209 52.486228942871 -1.889900016784 103.60 0.00 0.00 212 230 0
19390 52.486228942871 -1.889900016784 102.80 0.00 0.00 212 230 0
19572 52.486228942871 -1.889900016784 104.90 0.00 0.00 212 230 0
19756 52.486228942871 -1.889900016784 107.90 0.00 0.00 212 230 0
19937 52.486228942871 -1.889865016937 111.20 0.00 0.00 212 230 0
20118 52.486228942871 -1.889865016937 113.20 0.00 0.00 212 230 0
20299 52.486228942871 -1.889865016937 111.30 0.00 0.00 212 230 0
20481 52.486228942871 -1.889865016937 109.70 0.00 0.00 212 230 0
20663 52.486228942871 -1.889865016937 113.60 0.00 0.00 212 230 0
20846 52.486228942871 -1.889865016937 120.20 -1.06 0.00 212 230 0
21027 52.486228942871 -1.889865016937 123.80 -0.70 0.00 212 230 0
21209 52.486228942871 -1.889865016937 128.50 -3.17 0.00 212 230 0
21390 52.486228942871 -1.889865016937 133.30 -3.52 0.00 212 230 0
21571 52.486228942871 -1.889865016937 134.60 -2.11 0.00 212 230 0
21754 52.486228942871 -1.889865016937 136.30 -3.17 0.00 212 230 0
21937 52.486217498779 -1.889823436737 138.30 -5.28 0.00 212 230 0
22118 52.486217498779 -1.889823436737 140.10 -5.63 0.00 212 230 0
22299 52.486217498779 -1.889823436737 140.10 -5.63 0.00 212 230 0
22480 52.486217498779 -1.889823436737 137.40 -7.74 0.00 212 230 0
22662 52.486217498779 -1.889823436737 135.30 -10.21 0.00 212 230 0
22845 52.486217498779 -1.889823436737 135.20 -13.72 0.00 212 230 0
23026 52.486217498779 -1.889823436737 136.00 -17.60 0.00 212 230 0
23208 52.486217498779 -1.889823436737 135.60 -22.87 0.00 212 230 0
23389 52.486217498779 -1.889823436737 135.00 -27.80 0.00 212 230 0
23571 52.486217498779 -1.889823436737 133.30 -31.67 0.00 212 230 0
23753 52.486217498779 -1.889823436737 133.20 -36.95 0.00 212 230 0
23936 52.486217498779 -1.889783382415 134.70 -39.41 0.00 212 230 0
24117 52.486217498779 -1.889783382415 136.40 -39.41 0.00 212 230 0
24298 52.486217498779 -1.889783382415 134.90 -39.06 0.00 212 230 0
24479 52.486217498779 -1.889783382415 131.70 -38.71 0.00 212 230 0
24662 52.486217498779 -1.889783382415 129.90 -38.71 0.00 212 230 0
24845 52.486217498779 -1.889783382415 130.00 -39.77 0.00 212 230 0
25026 52.486217498779 -1.889783382415 131.50 -40.12 0.00 212 230 0
25207 52.486217498779 -1.889783382415 130.50 -39.06 0.00 212 230 0
25389 52.486217498779 -1.889783382415 128.70 -38.01 0.00 212 230 0
25570 52.486217498779 -1.889783382415 125.60 -38.36 0.00 212 230 0
25753 52.486217498779 -1.889783382415 127.30 -37.65 0.00 212 230 0
25935 52.486232757568 -1.889756679534 129.50 -36.95 0.00 212 230 0
26117 52.486232757568 -1.889756679534 129.40 -35.89 0.00 212 230 0
26298 52.486232757568 -1.889756679534 128.50 -34.84 0.00 212 230 0
26479 52.486232757568 -1.889756679534 125.50 -33.78 0.00 212 230 0
26660 52.486232757568 -1.889756679534 123.40 -33.08 0.00 212 230 0
26844 52.486232757568 -1.889756679534 122.70 -34.49 0.00 212 230 0
27025 52.486232757568 -1.889756679534 125.10 -34.13 0.00 212 230 0
27206 52.486232757568 -1.889756679534 126.80 -31.67 0.00 212 230 0
27387 52.486232757568 -1.889756679534 126.90 -28.15 0.00 212 230 0
27570 52.486232757568 -1.889756679534 125.50 -22.52 0.00 212 230 0
27751 52.486232757568 -1.889756679534 124.20 -18.65 0.00 212 230 0
27934 52.486251831054 -1.889736652374 124.50 -17.60 0.00 212 230 0
28115 52.486251831054 -1.889736652374 127.30 -18.30 0.00 212 230 0
28298 52.486251831054 -1.889736652374 130.60 -17.95 0.00 212 230 0
28478 52.486251831054 -1.889736652374 131.60 -17.60 0.00 212 230 0
28660 52.486251831054 -1.889736652374 130.60 -16.89 0.00 212 230 0
28844 52.486251831054 -1.889736652374 130.90 -16.54 0.00 212 230 0
29025 52.486251831054 -1.889736652374 132.20 -17.95 0.00 212 230 0
29206 52.486251831054 -1.889736652374 135.70 -18.30 0.00 212 230 0
29387 52.486251831054 -1.889736652374 138.70 -15.48 0.00 212 230 0
29569 52.486251831054 -1.889736652374 139.40 -12.32 0.00 212 230 0
29751 52.486251831054 -1.889736652374 135.90 -10.21 0.00 212 230 0
29934 52.486267089843 -1.889711570739 132.20 -10.56 0.00 212 230 0
30114 52.486267089843 -1.889711570739 130.80 -10.56 0.00 212 230 0
30297 52.486267089843 -1.889711570739 132.00 -10.91 0.00 212 230 0
30478 52.486267089843 -1.889711570739 134.20 -10.56 0.00 212 230 0
30659 52.486267089843 -1.889711570739 133.20 -6.69 0.00 212 230 0
30842 52.486267089843 -1.889711570739 127.60 -3.52 0.00 212 230 0
31024 52.486267089843 -1.889711570739 124.10 -3.17 0.00 212 230 0
31205 52.486267089843 -1.889711570739 123.60 -4.93 0.00 212 230 0
31386 52.486267089843 -1.889711570739 126.10 -3.87 0.00 212 230 0
31568 52.486267089843 -1.889711570739 126.10 -1.76 0.00 212 230 0
31750 52.486267089843 -1.889711570739 123.30 0.00 0.00 212 230 0
31933 52.486286163330 -1.889693260192 119.20 0.00 0.00 212 230 0
32114 52.486286163330 -1.889693260192 117.20 0.00 0.00 212 230 0
32295 52.486286163330 -1.889693260192 118.40 0.00 0.00 212 230 0
32477 52.486286163330 -1.889693260192 120.00 0.00 0.00 212 230 0
32658 52.486286163330 -1.889693260192 119.40 0.00 0.00 212 230 0
32841 52.486286163330 -1.889693260192 116.80 0.00 0.00 212 230 0
33022 52.486286163330 -1.889693260192 114.00 0.00 0.00 212 230 0
33205 52.486286163330 -1.889693260192 113.70 0.00 0.00 212 230 0
33385 52.486286163330 -1.889693260192 115.80 0.00 0.00 212 230 0
33567 52.486286163330 -1.889693260192 118.60 0.00 0.00 212 230 0
33750 52.486286163330 -1.889693260192 119.20 0.00 0.00 212 230 0
33932 52.486309051513 -1.889675045013 118.60 1.41 0.00 212 230 0
34113 52.486309051513 -1.889675045013 118.10 5.28 0.00 212 230 0
34295 52.486309051513 -1.889675045013 119.90 10.56 0.00 212 230 0
34476 52.486309051513 -1.889675045013 124.00 16.89 0.00 212 230 0
34658 52.486309051513 -1.889675045013 127.60 26.04 0.00 212 230 0
34841 52.486309051513 -1.889675045013 128.80 38.01 0.00 212 230 0
35022 52.486309051513 -1.889675045013 127.40 52.79 0.00 212 230 0
35204 52.486309051513 -1.889675045013 126.90 65.45 0.00 212 230 0
35385 52.486309051513 -1.889675045013 126.90 78.48 0.00 212 230 0
35566 52.486309051513 -1.889675045013 129.40 86.22 0.00 212 230 0
35748 52.486309051513 -1.889675045013 132.20 97.83 0.00 212 230 0
35932 52.486328125000 -1.889663314819 129.60 114.72 0.00 212 230 0
36113 52.486328125000 -1.889663314819 125.10 131.26 0.00 212 230 0
36294 52.486328125000 -1.889663314819 121.60 140.41 0.00 212 230 0
36475 52.486328125000 -1.889663314819 119.60 144.63 0.00 212 230 0
36657 52.486328125000 -1.889663314819 122.70 142.87 0.00 212 230 0
36840 52.486328125000 -1.889663314819 125.00 142.87 0.00 212 230 0
37021 52.486328125000 -1.889663314819 124.00 143.58 0.00 212 230 0
37203 52.486328125000 -1.889663314819 120.90 144.28 0.00 212 230 0
37384 52.486328125000 -1.889663314819 118.70 142.52 0.00 212 230 0
37566 52.486328125000 -1.889663314819 117.60 141.47 0.00 212 230 0
37748 52.486328125000 -1.889663314819 119.50 140.76 0.00 212 230 0
37931 52.486354827880 -1.889660072326 120.50 140.76 0.00 212 230 0
38112 52.486354827880 -1.889660072326 119.40 140.41 0.00 212 230 0
38293 52.486354827880 -1.889660072326 116.50 140.41 0.00 212 230 0
38474 52.486354827880 -1.889660072326 114.70 138.65 0.00 212 230 0
38657 52.486354827880 -1.889660072326 114.20 137.24 0.00 212 230 0
38840 52.486354827880 -1.889660072326 117.30 135.48 0.00 212 230 0
39021 52.486354827880 -1.889660072326 118.70 135.13 0.00 212 230 0
39202 52.486354827880 -1.889660072326 118.70 135.13 0.00 212 230 0
39384 52.486354827880 -1.889660072326 117.90 136.19 0.00 212 230 0
39565 52.486354827880 -1.889660072326 117.60 136.19 0.00 212 230 0
39747 52.486354827880 -1.889660072326 118.30 135.84 0.00 212 230 0
39930 52.486377716064 -1.889658355712 120.60 134.08 0.00 212 230 0
40112 52.486377716064 -1.889658355712 121.50 134.43 0.00 212 230 0
40293 52.486377716064 -1.889658355712 120.20 134.78 0.00 212 230 0
40474 52.486377716064 -1.889658355712 116.70 135.13 0.00 212 230 0
40678 52.486377716064 -1.889658355712 113.50 136.19 0.00 212 230 0
40861 52.486377716064 -1.889658355712 111.70 135.13 0.00 212 230 0
41042 52.486377716064 -1.889658355712 114.00 133.72 0.00 212 230 0
41225 52.486377716064 -1.889658355712 115.30 136.54 0.00 212 230 0
41405 52.486377716064 -1.889658355712 113.00 140.41 0.00 212 230 0
41586 52.486377716064 -1.889658355712 105.90 141.82 0.00 212 230 0
41769 52.486377716064 -1.889658355712 104.40 142.17 0.00 212 230 0
41952 52.486392974853 -1.889630126953 106.60 140.41 0.00 212 230 0
42153 52.486392974853 -1.889630126953 110.50 139.71 0.00 212 230 0
42334 52.486392974853 -1.889630126953 111.50 140.41 0.00 212 230 0
42516 52.486392974853 -1.889630126953 111.00 140.76 0.00 212 230 0
42697 52.486392974853 -1.889630126953 110.00 139.00 0.00 212 230 0
42881 52.486392974853 -1.889630126953 111.50 135.84 0.00 212 230 0
43062 52.486392974853 -1.889630126953 112.90 133.02 0.00 212 230 0
43244 52.486392974853 -1.889630126953 117.70 130.91 0.00 212 230 0
43424 52.486392974853 -1.889630126953 119.20 130.91 0.00 212 230 0
43607 52.486392974853 -1.889630126953 118.10 130.91 0.00 212 230 0
43790 52.486392974853 -1.889630126953 111.80 129.85 0.00 212 230 0
43970 52.486392974853 -1.889630126953 110.40 129.50 0.00 212 230 0
44152 52.486392974853 -1.889630126953 111.80 128.09 0.00 212 230 0
44334 52.486392974853 -1.889630126953 113.40 127.74 0.00 212 230 0
44515 52.486392974853 -1.889630126953 113.50 128.09 0.00 212 230 0
44697 52.486392974853 -1.889630126953 106.00 128.09 0.00 212 230 0
44879 52.486392974853 -1.889630126953 101.00 125.98 0.00 212 230 0
45061 52.486392974853 -1.889630126953 99.60 123.87 0.00 212 230 0
45243 52.486392974853 -1.889630126953 102.40 118.59 0.00 212 230 0
45424 52.486392974853 -1.889630126953 99.10 116.13 0.00 212 230 0
45605 52.486392974853 -1.889630126953 99.10 115.43 0.00 212 230 0
45789 52.486392974853 -1.889630126953 96.80 116.13 0.00 212 230 0
45970 52.486419677734 -1.889533233642 94.30 115.07 0.00 212 230 0
46151 52.486419677734 -1.889533233642 94.20 114.72 0.00 212 230 0
46332 52.486419677734 -1.889533233642 96.80 114.37 0.00 212 230 0
46514 52.486419677734 -1.889533233642 98.10 115.43 0.00 212 230 0
46696 52.486419677734 -1.889533233642 98.60 115.43 0.00 212 230 0
46879 52.486419677734 -1.889533233642 98.00 115.43 0.00 212 230 0
47060 52.486419677734 -1.889533233642 95.10 114.02 0.00 212 230 0
47242 52.486419677734 -1.889533233642 97.00 112.96 0.00 212 230 0
47423 52.486419677734 -1.889533233642 101.10 111.55 0.00 212 230 0
47604 52.486419677734 -1.889533233642 103.50 111.20 0.00 212 230 0
47788 52.486419677734 -1.889533233642 103.00 111.55 0.00 212 230 0
47969 52.486434936523 -1.889484977722 98.70 111.55 0.00 212 230 0
48151 52.486434936523 -1.889484977722 95.40 109.79 0.00 212 230 0
48332 52.486434936523 -1.889484977722 95.00 106.63 0.00 212 230 0
48514 52.486434936523 -1.889484977722 96.40 102.40 0.00 212 230 0
48695 52.486434936523 -1.889484977722 98.30 101.35 0.00 212 230 0
48878 52.486434936523 -1.889484977722 100.30 102.40 0.00 212 230 0
49080 52.486434936523 -1.889484977722 100.30 103.46 0.00 212 230 0
49261 52.486434936523 -1.889484977722 99.10 104.87 0.00 212 230 0
49442 52.486434936523 -1.889484977722 96.00 104.16 0.00 212 230 0
49624 52.486434936523 -1.889484977722 95.90 103.46 0.00 212 230 0
49807 52.486434936523 -1.889484977722 97.90 102.40 0.00 212 230 0
49989 52.486442565917 -1.889448356628 97.40 102.05 0.00 212 230 0
50170 52.486442565917 -1.889448356628 96.20 102.05 0.00 212 230 0
50352 52.486442565917 -1.889448356628 93.00 101.70 0.00 212 230 0
50533 52.486442565917 -1.889448356628 92.60 100.65 0.00 212 230 0
50714 52.486442565917 -1.889448356628 95.10 101.35 0.00 212 230 0
50897 52.486442565917 -1.889448356628 95.30 103.46 0.00 212 230 0
51079 52.486442565917 -1.889448356628 92.00 104.16 0.00 212 230 0
51261 52.486442565917 -1.889448356628 90.10 103.11 0.00 212 230 0
51441 52.486442565917 -1.889448356628 89.30 101.70 0.00 212 230 0
51623 52.486442565917 -1.889448356628 90.40 99.94 0.00 212 230 0
51807 52.486442565917 -1.889448356628 93.00 99.59 0.00 212 230 0
51988 52.486465454101 -1.889416694641 94.40 99.24 0.00 212 230 0
52169 52.486465454101 -1.889416694641 93.40 99.59 0.00 212 230 0
52350 52.486465454101 -1.889416694641 89.80 97.13 0.00 212 230 0
52532 52.486465454101 -1.889416694641 88.50 95.72 0.00 212 230 0
52714 52.486465454101 -1.889416694641 89.30 92.55 0.00 212 230 0
52897 52.486465454101 -1.889416694641 89.30 92.20 0.00 212 230 0
53079 52.486465454101 -1.889416694641 88.00 91.14 0.00 212 230 0
53260 52.486465454101 -1.889416694641 84.90 89.74 0.00 212 230 0
53441 52.486465454101 -1.889416694641 82.80 85.51 0.00 212 230 0
53622 52.486465454101 -1.889416694641 80.90 83.05 0.00 212 230 0
53806 52.486465454101 -1.889416694641 82.80 78.48 0.00 212 230 0
53987 52.486484527587 -1.889391708374 84.20 77.42 0.00 212 230 0
54169 52.486484527587 -1.889391708374 83.20 77.07 0.00 212 230 0
54350 52.486484527587 -1.889391708374 80.10 76.36 0.00 212 230 0
54532 52.486484527587 -1.889391708374 77.40 73.20 0.00 212 230 0
54713 52.486484527587 -1.889391708374 76.20 69.33 0.00 212 230 0
54896 52.486484527587 -1.889391708374 78.40 64.75 0.00 212 230 0
55077 52.486484527587 -1.889391708374 80.10 62.29 0.00 212 230 0
55260 52.486484527587 -1.889391708374 81.20 61.58 0.00 212 230 0
55440 52.486484527587 -1.889391708374 79.50 61.23 0.00 212 230 0
55622 52.486484527587 -1.889391708374 78.80 60.88 0.00 212 230 0
55804 52.486484527587 -1.889391708374 79.20 60.53 0.00 212 230 0
56007 52.486507415771 -1.889369964599 84.00 61.58 0.00 212 230 0
56188 52.486507415771 -1.889369964599 85.40 63.70 0.00 212 230 0
56370 52.486507415771 -1.889369964599 85.00 65.45 0.00 212 230 0
56551 52.486507415771 -1.889369964599 82.10 65.81 0.00 212 230 0
56732 52.486507415771 -1.889369964599 80.90 66.51 0.00 212 230 0
56915 52.486507415771 -1.889369964599 81.80 65.45 0.00 212 230 0
57097 52.486507415771 -1.889369964599 84.50 66.16 0.00 212 230 0
57279 52.486507415771 -1.889369964599 85.30 68.62 0.00 212 230 0
57459 52.486507415771 -1.889369964599 84.40 71.79 0.00 212 230 0
57641 52.486507415771 -1.889369964599 80.70 72.84 0.00 212 230 0
57825 52.486507415771 -1.889369964599 77.80 71.09 0.00 212 230 0
58006 52.486507415771 -1.889369964599 79.30 69.33 0.00 212 230 0
58187 52.486507415771 -1.889369964599 82.10 72.14 0.00 212 230 0
58369 52.486507415771 -1.889369964599 82.90 81.99 0.00 212 230 0
58550 52.486507415771 -1.889369964599 82.10 83.75 0.00 212 230 0
58732 52.486507415771 -1.889369964599 80.60 77.07 0.00 212 230 0
58915 52.486507415771 -1.889369964599 81.70 67.92 0.00 212 230 0
59097 52.486507415771 -1.889369964599 84.50 63.34 0.00 212 230 0
59279 52.486507415771 -1.889369964599 88.50 63.34 0.00 212 230 0
59459 52.486507415771 -1.889369964599 88.90 63.34 0.00 212 230 0
59640 52.486507415771 -1.889369964599 86.20 57.71 0.00 212 230 0
59824 52.486507415771 -1.889369964599 81.70 46.80 0.00 212 230 0
60005 52.486507415771 -1.889369964599 80.00 38.01 0.00 212 230 0
60186 52.486507415771 -1.889369964599 82.10 37.30 0.00 212 230 0
60367 52.486507415771 -1.889369964599 84.50 41.52 0.00 212 230 0
60550 52.486507415771 -1.889369964599 86.10 49.27 0.00 212 230 0
60731 52.486507415771 -1.889369964599 84.90 57.36 0.00 212 230 0
60914 52.486507415771 -1.889369964599 82.10 64.40 0.00 212 230 0
61095 52.486507415771 -1.889369964599 80.90 71.09 0.00 212 230 0
61278 52.486507415771 -1.889369964599 83.90 72.84 0.00 212 230 0
61458 52.486507415771 -1.889369964599 86.80 76.36 0.00 212 230 0
61640 52.486507415771 -1.889369964599 87.90 79.18 0.00 212 230 0
61824 52.486507415771 -1.889369964599 86.40 79.18 0.00 212 230 0
62005 52.486568450927 -1.889303398132 83.50 76.72 0.00 212 230 0
62186 52.486568450927 -1.889303398132 81.20 75.31 0.00 212 230 0
62367 52.486568450927 -1.889303398132 81.10 69.68 0.00 212 230 0
62548 52.486568450927 -1.889303398132 82.60 63.70 0.00 212 230 0
62731 52.486568450927 -1.889303398132 82.90 59.47 0.00 212 230 0
62914 52.486568450927 -1.889303398132 81.10 50.32 0.00 212 230 0
63115 52.486568450927 -1.889303398132 79.40 39.77 0.00 212 230 0
63297 52.486568450927 -1.889303398132 78.30 29.56 0.00 212 230 0
63477 52.486568450927 -1.889303398132 82.40 19.35 0.00 212 230 0
63660 52.486568450927 -1.889303398132 85.50 13.37 0.00 212 230 0
63843 52.486568450927 -1.889303398132 86.10 13.72 0.00 212 230 0
64024 52.486568450927 -1.889303398132 83.50 14.08 0.00 212 230 0
64205 52.486568450927 -1.889303398132 79.20 14.43 0.00 212 230 0
64387 52.486568450927 -1.889303398132 75.60 12.32 0.00 212 230 0
64568 52.486568450927 -1.889303398132 76.60 9.50 0.00 212 230 0
64750 52.486568450927 -1.889303398132 78.70 9.50 0.00 212 230 0
64933 52.486606597900 -1.889268398284 77.70 10.91 0.00 212 230 0
65115 52.486606597900 -1.889268398284 74.60 11.26 0.00 212 230 0
65296 52.486606597900 -1.889268398284 70.80 13.02 0.00 212 230 0
65477 52.486606597900 -1.889268398284 69.60 11.61 0.00 212 230 0
65658 52.486606597900 -1.889268398284 72.40 9.15 0.00 212 230 0
65842 52.486606597900 -1.889268398284 74.60 12.32 0.00 212 230 0
66023 52.486606597900 -1.889268398284 75.40 20.41 0.00 212 230 0
66204 52.486606597900 -1.889268398284 72.80 32.73 0.00 212 230 0
66385 52.486606597900 -1.889268398284 74.60 46.45 0.00 212 230 0
66568 52.486606597900 -1.889268398284 77.50 62.99 0.00 212 230 0
66749 52.486606597900 -1.889268398284 82.50 74.96 0.00 212 230 0
66932 52.486606597900 -1.889268398284 85.40 83.40 0.00 212 230 0
67113 52.486606597900 -1.889268398284 85.10 86.57 0.00 212 230 0
67296 52.486606597900 -1.889268398284 80.30 86.22 0.00 212 230 0
67476 52.486606597900 -1.889268398284 80.00 79.53 0.00 212 230 0
67658 52.486606597900 -1.889268398284 81.50 72.14 0.00 212 230 0
67842 52.486606597900 -1.889268398284 83.90 66.51 0.00 212 230 0
68022 52.486606597900 -1.889268398284 85.70 64.05 0.00 212 230 0
68204 52.486606597900 -1.889268398284 85.40 64.75 0.00 212 230 0
68385 52.486606597900 -1.889268398284 83.00 65.10 0.00 212 230 0
68567 52.486606597900 -1.889268398284 82.30 63.70 0.00 212 230 0
68748 52.486606597900 -1.889268398284 82.80 62.99 0.00 212 230 0
68931 52.486606597900 -1.889268398284 85.00 62.99 0.00 212 230 0
69112 52.486606597900 -1.889268398284 84.90 63.34 0.00 212 230 0
69295 52.486606597900 -1.889268398284 82.80 63.70 0.00 212 230 0
69475 52.486606597900 -1.889268398284 80.30 62.64 0.00 212 230 0
69657 52.486606597900 -1.889268398284 80.20 62.99 0.00 212 230 0
69840 52.486606597900 -1.889268398284 81.10 64.05 0.00 212 230 0
70022 52.486606597900 -1.889268398284 83.80 64.75 0.00 212 230 0
70203 52.486606597900 -1.889268398284 85.10 64.40 0.00 212 230 0
70384 52.486606597900 -1.889268398284 83.50 64.05 0.00 212 230 0
70565 52.486606597900 -1.889268398284 80.50 63.70 0.00 212 230 0
70748 52.486606597900 -1.889268398284 79.20 61.94 0.00 212 230 0
70931 52.486606597900 -1.889268398284 78.90 61.58 0.00 212 230 0
71112 52.486606597900 -1.889268398284 80.00 64.05 0.00 212 230 0
71293 52.486606597900 -1.889268398284 80.50 71.79 0.00 212 230 0
71475 52.486606597900 -1.889268398284 78.90 76.72 0.00 212 230 0
71656 52.486606597900 -1.889268398284 77.40 77.42 0.00 212 230 0
71839 52.486606597900 -1.889268398284 75.50 78.48 0.00 212 230 0
72020 52.486606597900 -1.889268398284 77.60 76.72 0.00 212 230 0
72203 52.486606597900 -1.889268398284 80.10 76.01 0.00 212 230 0
72384 52.486606597900 -1.889268398284 80.90 72.49 0.00 212 230 0
72565 52.486606597900 -1.889268398284 79.60 72.84 0.00 212 230 0
72747 52.486606597900 -1.889268398284 79.90 74.96 0.00 212 230 0
72930 52.486606597900 -1.889268398284 81.60 81.99 0.00 212 230 0
73111 52.486606597900 -1.889268398284 84.50 78.12 0.00 212 230 0
73293 52.486606597900 -1.889268398284 88.30 63.34 0.00 212 230 0
73474 52.486606597900 -1.889268398284 90.80 53.49 0.00 212 230 0
73656 52.486606597900 -1.889268398284 90.30 52.43 0.00 212 230 0
73839 52.486606597900 -1.889268398284 90.50 52.43 0.00 212 230 0
74020 52.486606597900 -1.889268398284 87.60 54.19 0.00 212 230 0
74202 52.486606597900 -1.889268398284 87.60 55.25 0.00 212 230 0
74383 52.486606597900 -1.889268398284 87.90 56.30 0.00 212 230 0
74564 52.486606597900 -1.889268398284 86.80 56.66 0.00 212 230 0
74746 52.486606597900 -1.889268398284 85.00 57.01 0.00 212 230 0
74930 52.486606597900 -1.889268398284 85.40 55.25 0.00 212 230 0
75111 52.486606597900 -1.889268398284 86.10 56.30 0.00 212 230 0
75292 52.486606597900 -1.889268398284 89.10 59.12 0.00 212 230 0
75473 52.486606597900 -1.889268398284 90.30 62.99 0.00 212 230 0
75655 52.486606597900 -1.889268398284 91.40 64.05 0.00 212 230 0
75838 52.486606597900 -1.889268398284 88.70 64.05 0.00 212 230 0
76019 52.486728668212 -1.889151668548 88.10 62.99 0.00 212 230 0
76200 52.486728668212 -1.889151668548 87.80 62.99 0.00 212 230 0
76383 52.486728668212 -1.889151668548 90.30 62.64 0.00 212 230 0
76564 52.486728668212 -1.889151668548 91.50 64.05 0.00 212 230 0
76745 52.486728668212 -1.889151668548 89.70 64.75 0.00 212 230 0
76929 52.486728668212 -1.889151668548 86.20 65.81 0.00 212 230 0
77110 52.486728668212 -1.889151668548 85.60 65.45 0.00 212 230 0
77291 52.486728668212 -1.889151668548 86.90 63.70 0.00 212 230 0
77472 52.486728668212 -1.889151668548 90.70 63.70 0.00 212 230 0
77655 52.486728668212 -1.889151668548 92.80 63.34 0.00 212 230 0
77837 52.486728668212 -1.889151668548 94.00 64.05 0.00 212 230 0
78018 52.486728668212 -1.889151668548 92.10 62.99 0.00 212 230 0
78200 52.486728668212 -1.889151668548 90.20 62.29 0.00 212 230 0
78382 52.486728668212 -1.889151668548 89.30 61.94 0.00 212 230 0
78563 52.486728668212 -1.889151668548 91.20 62.99 0.00 212 230 0
78744 52.486728668212 -1.889151668548 91.20 64.05 0.00 212 230 0
78927 52.486728668212 -1.889151668548 90.60 64.40 0.00 212 230 0
79109 52.486728668212 -1.889151668548 87.50 63.34 0.00 212 230 0
79433 52.486728668212 -1.889151668548 87.60 62.29 0.00 212 230 0
79633 52.486728668212 -1.889151668548 88.40 61.94 0.00 212 230 0
79816 52.486728668212 -1.889151668548 89.10 62.64 0.00 212 230 0
79997 52.486728668212 -1.889151668548 85.40 62.99 0.00 212 230 0
80180 52.486728668212 -1.889151668548 82.70 61.94 0.00 212 230 0
80360 52.486728668212 -1.889151668548 83.20 61.94 0.00 212 230 0
80542 52.486728668212 -1.889151668548 86.00 61.94 0.00 212 230 0
80723 52.486728668212 -1.889151668548 88.60 61.23 0.00 212 230 0
80907 52.486728668212 -1.889151668548 89.10 61.23 0.00 212 230 0
81088 52.486728668212 -1.889151668548 87.40 60.88 0.00 212 230 0
81270 52.486728668212 -1.889151668548 87.50 58.42 0.00 212 230 0
81451 52.486728668212 -1.889151668548 86.90 56.30 0.00 212 230 0
81633 52.486728668212 -1.889151668548 88.80 50.32 0.00 212 230 0
81816 52.486728668212 -1.889151668548 90.00 46.45 0.00 212 230 0
81997 52.486728668212 -1.889151668548 87.10 44.69 0.00 212 230 0
82179 52.486728668212 -1.889151668548 84.50 41.52 0.00 212 230 0
82360 52.486728668212 -1.889151668548 83.90 36.60 0.00 212 230 0
82541 52.486728668212 -1.889151668548 82.00 33.08 0.00 212 230 0
82723 52.486728668212 -1.889151668548 83.00 27.10 0.00 212 230 0
82907 52.486728668212 -1.889151668548 85.30 22.17 0.00 212 230 0
83107 52.486728668212 -1.889151668548 84.00 19.71 0.00 212 230 0
83290 52.486728668212 -1.889151668548 82.30 17.95 0.00 212 230 0
83470 52.486728668212 -1.889151668548 80.80 16.89 0.00 212 230 0
83652 52.486728668212 -1.889151668548 79.00 15.13 0.00 212 230 0
83835 52.486728668212 -1.889151668548 82.10 12.67 0.00 212 230 0
84017 52.486728668212 -1.889151668548 85.60 12.67 0.00 212 230 0
84198 52.486728668212 -1.889151668548 84.60 12.32 0.00 212 230 0
84379 52.486728668212 -1.889151668548 84.80 11.61 0.00 212 230 0
84560 52.486728668212 -1.889151668548 84.80 10.91 0.00 212 230 0
84743 52.486728668212 -1.889151668548 84.50 9.15 0.00 212 230 0
84926 52.486728668212 -1.889151668548 86.60 6.33 0.00 212 230 0
85106 52.486728668212 -1.889151668548 86.80 5.98 0.00 212 230 0
85288 52.486728668212 -1.889151668548 85.20 5.98 0.00 212 230 0
85470 52.486728668212 -1.889151668548 82.10 5.63 0.00 212 230 0
85651 52.486728668212 -1.889151668548 81.30 3.87 0.00 212 230 0
85855 52.486728668212 -1.889151668548 83.80 0.00 0.00 212 230 0
86036 52.486728668212 -1.889151668548 85.80 0.00 0.00 212 230 0
86217 52.486728668212 -1.889151668548 85.30 0.00 0.00 212 230 0
86398 52.486728668212 -1.889151668548 85.00 0.00 0.00 212 230 0
86580 52.486728668212 -1.889151668548 82.50 0.00 0.00 212 230 0
86762 52.486728668212 -1.889151668548 81.80 0.00 0.00 212 230 0
86945 52.486728668212 -1.889151668548 83.70 0.00 0.00 212 230 0
87127 52.486728668212 -1.889151668548 89.10 0.00 0.00 212 230 0
87309 52.486728668212 -1.889151668548 91.30 0.00 0.00 212 230 0
87489 52.486728668212 -1.889151668548 91.30 0.00 0.00 212 230 0
87670 52.486728668212 -1.889151668548 88.60 0.00 0.00 212 230 0
87854 52.486728668212 -1.889151668548 86.10 0.00 0.00 212 230 0
88035 52.486728668212 -1.889151668548 87.00 -1.76 0.00 212 230 0
88216 52.486728668212 -1.889151668548 90.00 -2.82 0.00 212 230 0
88397 52.486728668212 -1.889151668548 87.60 -5.28 0.00 212 230 0
88580 52.486728668212 -1.889151668548 85.90 -0.70 0.00 212 230 0
88761 52.486728668212 -1.889151668548 82.50 0.00 0.00 212 230 0
88944 52.486820220947 -1.888943481445 81.40 0.00 0.00 212 230 0
89125 52.486820220947 -1.888943481445 82.60 0.00 0.00 212 230 0
89308 52.486820220947 -1.888943481445 86.50 -0.35 0.00 212 230 0
89488 52.486820220947 -1.888943481445 86.80 0.00 0.00 212 230 0
89670 52.486820220947 -1.888943481445 83.50 0.00 0.00 212 230 0
89853 52.486820220947 -1.888943481445 79.40 0.00 0.00 212 230 0
90035 52.486820220947 -1.888943481445 77.10 0.00 0.00 212 230 0
90216 52.486820220947 -1.888943481445 78.60 -0.35 0.00 212 230 0
90397 52.486820220947 -1.888943481445 84.80 0.00 0.00 212 230 0
90578 52.486820220947 -1.888943481445 86.00 0.00 0.00 212 230 0
90761 52.486820220947 -1.888943481445 83.30 0.00 0.00 212 230 0
90943 52.486820220947 -1.888943481445 78.90 0.00 0.00 212 230 0
91124 52.486820220947 -1.888943481445 76.90 0.00 0.00 212 230 0
91307 52.486820220947 -1.888943481445 78.80 0.00 0.00 212 230 0
91487 52.486820220947 -1.888943481445 84.00 0.00 0.00 212 230 0
91669 52.486820220947 -1.888943481445 85.60 0.00 0.00 212 230 0
91852 52.486820220947 -1.888943481445 83.90 0.00 0.00 212 230 0
92034 52.486820220947 -1.888943481445 81.20 0.00 0.00 212 230 0
92215 52.486820220947 -1.888943481445 79.30 0.00 0.00 212 230 0
92396 52.486820220947 -1.888943481445 81.70 0.00 0.00 212 230 0
92577 52.486820220947 -1.888943481445 85.70 0.00 0.00 212 230 0
92760 52.486820220947 -1.888943481445 85.90 0.00 0.00 212 230 0
92943 52.486820220947 -1.888943481445 84.50 0.00 0.00 212 230 0
93124 52.486820220947 -1.888943481445 82.50 0.00 0.00 212 230 0
93305 52.486820220947 -1.888943481445 81.70 0.00 0.00 212 230 0
93487 52.486820220947 -1.888943481445 85.60 0.00 0.00 212 230 0
93668 52.486820220947 -1.888943481445 87.90 0.00 0.00 212 230 0
93851 52.486820220947 -1.888943481445 87.60 -1.06 0.00 212 230 0
94032 52.486820220947 -1.888943481445 86.80 -1.76 0.00 212 230 0
94215 52.486820220947 -1.888943481445 88.10 -1.41 0.00 212 230 0
94396 52.486820220947 -1.888943481445 89.60 -8.09 0.00 212 230 0
94577 52.486820220947 -1.888943481445 92.10 -15.84 0.00 212 230 0
94758 52.486820220947 -1.888943481445 93.00 -14.78 0.00 212 230 0
94942 52.486820220947 -1.888943481445 90.40 -11.61 0.00 212 230 0
95123 52.486820220947 -1.888943481445 86.40 -9.15 0.00 212 230 0
95305 52.486820220947 -1.888943481445 84.00 -7.39 0.00 212 230 0
95485 52.486820220947 -1.888943481445 82.60 -7.04 0.00 212 230 0
95668 52.486820220947 -1.888943481445 86.00 -6.69 0.00 212 230 0
95851 52.486820220947 -1.888943481445 87.30 -2.11 0.00 212 230 0
96032 52.486820220947 -1.888943481445 86.10 0.00 0.00 212 230 0
96214 52.486820220947 -1.888943481445 83.90 0.00 0.00 212 230 0
96395 52.486820220947 -1.888943481445 81.30 0.00 0.00 212 230 0
96576 52.486820220947 -1.888943481445 79.00 0.00 0.00 212 230 0
96758 52.486820220947 -1.888943481445 80.80 0.00 0.00 212 230 0
96942 52.486820220947 -1.888943481445 81.50 0.00 0.00 212 230 0
97123 52.486820220947 -1.888943481445 80.00 0.00 0.00 212 230 0
97305 52.486820220947 -1.888943481445 78.10 0.00 0.00 212 230 0
97485 52.486820220947 -1.888943481445 78.50 0.00 0.00 212 230 0
97667 52.486820220947 -1.888943481445 81.40 0.00 0.00 212 230 0
97850 52.486820220947 -1.888943481445 86.40 -2.46 0.00 212 230 0
98031 52.486820220947 -1.888943481445 87.90 -0.70 0.00 212 230 0
98213 52.486820220947 -1.888943481445 87.20 0.00 0.00 212 230 0
98394 52.486820220947 -1.888943481445 82.90 0.00 0.00 212 230 0
98576 52.486820220947 -1.888943481445 80.80 0.00 0.00 212 230 0
98757 52.486820220947 -1.888943481445 80.00 -4.22 0.00 212 230 0
98940 52.486820220947 -1.888943481445 84.50 -5.63 0.00 212 230 0
99122 52.486820220947 -1.888943481445 84.00 -2.46 0.00 212 230 0
99304 52.486820220947 -1.888943481445 82.40 -0.70 0.00 212 230 0
99484 52.486820220947 -1.888943481445 80.10 0.00 0.00 212 230 0
99666 52.486820220947 -1.888943481445 78.90 0.00 0.00 212 230 0
99850 52.486820220947 -1.888943481445 78.20 0.00 0.00 212 230 0
100030 52.486820220947 -1.888943481445 82.00 0.00 0.00 212 230 0
100212 52.486820220947 -1.888943481445 82.60 0.00 0.00 212 230 0
100393 52.486820220947 -1.888943481445 80.40 0.00 0.00 212 230 0
100575 52.486820220947 -1.888943481445 75.90 1.06 0.00 212 230 0
100757 52.486820220947 -1.888943481445 73.90 0.00 0.00 212 230 0
100939 52.486820220947 -1.888943481445 73.20 0.00 0.00 212 230 0
101121 52.486820220947 -1.888943481445 77.90 -0.70 0.00 212 230 0
101303 52.486820220947 -1.888943481445 80.60 0.00 0.00 212 230 0
101483 52.486820220947 -1.888943481445 82.00 0.00 0.00 212 230 0
101665 52.486820220947 -1.888943481445 80.90 0.00 0.00 212 230 0
101849 52.486820220947 -1.888943481445 80.20 0.00 0.00 212 230 0
102030 52.486820220947 -1.888943481445 80.70 0.00 0.00 212 230 0
102211 52.486820220947 -1.888943481445 84.30 0.00 0.00 212 230 0
102392 52.486820220947 -1.888943481445 86.50 0.00 0.00 212 230 0
102574 52.486820220947 -1.888943481445 85.50 0.00 0.00 212 230 0
102756 52.486820220947 -1.888943481445 84.80 0.00 0.00 212 230 0
102939 52.486820220947 -1.888943481445 85.80 0.00 0.00 212 230 0
103120 52.486820220947 -1.888943481445 86.20 0.00 0.00 212 230 0
103303 52.486820220947 -1.888943481445 88.60 0.00 0.00 212 230 0
103483 52.486820220947 -1.888943481445 89.90 0.00 0.00 212 230 0
103664 52.486820220947 -1.888943481445 87.80 0.00 0.00 212 230 0
103847 52.486820220947 -1.888943481445 83.20 0.00 0.00 212 230 0
104029 52.486820220947 -1.888943481445 80.10 0.00 0.00 212 230 0
104211 52.486820220947 -1.888943481445 77.80 0.00 0.00 212 230 0
104392 52.486820220947 -1.888943481445 78.40 0.00 0.00 212 230 0
104573 52.486820220947 -1.888943481445 75.30 1.06 0.00 212 230 0
104755 52.486820220947 -1.888943481445 70.60 2.11 0.00 212 230 0
104938 52.486820220947 -1.888943481445 63.40 1.76 0.00 212 230 0
105119 52.486820220947 -1.888943481445 56.60 2.11 0.00 212 230 0
105302 52.486820220947 -1.888943481445 52.10 0.00 0.00 212 230 0
105482 52.486820220947 -1.888943481445 53.10 0.00 0.00 212 230 0
105664 52.486820220947 -1.888943481445 56.30 3.17 0.00 212 230 0
105847 52.486820220947 -1.888943481445 61.10 9.15 0.00 212 230 0
106029 52.486820220947 -1.888943481445 65.30 12.67 0.00 212 230 0
106210 52.486820220947 -1.888943481445 69.40 18.30 0.00 212 230 0
106391 52.486820220947 -1.888943481445 74.20 19.00 0.00 212 230 0
106572 52.486820220947 -1.888943481445 80.30 19.00 0.00 212 230 0
106755 52.486820220947 -1.888943481445 84.80 18.65 0.00 212 230 0
106938 52.486820220947 -1.888943481445 88.80 17.24 0.00 212 230 0
107139 52.486820220947 -1.888943481445 91.20 15.84 0.00 212 230 0
107321 52.486820220947 -1.888943481445 94.90 15.13 0.00 212 230 0
107501 52.486820220947 -1.888943481445 97.80 12.32 0.00 212 230 0
107683 52.486820220947 -1.888943481445 99.10 10.21 0.00 212 230 0
107867 52.486820220947 -1.888943481445 95.80 8.09 0.00 212 230 0
108048 52.486820220947 -1.888943481445 87.50 5.98 0.00 212 230 0
108229 52.486820220947 -1.888943481445 82.70 0.70 0.00 212 230 0
108410 52.486820220947 -1.888943481445 78.30 0.00 0.00 212 230 0
108612 52.486820220947 -1.888943481445 78.20 0.00 0.00 212 230 0
108795 52.486820220947 -1.888943481445 80.70 0.00 0.00 212 230 0
108977 52.486976623535 -1.888674926757 83.60 0.00 0.00 212 230 0
109158 52.486976623535 -1.888674926757 83.80 0.00 0.00 212 230 0
109340 52.486976623535 -1.888674926757 81.40 0.00 0.00 212 230 0
109520 52.486976623535 -1.888674926757 78.60 0.00 0.00 212 230 0
109703 52.486976623535 -1.888674926757 77.10 0.00 0.00 212 230 0
109886 52.486976623535 -1.888674926757 78.20 0.00 0.00 212 230 0
110088 52.486976623535 -1.888674926757 81.20 0.00 0.00 212 230 0
110269 52.486976623535 -1.888674926757 82.90 0.00 0.00 212 230 0
110450 52.486976623535 -1.888674926757 83.50 0.00 0.00 212 230 0
110631 52.486976623535 -1.888674926757 83.10 0.00 0.00 212 230 0
110815 52.486976623535 -1.888674926757 83.40 0.00 0.00 212 230 0
110996 52.486988067626 -1.888639926910 83.40 0.00 0.00 212 230 0
111178 52.486988067626 -1.888639926910 85.40 0.00 0.00 212 230 0
111379 52.486988067626 -1.888639926910 85.20 0.00 0.00 212 230 0
111560 52.486988067626 -1.888639926910 82.60 0.00 0.00 212 230 0
111742 52.486988067626 -1.888639926910 78.90 0.00 0.00 212 230 0
111926 52.486988067626 -1.888639926910 78.00 0.00 0.00 212 230 0
112107 52.486988067626 -1.888639926910 79.60 0.00 0.00 212 230 0
112288 52.486988067626 -1.888639926910 83.60 0.00 0.00 212 230 0
112470 52.486988067626 -1.888639926910 83.50 0.00 0.00 212 230 0
112651 52.486988067626 -1.888639926910 81.60 0.00 0.00 212 230 0
112834 52.486988067626 -1.888639926910 77.60 0.00 0.00 212 230 0
113015 52.486988067626 -1.888639926910 76.60 0.00 0.00 212 230 0
113198 52.486988067626 -1.888639926910 78.70 0.00 0.00 212 230 0
113379 52.486988067626 -1.888639926910 83.70 0.00 0.00 212 230 0
113560 52.486988067626 -1.888639926910 85.70 0.00 0.00 212 230 0
113741 52.486988067626 -1.888639926910 85.70 0.00 0.00 212 230 0
113925 52.486988067626 -1.888639926910 83.90 -0.35 0.00 212 230 0
114106 52.486988067626 -1.888639926910 82.80 -2.11 0.00 212 230 0
114288 52.486988067626 -1.888639926910 82.40 -8.45 0.00 212 230 0
114468 52.486988067626 -1.888639926910 84.90 -12.67 0.00 212 230 0
114651 52.486988067626 -1.888639926910 86.20 -12.67 0.00 212 230 0
114834 52.486988067626 -1.888639926910 84.90 -14.08 0.00 212 230 0
115015 52.487010955810 -1.888573265075 80.80 -15.13 0.00 212 230 0
115196 52.487010955810 -1.888573265075 78.90 -11.61 0.00 212 230 0
115378 52.487010955810 -1.888573265075 78.00 -10.21 0.00 212 230 0
115559 52.487010955810 -1.888573265075 81.50 -9.50 0.00 212 230 0
115741 52.487010955810 -1.888573265075 83.40 -4.93 0.00 212 230 0
115924 52.487010955810 -1.888573265075 82.70 -2.11 0.00 212 230 0
116106 52.487010955810 -1.888573265075 79.80 -1.76 0.00 212 230 0
116287 52.487010955810 -1.888573265075 78.40 -1.41 0.00 212 230 0
116468 52.487010955810 -1.888573265075 78.20 -5.63 0.00 212 230 0
116649 52.487010955810 -1.888573265075 81.30 -10.21 0.00 212 230 0
116833 52.487010955810 -1.888573265075 82.70 -8.45 0.00 212 230 0
117035 52.487022399902 -1.888540077209 81.60 -7.39 0.00 212 230 0
117216 52.487022399902 -1.888540077209 79.80 -5.63 0.00 212 230 0
117397 52.487022399902 -1.888540077209 78.20 -1.06 0.00 212 230 0
117578 52.487022399902 -1.888540077209 77.50 0.00 0.00 212 230 0
117761 52.487022399902 -1.888540077209 79.80 -1.41 0.00 212 230 0
117944 52.487022399902 -1.888540077209 81.40 -0.70 0.00 212 230 0
118125 52.487022399902 -1.888540077209 80.50 -0.35 0.00 212 230 0
118306 52.487022399902 -1.888540077209 78.40 0.00 0.00 212 230 0
118488 52.487022399902 -1.888540077209 75.30 -1.41 0.00 212 230 0
118669 52.487022399902 -1.888540077209 76.80 -6.69 0.00 212 230 0
118852 52.487022399902 -1.888540077209 86.40 -13.72 0.00 212 230 0
119033 52.487022399902 -1.888540077209 99.70 -19.71 0.00 212 230 0
119216 52.487022399902 -1.888540077209 115.30 -20.41 0.00 212 230 0
119396 52.487022399902 -1.888540077209 129.00 -20.41 0.00 212 230 0
119578 52.487022399902 -1.888540077209 140.00 -20.76 0.00 212 230 0
119759 52.487022399902 -1.888540077209 150.60 -20.76 0.00 212 230 0
119943 52.487022399902 -1.888540077209 164.00 -24.63 0.00 212 230 0
120124 52.487022399902 -1.888540077209 -179.20 -29.91 0.00 212 230 0
120306 52.487022399902 -1.888540077209 -163.90 -33.43 0.00 212 230 0
120486 52.487022399902 -1.888540077209 -151.00 -34.84 0.00 212 230 0
120669 52.487022399902 -1.888540077209 -141.10 -32.73 0.00 212 230 0
120852 52.487022399902 -1.888540077209 -135.40 -29.91 0.00 212 230 0
121033 52.487022399902 -1.888540077209 -132.20 -28.50 0.00 212 230 0
121214 52.487022399902 -1.888540077209 -129.50 -28.15 0.00 212 230 0
121396 52.487022399902 -1.888540077209 -126.20 -28.15 0.00 212 230 0
121577 52.487022399902 -1.888540077209 -121.60 -27.80 0.00 212 230 0
121759 52.487022399902 -1.888540077209 -118.30 -27.10 0.00 212 230 0
121943 52.487022399902 -1.888540077209 -118.40 -22.17 0.00 212 230 0
122124 52.487022399902 -1.888540077209 -120.20 -16.54 0.00 212 230 0
122305 52.487022399902 -1.888540077209 -118.40 -13.02 0.00 212 230 0
122506 52.487022399902 -1.888540077209 -112.80 -9.50 0.00 212 230 0
122688 52.487022399902 -1.888540077209 -107.50 0.00 0.00 212 230 0
122871 52.487022399902 -1.888540077209 -107.40 10.91 0.00 212 230 0
123053 52.487022399902 -1.888540077209 -109.80 38.71 0.00 212 230 0
123234 52.487022399902 -1.888540077209 -112.60 64.75 0.00 212 230 0
123415 52.487022399902 -1.888540077209 -114.60 86.22 0.00 212 230 0
123596 52.487022399902 -1.888540077209 -113.90 99.24 0.00 212 230 0
123779 52.487022399902 -1.888540077209 -109.20 105.57 0.00 212 230 0
123962 52.487022399902 -1.888540077209 -106.30 107.33 0.00 212 230 0
124143 52.487022399902 -1.888540077209 -106.80 106.98 0.00 212 230 0
124325 52.487022399902 -1.888540077209 -109.50 106.63 0.00 212 230 0
124506 52.487022399902 -1.888540077209 -110.90 104.52 0.00 212 230 0
124687 52.487022399902 -1.888540077209 -112.40 101.70 0.00 212 230 0
124870 52.487022399902 -1.888540077209 -110.20 97.48 0.00 212 230 0
125051 52.487022399902 -1.888540077209 -108.70 97.83 0.00 212 230 0
125233 52.487022399902 -1.888540077209 -110.70 96.07 0.00 212 230 0
125414 52.487022399902 -1.888540077209 -112.50 95.01 0.00 212 230 0
125596 52.487022399902 -1.888540077209 -114.20 92.55 0.00 212 230 0
125777 52.487022399902 -1.888540077209 -116.30 91.14 0.00 212 230 0
125961 52.487022399902 -1.888540077209 -115.60 87.62 0.00 212 230 0
126142 52.487022399902 -1.888540077209 -113.00 84.46 0.00 212 230 0
126324 52.487022399902 -1.888540077209 -113.70 85.16 0.00 212 230 0
126525 52.487022399902 -1.888540077209 -114.20 86.22 0.00 212 230 0
126706 52.487022399902 -1.888540077209 -114.70 85.87 0.00 212 230 0
126889 52.487022399902 -1.888540077209 -115.90 89.74 0.00 212 230 0
127071 52.487022399902 -1.888540077209 -114.30 89.03 0.00 212 230 0
127253 52.487022399902 -1.888540077209 -111.20 90.09 0.00 212 230 0
127433 52.487022399902 -1.888540077209 -111.40 92.20 0.00 212 230 0
127616 52.487022399902 -1.888540077209 -112.50 91.50 0.00 212 230 0
127798 52.487022399902 -1.888540077209 -114.10 91.14 0.00 212 230 0
127980 52.486991882324 -1.888585090637 -115.70 92.20 0.00 212 230 0
128161 52.486991882324 -1.888585090637 -114.50 90.09 0.00 212 230 0
128343 52.486991882324 -1.888585090637 -111.70 89.03 0.00 212 230 0
128524 52.486991882324 -1.888585090637 -110.80 88.33 0.00 212 230 0
128706 52.486991882324 -1.888585090637 -111.90 84.46 0.00 212 230 0
128889 52.486991882324 -1.888585090637 -113.60 82.70 0.00 212 230 0
129071 52.486991882324 -1.888585090637 -115.10 80.94 0.00 212 230 0
129252 52.486991882324 -1.888585090637 -115.10 78.48 0.00 212 230 0
129433 52.486991882324 -1.888585090637 -111.80 77.07 0.00 212 230 0
129614 52.486991882324 -1.888585090637 -110.00 77.77 0.00 212 230 0
129797 52.486991882324 -1.888585090637 -110.40 77.77 0.00 212 230 0
129980 52.486976623535 -1.888621711730 -111.50 77.77 0.00 212 230 0
130160 52.486976623535 -1.888621711730 -112.50 75.66 0.00 212 230 0
130342 52.486976623535 -1.888621711730 -112.50 74.96 0.00 212 230 0
130543 52.486976623535 -1.888621711730 -108.10 73.20 0.00 212 230 0
130725 52.486976623535 -1.888621711730 -105.40 76.01 0.00 212 230 0
130909 52.486976623535 -1.888621711730 -105.90 76.01 0.00 212 230 0
131090 52.486976623535 -1.888621711730 -107.90 76.72 0.00 212 230 0
131271 52.486976623535 -1.888621711730 -108.30 77.42 0.00 212 230 0
131452 52.486976623535 -1.888621711730 -109.60 80.59 0.00 212 230 0
131634 52.486976623535 -1.888621711730 -106.80 81.29 0.00 212 230 0
131817 52.486976623535 -1.888621711730 -105.00 83.40 0.00 212 230 0
131999 52.486961364746 -1.888659954071 -106.70 87.62 0.00 212 230 0
132180 52.486961364746 -1.888659954071 -109.80 91.50 0.00 212 230 0
132362 52.486961364746 -1.888659954071 -111.90 90.44 0.00 212 230 0
132543 52.486961364746 -1.888659954071 -112.90 90.09 0.00 212 230 0
132724 52.486961364746 -1.888659954071 -110.20 90.79 0.00 212 230 0
132908 52.486961364746 -1.888659954071 -105.10 90.79 0.00 212 230 0
133089 52.486961364746 -1.888659954071 -103.60 91.50 0.00 212 230 0
133270 52.486961364746 -1.888659954071 -107.20 93.61 0.00 212 230 0
133451 52.486961364746 -1.888659954071 -109.20 91.85 0.00 212 230 0
133634 52.486961364746 -1.888659954071 -109.80 87.98 0.00 212 230 0
133816 52.486961364746 -1.888659954071 -108.40 85.87 0.00 212 230 0
133998 52.486949920654 -1.888701629638 -105.20 86.92 0.00 212 230 0
134179 52.486949920654 -1.888701629638 -107.00 89.03 0.00 212 230 0
134361 52.486949920654 -1.888701629638 -111.70 90.79 0.00 212 230 0
134542 52.486949920654 -1.888701629638 -117.30 90.44 0.00 212 230 0
134724 52.486949920654 -1.888701629638 -121.30 91.85 0.00 212 230 0
134907 52.486949920654 -1.888701629638 -122.20 91.14 0.00 212 230 0
135088 52.486949920654 -1.888701629638 -118.40 90.79 0.00 212 230 0
135270 52.486949920654 -1.888701629638 -116.60 97.48 0.00 212 230 0
135451 52.486949920654 -1.888701629638 -116.80 97.83 0.00 212 230 0
135632 52.486949920654 -1.888701629638 -117.80 97.48 0.00 212 230 0
135815 52.486949920654 -1.888701629638 -118.90 96.42 0.00 212 230 0
135997 52.486938476562 -1.888735008239 -119.60 95.72 0.00 212 230 0
136178 52.486938476562 -1.888735008239 -115.70 93.61 0.00 212 230 0
136360 52.486938476562 -1.888735008239 -113.30 94.31 0.00 212 230 0
136541 52.486938476562 -1.888735008239 -115.00 94.66 0.00 212 230 0
136723 52.486938476562 -1.888735008239 -117.70 95.01 0.00 212 230 0
136906 52.486938476562 -1.888735008239 -120.90 95.37 0.00 212 230 0
137088 52.486938476562 -1.888735008239 -124.00 92.55 0.00 212 230 0
137269 52.486938476562 -1.888735008239 -121.30 87.27 0.00 212 230 0
137450 52.486938476562 -1.888735008239 -119.60 89.38 0.00 212 230 0
137631 52.486938476562 -1.888735008239 -120.90 90.09 0.00 212 230 0
137815 52.486938476562 -1.888735008239 -124.40 92.90 0.00 212 230 0
137997 52.486923217773 -1.888768291473 -126.00 90.79 0.00 212 230 0
138178 52.486923217773 -1.888768291473 -127.80 90.79 0.00 212 230 0
138359 52.486923217773 -1.888768291473 -124.70 86.92 0.00 212 230 0
138541 52.486923217773 -1.888768291473 -122.10 85.51 0.00 212 230 0
138722 52.486923217773 -1.888768291473 -123.80 85.16 0.00 212 230 0
138905 52.486923217773 -1.888768291473 -126.50 85.51 0.00 212 230 0
139086 52.486923217773 -1.888768291473 -128.60 85.16 0.00 212 230 0
139269 52.486923217773 -1.888768291473 -131.00 85.51 0.00 212 230 0
139449 52.486923217773 -1.888768291473 -128.70 82.70 0.00 212 230 0
139631 52.486923217773 -1.888768291473 -127.10 83.40 0.00 212 230 0
139813 52.486923217773 -1.888768291473 -127.90 83.40 0.00 212 230 0
139996 52.486904144287 -1.888794994354 -130.30 84.11 0.00 212 230 0
140177 52.486904144287 -1.888794994354 -131.40 83.40 0.00 212 230 0
140359 52.486904144287 -1.888794994354 -132.90 83.05 0.00 212 230 0
140539 52.486904144287 -1.888794994354 -130.80 81.29 0.00 212 230 0
140722 52.486904144287 -1.888794994354 -128.70 81.29 0.00 212 230 0
140905 52.486904144287 -1.888794994354 -128.60 81.64 0.00 212 230 0
141086 52.486904144287 -1.888794994354 -130.50 81.64 0.00 212 230 0
141267 52.486904144287 -1.888794994354 -133.30 81.29 0.00 212 230 0
141449 52.486904144287 -1.888794994354 -135.00 81.29 0.00 212 230 0
141630 52.486904144287 -1.888794994354 -132.70 78.12 0.00 212 230 0
141812 52.486904144287 -1.888794994354 -128.00 77.42 0.00 212 230 0
141996 52.486888885498 -1.888823318481 -125.90 77.77 0.00 212 230 0
142177 52.486888885498 -1.888823318481 -126.80 77.77 0.00 212 230 0
142358 52.486888885498 -1.888823318481 -129.80 78.12 0.00 212 230 0
142539 52.486888885498 -1.888823318481 -132.20 77.77 0.00 212 230 0
142721 52.486888885498 -1.888823318481 -131.10 73.55 0.00 212 230 0
142904 52.486888885498 -1.888823318481 -127.90 72.84 0.00 212 230 0
143085 52.486888885498 -1.888823318481 -126.90 74.96 0.00 212 230 0
143266 52.486888885498 -1.888823318481 -128.30 75.31 0.00 212 230 0
143448 52.486888885498 -1.888823318481 -130.80 76.01 0.00 212 230 0
143630 52.486888885498 -1.888823318481 -132.50 75.66 0.00 212 230 0
143812 52.486888885498 -1.888823318481 -132.20 74.25 0.00 212 230 0
143994 52.486873626708 -1.888850021362 -129.30 73.90 0.00 212 230 0
144196 52.486873626708 -1.888850021362 -128.50 74.60 0.00 212 230 0
144377 52.486873626708 -1.888850021362 -130.20 74.96 0.00 212 230 0
144559 52.486873626708 -1.888850021362 -132.80 75.31 0.00 212 230 0
144740 52.486873626708 -1.888850021362 -132.40 76.01 0.00 212 230 0
144923 52.486873626708 -1.888850021362 -130.90 75.31 0.00 212 230 0
145104 52.486873626708 -1.888850021362 -126.60 75.66 0.00 212 230 0
145287 52.486873626708 -1.888850021362 -122.80 75.31 0.00 212 230 0
145467 52.486873626708 -1.888850021362 -120.90 76.01 0.00 212 230 0
145649 52.486873626708 -1.888850021362 -119.30 76.72 0.00 212 230 0
145832 52.486873626708 -1.888850021362 -121.10 77.07 0.00 212 230 0
146014 52.486854553222 -1.888875007629 -124.70 76.72 0.00 212 230 0
146195 52.486854553222 -1.888875007629 -125.10 72.84 0.00 212 230 0
146376 52.486854553222 -1.888875007629 -122.80 70.03 0.00 212 230 0
146557 52.486854553222 -1.888875007629 -124.40 72.14 0.00 212 230 0
146740 52.486854553222 -1.888875007629 -125.20 70.38 0.00 212 230 0
146923 52.486854553222 -1.888875007629 -129.50 70.03 0.00 212 230 0
147104 52.486854553222 -1.888875007629 -132.00 70.03 0.00 212 230 0
147286 52.486854553222 -1.888875007629 -130.00 67.57 0.00 212 230 0
147467 52.486854553222 -1.888875007629 -126.60 67.57 0.00 212 230 0
147648 52.486854553222 -1.888875007629 -124.10 69.68 0.00 212 230 0
147831 52.486854553222 -1.888875007629 -124.50 73.90 0.00 212 230 0
148013 52.486839294433 -1.888898372650 -128.10 77.77 0.00 212 230 0
148214 52.486839294433 -1.888898372650 -130.50 80.23 0.00 212 230 0
148396 52.486839294433 -1.888898372650 -127.80 78.83 0.00 212 230 0
148577 52.486839294433 -1.888898372650 -124.30 79.53 0.00 212 230 0
148759 52.486839294433 -1.888898372650 -122.20 79.53 0.00 212 230 0
148942 52.486839294433 -1.888898372650 -121.30 80.59 0.00 212 230 0
149124 52.486839294433 -1.888898372650 -125.50 84.11 0.00 212 230 0
149305 52.486839294433 -1.888898372650 -127.90 83.75 0.00 212 230 0
149486 52.486839294433 -1.888898372650 -128.40 81.64 0.00 212 230 0
149667 52.486839294433 -1.888898372650 -127.50 80.59 0.00 212 230 0
149851 52.486839294433 -1.888898372650 -127.70 81.29 0.00 212 230 0
150032 52.486824035644 -1.888926696777 -128.40 81.29 0.00 212 230 0
150214 52.486824035644 -1.888926696777 -129.70 81.29 0.00 212 230 0
150395 52.486824035644 -1.888926696777 -129.90 80.23 0.00 212 230 0
150577 52.486824035644 -1.888926696777 -129.70 79.18 0.00 212 230 0
150758 52.486824035644 -1.888926696777 -126.80 78.83 0.00 212 230 0
150941 52.486824035644 -1.888926696777 -123.20 78.83 0.00 212 230 0
151122 52.486824035644 -1.888926696777 -123.10 78.83 0.00 212 230 0
151305 52.486824035644 -1.888926696777 -124.80 78.83 0.00 212 230 0
151485 52.486824035644 -1.888926696777 -127.10 78.12 0.00 212 230 0
151667 52.486824035644 -1.888926696777 -128.70 75.66 0.00 212 230 0
151849 52.486824035644 -1.888926696777 -127.90 73.20 0.00 212 230 0
152032 52.486816406250 -1.888959980010 -126.20 71.09 0.00 212 230 0
152233 52.486816406250 -1.888959980010 -127.60 70.73 0.00 212 230 0
152415 52.486816406250 -1.888959980010 -130.20 71.09 0.00 212 230 0
152596 52.486816406250 -1.888959980010 -130.60 69.33 0.00 212 230 0
152777 52.486816406250 -1.888959980010 -129.70 68.97 0.00 212 230 0
152961 52.486816406250 -1.888959980010 -125.00 68.62 0.00 212 230 0
153142 52.486816406250 -1.888959980010 -119.40 69.33 0.00 212 230 0
153324 52.486816406250 -1.888959980010 -116.10 70.38 0.00 212 230 0
153504 52.486816406250 -1.888959980010 -114.40 71.79 0.00 212 230 0
153687 52.486816406250 -1.888959980010 -115.70 71.44 0.00 212 230 0
153870 52.486816406250 -1.888959980010 -116.20 70.03 0.00 212 230 0
154051 52.486816406250 -1.888959980010 -114.00 67.92 0.00 212 230 0
154232 52.486816406250 -1.888959980010 -110.60 66.51 0.00 212 230 0
154414 52.486816406250 -1.888959980010 -111.90 67.57 0.00 212 230 0
154595 52.486816406250 -1.888959980010 -114.50 67.57 0.00 212 230 0
154777 52.486816406250 -1.888959980010 -115.30 66.51 0.00 212 230 0
154960 52.486816406250 -1.888959980010 -117.00 66.86 0.00 212 230 0
155142 52.486816406250 -1.888959980010 -114.80 62.99 0.00 212 230 0
155323 52.486816406250 -1.888959980010 -111.20 61.58 0.00 212 230 0
155504 52.486816406250 -1.888959980010 -110.30 61.58 0.00 212 230 0
155685 52.486816406250 -1.888959980010 -111.00 61.94 0.00 212 230 0
155869 52.486816406250 -1.888959980010 -112.20 61.58 0.00 212 230 0
156050 52.486816406250 -1.888959980010 -114.00 61.94 0.00 212 230 0
156232 52.486816406250 -1.888959980010 -112.70 58.77 0.00 212 230 0
156413 52.486816406250 -1.888959980010 -110.30 57.71 0.00 212 230 0
156595 52.486816406250 -1.888959980010 -110.50 59.82 0.00 212 230 0
156776 52.486816406250 -1.888959980010 -111.30 60.53 0.00 212 230 0
156959 52.486816406250 -1.888959980010 -112.60 61.23 0.00 212 230 0
157140 52.486816406250 -1.888959980010 -113.00 61.23 0.00 212 230 0
157323 52.486816406250 -1.888959980010 -112.30 60.18 0.00 212 230 0
157503 52.486816406250 -1.888959980010 -108.60 59.47 0.00 212 230 0
157685 52.486816406250 -1.888959980010 -108.90 60.53 0.00 212 230 0
157869 52.486816406250 -1.888959980010 -110.40 60.88 0.00 212 230 0
158050 52.486816406250 -1.888959980010 -113.60 61.23 0.00 212 230 0
158231 52.486816406250 -1.888959980010 -118.00 61.58 0.00 212 230 0
158412 52.486816406250 -1.888959980010 -118.40 58.06 0.00 212 230 0
158594 52.486816406250 -1.888959980010 -116.80 57.01 0.00 212 230 0
158776 52.486816406250 -1.888959980010 -117.60 57.71 0.00 212 230 0
158958 52.486816406250 -1.888959980010 -120.80 59.47 0.00 212 230 0
159140 52.486816406250 -1.888959980010 -124.60 60.18 0.00 212 230 0
159322 52.486816406250 -1.888959980010 -127.30 59.82 0.00 212 230 0
159503 52.486816406250 -1.888959980010 -129.50 58.06 0.00 212 230 0
159684 52.486816406250 -1.888959980010 -126.90 54.19 0.00 212 230 0
159867 52.486816406250 -1.888959980010 -123.90 53.49 0.00 212 230 0
160049 52.486816406250 -1.888959980010 -121.60 53.14 0.00 212 230 0
160230 52.486816406250 -1.888959980010 -116.60 51.38 0.00 212 230 0
160411 52.486816406250 -1.888959980010 -109.40 51.03 0.00 212 230 0
160592 52.486816406250 -1.888959980010 -106.40 54.19 0.00 212 230 0
160775 52.486816406250 -1.888959980010 -103.10 54.55 0.00 212 230 0
160958 52.486816406250 -1.888959980010 -102.00 54.90 0.00 212 230 0
161139 52.486816406250 -1.888959980010 -103.00 54.19 0.00 212 230 0
161321 52.486816406250 -1.888959980010 -104.10 53.49 0.00 212 230 0
161502 52.486816406250 -1.888959980010 -104.30 51.38 0.00 212 230 0
161683 52.486816406250 -1.888959980010 -106.40 49.27 0.00 212 230 0
161866 52.486816406250 -1.888959980010 -106.10 46.80 0.00 212 230 0
162048 52.486816406250 -1.888959980010 -107.60 45.75 0.00 212 230 0
162230 52.486816406250 -1.888959980010 -109.90 43.28 0.00 212 230 0
162411 52.486816406250 -1.888959980010 -112.70 41.88 0.00 212 230 0
162592 52.486816406250 -1.888959980010 -113.70 37.30 0.00 212 230 0
162774 52.486816406250 -1.888959980010 -114.70 33.43 0.00 212 230 0
162958 52.486816406250 -1.888959980010 -113.50 30.26 0.00 212 230 0
163138 52.486816406250 -1.888959980010 -113.40 29.21 0.00 212 230 0
163320 52.486816406250 -1.888959980010 -115.90 27.80 0.00 212 230 0
163501 52.486816406250 -1.888959980010 -116.40 25.34 0.00 212 230 0
163683 52.486816406250 -1.888959980010 -116.90 23.58 0.00 212 230 0
163866 52.486816406250 -1.888959980010 -116.30 21.47 0.00 212 230 0
164047 52.486816406250 -1.888959980010 -115.70 21.11 0.00 212 230 0
164229 52.486816406250 -1.888959980010 -116.80 20.76 0.00 212 230 0
164410 52.486816406250 -1.888959980010 -118.60 20.76 0.00 212 230 0
164591 52.486816406250 -1.888959980010 -119.30 19.71 0.00 212 230 0
164773 52.486816406250 -1.888959980010 -119.20 19.35 0.00 212 230 0
164957 52.486816406250 -1.888959980010 -117.80 17.95 0.00 212 230 0
165138 52.486816406250 -1.888959980010 -117.30 17.95 0.00 212 230 0
165319 52.486816406250 -1.888959980010 -118.10 18.30 0.00 212 230 0
165500 52.486816406250 -1.888959980010 -118.50 17.95 0.00 212 230 0
165682 52.486816406250 -1.888959980010 -119.30 17.24 0.00 212 230 0
165865 52.486816406250 -1.888959980010 -119.20 15.13 0.00 212 230 0
166046 52.486694335937 -1.889169883728 -118.10 13.37 0.00 212 230 0
166228 52.486694335937 -1.889169883728 -119.30 13.02 0.00 212 230 0
166551 52.486694335937 -1.889169883728 -122.90 13.37 0.00 212 230 0
166753 52.486694335937 -1.889169883728 -124.60 11.61 0.00 212 230 0
166935 52.486694335937 -1.889169883728 -122.30 9.85 0.00 212 230 0
167116 52.486694335937 -1.889169883728 -119.80 9.15 0.00 212 230 0
167299 52.486694335937 -1.889169883728 -120.60 9.85 0.00 212 230 0
167479 52.486694335937 -1.889169883728 -122.10 10.91 0.00 212 230 0
167661 52.486694335937 -1.889169883728 -123.30 11.96 0.00 212 230 0
167843 52.486694335937 -1.889169883728 -126.30 10.91 0.00 212 230 0
168026 52.486671447753 -1.889198303222 -125.90 9.85 0.00 212 230 0
168207 52.486671447753 -1.889198303222 -125.10 9.85 0.00 212 230 0
168388 52.486671447753 -1.889198303222 -126.10 9.85 0.00 212 230 0
168569 52.486671447753 -1.889198303222 -128.10 10.21 0.00 212 230 0
168752 52.486671447753 -1.889198303222 -128.30 9.85 0.00 212 230 0
168935 52.486671447753 -1.889198303222 -128.10 7.74 0.00 212 230 0
169116 52.486671447753 -1.889198303222 -123.40 5.28 0.00 212 230 0
169297 52.486671447753 -1.889198303222 -121.00 5.63 0.00 212 230 0
169479 52.486671447753 -1.889198303222 -121.20 7.39 0.00 212 230 0
169660 52.486671447753 -1.889198303222 -123.30 8.09 0.00 212 230 0
169843 52.486671447753 -1.889198303222 -125.80 7.74 0.00 212 230 0
170045 52.486671447753 -1.889198303222 -127.60 5.63 0.00 212 230 0
170226 52.486671447753 -1.889198303222 -124.40 3.52 0.00 212 230 0
170407 52.486671447753 -1.889198303222 -122.50 4.57 0.00 212 230 0
170589 52.486671447753 -1.889198303222 -123.70 7.74 0.00 212 230 0
170771 52.486671447753 -1.889198303222 -124.50 7.74 0.00 212 230 0
170954 52.486671447753 -1.889198303222 -125.40 7.39 0.00 212 230 0
171136 52.486671447753 -1.889198303222 -126.30 3.87 0.00 212 230 0
171317 52.486671447753 -1.889198303222 -123.20 2.11 0.00 212 230 0
171498 52.486671447753 -1.889198303222 -123.90 2.82 0.00 212 230 0
171679 52.486671447753 -1.889198303222 -126.30 3.52 0.00 212 230 0
171863 52.486671447753 -1.889198303222 -127.00 3.17 0.00 212 230 0
172044 52.486625671386 -1.889249992370 -128.50 2.82 0.00 212 230 0
172226 52.486625671386 -1.889249992370 -127.40 0.35 0.00 212 230 0
172407 52.486625671386 -1.889249992370 -124.30 0.00 0.00 212 230 0
172589 52.486625671386 -1.889249992370 -124.10 0.00 0.00 212 230 0
172770 52.486625671386 -1.889249992370 -125.40 0.00 0.00 212 230 0
172953 52.486625671386 -1.889249992370 -127.20 0.00 0.00 212 230 0
173134 52.486625671386 -1.889249992370 -128.50 0.00 0.00 212 230 0
173317 52.486625671386 -1.889249992370 -127.60 0.00 0.00 212 230 0
173497 52.486625671386 -1.889249992370 -123.70 0.00 0.00 212 230 0
173679 52.486625671386 -1.889249992370 -123.90 0.00 0.00 212 230 0
173862 52.486625671386 -1.889249992370 -125.40 0.00 0.00 212 230 0
174063 52.486625671386 -1.889249992370 -126.40 0.00 0.00 212 230 0
174245 52.486625671386 -1.889249992370 -126.80 0.00 0.00 212 230 0
174426 52.486625671386 -1.889249992370 -121.50 0.00 0.00 212 230 0
174608 52.486625671386 -1.889249992370 -116.50 0.00 0.00 212 230 0
174789 52.486625671386 -1.889249992370 -117.10 0.00 0.00 212 230 0
174972 52.486625671386 -1.889249992370 -118.10 0.00 0.00 212 230 0
175154 52.486625671386 -1.889249992370 -120.30 0.00 0.00 212 230 0
175336 52.486625671386 -1.889249992370 -123.10 0.00 0.00 212 230 0
175516 52.486625671386 -1.889249992370 -122.40 0.00 0.00 212 230 0
175698 52.486625671386 -1.889249992370 -121.40 0.00 0.00 212 230 0
175882 52.486625671386 -1.889249992370 -124.20 0.00 0.00 212 230 0
176063 52.486625671386 -1.889249992370 -127.70 0.00 0.00 212 230 0
176244 52.486625671386 -1.889249992370 -130.30 0.00 0.00 212 230 0
176425 52.486625671386 -1.889249992370 -130.30 0.00 0.00 212 230 0
176607 52.486625671386 -1.889249992370 -125.80 0.00 0.00 212 230 0
176789 52.486625671386 -1.889249992370 -122.30 0.00 0.00 212 230 0
176972 52.486625671386 -1.889249992370 -123.20 0.00 0.00 212 230 0
177154 52.486625671386 -1.889249992370 -125.10 0.00 0.00 212 230 0
177335 52.486625671386 -1.889249992370 -126.50 0.00 0.00 212 230 0
177516 52.486625671386 -1.889249992370 -127.70 0.00 0.00 212 230 0
177697 52.486625671386 -1.889249992370 -124.30 0.00 0.00 212 230 0
177881 52.486625671386 -1.889249992370 -122.30 -0.70 0.00 212 230 0
178062 52.486625671386 -1.889249992370 -123.40 -0.35 0.00 212 230 0
178244 52.486625671386 -1.889249992370 -125.40 0.00 0.00 212 230 0
178424 52.486625671386 -1.889249992370 -128.40 0.00 0.00 212 230 0
178607 52.486625671386 -1.889249992370 -130.00 -5.63 0.00 212 230 0
178788 52.486625671386 -1.889249992370 -126.60 -11.26 0.00 212 230 0
178971 52.486625671386 -1.889249992370 -124.50 -11.96 0.00 212 230 0
179152 52.486625671386 -1.889249992370 -124.60 -9.50 0.00 212 230 0
179335 52.486625671386 -1.889249992370 -125.90 -9.50 0.00 212 230 0
179515 52.486625671386 -1.889249992370 -127.00 -9.85 0.00 212 230 0
179697 52.486625671386 -1.889249992370 -128.00 -19.00 0.00 212 230 0
179880 52.486625671386 -1.889249992370 -124.40 -24.63 0.00 212 230 0
180062 52.486625671386 -1.889249992370 -124.40 -23.58 0.00 212 230 0
180243 52.486625671386 -1.889249992370 -124.90 -22.87 0.00 212 230 0
180424 52.486625671386 -1.889249992370 -126.70 -21.82 0.00 212 230 0
180605 52.486625671386 -1.889249992370 -128.00 -21.47 0.00 212 230 0
180788 52.486625671386 -1.889249992370 -129.10 -25.34 0.00 212 230 0
180971 52.486625671386 -1.889249992370 -125.70 -30.97 0.00 212 230 0
181151 52.486625671386 -1.889249992370 -124.30 -34.13 0.00 212 230 0
181334 52.486625671386 -1.889249992370 -124.50 -36.95 0.00 212 230 0
181515 52.486625671386 -1.889249992370 -126.20 -36.95 0.00 212 230 0
181696 52.486625671386 -1.889249992370 -128.90 -36.25 0.00 212 230 0
181879 52.486625671386 -1.889249992370 -131.70 -39.41 0.00 212 230 0
182061 52.486625671386 -1.889249992370 -130.60 -40.82 0.00 212 230 0
182242 52.486625671386 -1.889249992370 -130.40 -39.77 0.00 212 230 0
182423 52.486625671386 -1.889249992370 -132.50 -39.06 0.00 212 230 0
182604 52.486625671386 -1.889249992370 -134.30 -38.71 0.00 212 230 0
182787 52.486625671386 -1.889249992370 -135.70 -38.01 0.00 212 230 0
182970 52.486625671386 -1.889249992370 -135.90 -39.77 0.00 212 230 0
183151 52.486625671386 -1.889249992370 -128.70 -39.77 0.00 212 230 0
183332 52.486625671386 -1.889249992370 -124.10 -37.30 0.00 212 230 0
183514 52.486625671386 -1.889249992370 -122.90 -31.67 0.00 212 230 0
183696 52.486625671386 -1.889249992370 -124.10 -25.34 0.00 212 230 0
183878 52.486625671386 -1.889249992370 -126.00 -21.47 0.00 212 230 0
184059 52.486625671386 -1.889249992370 -127.40 -20.76 0.00 212 230 0
184242 52.486625671386 -1.889249992370 -124.30 -20.41 0.00 212 230 0
184423 52.486625671386 -1.889249992370 -124.80 -18.65 0.00 212 230 0
184604 52.486625671386 -1.889249992370 -126.90 -11.26 0.00 212 230 0
184785 52.486625671386 -1.889249992370 -130.60 -9.85 0.00 212 230 0
184969 52.486625671386 -1.889249992370 -134.30 -6.69 0.00 212 230 0
185150 52.486625671386 -1.889249992370 -136.00 -7.04 0.00 212 230 0
185332 52.486625671386 -1.889249992370 -133.10 -6.33 0.00 212 230 0
185512 52.486625671386 -1.889249992370 -131.90 -5.98 0.00 212 230 0
185695 52.486625671386 -1.889249992370 -130.60 -3.17 0.00 212 230 0
185878 52.486625671386 -1.889249992370 -131.30 0.00 0.00 212 230 0
186059 52.486625671386 -1.889249992370 -132.90 0.00 0.00 212 230 0
186241 52.486625671386 -1.889249992370 -132.80 0.00 0.00 212 230 0
186422 52.486625671386 -1.889249992370 -128.20 0.00 0.00 212 230 0
186603 52.486625671386 -1.889249992370 -125.70 0.00 0.00 212 230 0
186785 52.486625671386 -1.889249992370 -125.50 0.00 0.00 212 230 0
186969 52.486625671386 -1.889249992370 -127.10 0.00 0.00 212 230 0
187150 52.486625671386 -1.889249992370 -128.60 0.00 0.00 212 230 0
187331 52.486625671386 -1.889249992370 -129.00 0.00 0.00 212 230 0
187512 52.486625671386 -1.889249992370 -126.30 0.00 0.00 212 230 0
187694 52.486625671386 -1.889249992370 -125.20 0.00 0.00 212 230 0
187877 52.486625671386 -1.889249992370 -125.70 0.00 0.00 212 230 0
188058 52.486625671386 -1.889249992370 -128.80 0.00 0.00 212 230 0
188239 52.486625671386 -1.889249992370 -132.10 0.00 0.00 212 230 0
188421 52.486625671386 -1.889249992370 -135.20 0.00 0.00 212 230 0
188603 52.486625671386 -1.889249992370 -132.00 -4.57 0.00 212 230 0
188784 52.486625671386 -1.889249992370 -129.90 -8.45 0.00 212 230 0
188967 52.486625671386 -1.889249992370 -128.80 -8.45 0.00 212 230 0
189149 52.486625671386 -1.889249992370 -131.50 -8.09 0.00 212 230 0
189330 52.486625671386 -1.889249992370 -133.60 -6.69 0.00 212 230 0
189511 52.486625671386 -1.889249992370 -135.60 -10.91 0.00 212 230 0
189693 52.486625671386 -1.889249992370 -132.50 -8.80 0.00 212 230 0
189877 52.486625671386 -1.889249992370 -129.60 -8.09 0.00 212 230 0
190057 52.486625671386 -1.889249992370 -127.20 -6.33 0.00 212 230 0
190239 52.486625671386 -1.889249992370 -127.10 -5.28 0.00 212 230 0
190420 52.486625671386 -1.889249992370 -125.90 -2.46 0.00 212 230 0
190602 52.486625671386 -1.889249992370 -127.30 -2.11 0.00 212 230 0
190784 52.486625671386 -1.889249992370 -122.90 -2.46 0.00 212 230 0
190966 52.486625671386 -1.889249992370 -120.80 0.00 0.00 212 230 0
191148 52.486625671386 -1.889249992370 -122.80 0.00 0.00 212 230 0
191330 52.486625671386 -1.889249992370 -125.10 0.00 0.00 212 230 0
191510 52.486625671386 -1.889249992370 -127.80 0.00 0.00 212 230 0
191692 52.486625671386 -1.889249992370 -130.50 0.00 0.00 212 230 0
191876 52.486625671386 -1.889249992370 -129.10 0.00 0.00 212 230 0
192057 52.486625671386 -1.889249992370 -125.60 0.00 0.00 212 230 0
192238 52.486625671386 -1.889249992370 -125.00 0.00 0.00 212 230 0
192419 52.486625671386 -1.889249992370 -126.00 0.00 0.00 212 230 0
192601 52.486625671386 -1.889249992370 -128.80 0.00 0.00 212 230 0
192783 52.486625671386 -1.889249992370 -131.40 0.00 0.00 212 230 0
192966 52.486625671386 -1.889249992370 -128.70 0.00 0.00 212 230 0
193147 52.486625671386 -1.889249992370 -126.10 3.17 0.00 212 230 0
193329 52.486625671386 -1.889249992370 -127.10 6.69 0.00 212 230 0
193510 52.486625671386 -1.889249992370 -128.90 6.33 0.00 212 230 0
193691 52.486625671386 -1.889249992370 -130.90 3.17 0.00 212 230 0
193874 52.486625671386 -1.889249992370 -132.80 0.00 0.00 212 230 0
194056 52.486625671386 -1.889249992370 -129.70 0.00 0.00 212 230 0
194238 52.486625671386 -1.889249992370 -126.70 0.00 0.00 212 230 0
194419 52.486625671386 -1.889249992370 -126.50 0.00 0.00 212 230 0
194600 52.486625671386 -1.889249992370 -128.30 0.00 0.00 212 230 0
194782 52.486625671386 -1.889249992370 -130.10 -1.41 0.00 212 230 0
194965 52.486625671386 -1.889249992370 -132.40 -4.93 0.00 212 230 0
195146 52.486625671386 -1.889249992370 -129.70 -9.15 0.00 212 230 0
195329 52.486625671386 -1.889249992370 -127.10 -5.98 0.00 212 230 0
195509 52.486625671386 -1.889249992370 -128.10 -3.52 0.00 212 230 0
195712 52.486625671386 -1.889249992370 -130.10 -2.11 0.00 212 230 0
195894 52.486625671386 -1.889249992370 -132.40 -1.41 0.00 212 230 0
196075 52.486625671386 -1.889249992370 -134.60 -3.52 0.00 212 230 0
196257 52.486625671386 -1.889249992370 -130.50 -5.28 0.00 212 230 0
196439 52.486625671386 -1.889249992370 -125.20 -3.87 0.00 212 230 0
196620 52.486625671386 -1.889249992370 -122.30 -3.52 0.00 212 230 0
196802 52.486625671386 -1.889249992370 -121.10 -2.11 0.00 212 230 0
196984 52.486625671386 -1.889249992370 -120.30 -1.41 0.00 212 230 0
197186 52.486625671386 -1.889249992370 -121.20 -9.50 0.00 212 230 0
197368 52.486625671386 -1.889249992370 -118.70 -16.54 0.00 212 230 0
197549 52.486625671386 -1.889249992370 -117.50 -19.00 0.00 212 230 0
197731 52.486625671386 -1.889249992370 -118.90 -19.71 0.00 212 230 0
197914 52.486625671386 -1.889249992370 -121.50 -19.71 0.00 212 230 0
198095 52.486625671386 -1.889249992370 -123.70 -17.95 0.00 212 230 0
198277 52.486625671386 -1.889249992370 -125.20 -19.35 0.00 212 230 0
198458 52.486625671386 -1.889249992370 -122.70 -20.06 0.00 212 230 0
198639 52.486625671386 -1.889249992370 -120.80 -16.19 0.00 212 230 0
198821 52.486625671386 -1.889249992370 -122.60 -14.08 0.00 212 230 0
199005 52.486625671386 -1.889249992370 -125.40 -11.26 0.00 212 230 0
199185 52.486625671386 -1.889249992370 -127.20 -6.69 0.00 212 230 0
199367 52.486625671386 -1.889249992370 -129.70 -1.76 0.00 212 230 0
199547 52.486625671386 -1.889249992370 -126.90 0.00 0.00 212 230 0
199730 52.486625671386 -1.889249992370 -123.70 0.00 0.00 212 230 0
199913 52.486625671386 -1.889249992370 -122.30 4.57 0.00 212 230 0
200094 52.486625671386 -1.889249992370 -122.50 20.41 0.00 212 230 0
200275 52.486625671386 -1.889249992370 -122.20 31.32 0.00 212 230 0
200457 52.486625671386 -1.889249992370 -123.50 35.89 0.00 212 230 0
200638 52.486625671386 -1.889249992370 -121.70 34.84 0.00 212 230 0
200820 52.486625671386 -1.889249992370 -118.60 33.78 0.00 212 230 0
201004 52.486625671386 -1.889249992370 -119.50 34.84 0.00 212 230 0
201204 52.486625671386 -1.889249992370 -121.00 33.08 0.00 212 230 0
201387 52.486625671386 -1.889249992370 -122.90 32.02 0.00 212 230 0
201568 52.486625671386 -1.889249992370 -125.80 31.32 0.00 212 230 0
201749 52.486625671386 -1.889249992370 -125.20 27.80 0.00 212 230 0
201932 52.486625671386 -1.889249992370 -122.80 27.45 0.00 212 230 0
202114 52.486625671386 -1.889249992370 -124.40 28.86 0.00 212 230 0
202295 52.486625671386 -1.889249992370 -125.30 29.56 0.00 212 230 0
202476 52.486625671386 -1.889249992370 -129.40 33.43 0.00 212 230 0
202658 52.486625671386 -1.889249992370 -130.50 35.54 0.00 212 230 0
202841 52.486625671386 -1.889249992370 -129.60 36.60 0.00 212 230 0
203023 52.486316680908 -1.889575004577 -127.30 42.23 0.00 212 230 0
203204 52.486316680908 -1.889575004577 -129.70 51.38 0.00 212 230 0
203386 52.486316680908 -1.889575004577 -129.10 57.36 0.00 212 230 0
203567 52.486316680908 -1.889575004577 -128.00 65.10 0.00 212 230 0
203749 52.486316680908 -1.889575004577 -127.10 68.97 0.00 212 230 0
203931 52.486316680908 -1.889575004577 -121.40 67.57 0.00 212 230 0
204112 52.486316680908 -1.889575004577 -115.70 65.10 0.00 212 230 0
204295 52.486316680908 -1.889575004577 -114.10 63.34 0.00 212 230 0
204475 52.486316680908 -1.889575004577 -110.90 57.71 0.00 212 230 0
204657 52.486316680908 -1.889575004577 -108.40 51.38 0.00 212 230 0
204839 52.486316680908 -1.889575004577 -103.60 42.93 0.00 212 230 0
205023 52.486293792724 -1.889583396911 -98.60 36.60 0.00 212 230 0
205223 52.486293792724 -1.889583396911 -94.60 33.78 0.00 212 230 0
205263 52.486293792724 -1.889583396911 -94.50 34.13 0.00 212 230 1
205401 52.486293792724 -1.889583396911 -93.00 34.13 0.00 200 280 1
205586 52.486293792724 -1.889583396911 -91.00 31.32 0.00 200 280 0
205768 52.486293792724 -1.889583396911 -90.10 25.34 0.00 200 280 0
205952 52.486293792724 -1.889583396911 -88.50 16.89 0.00 200 280 0
206132 52.486293792724 -1.889583396911 -86.60 7.39 0.00 200 280 0
206314 52.486293792724 -1.889583396911 -88.00 4.22 0.00 200 280 0
206495 52.486293792724 -1.889583396911 -93.30 2.82 0.00 200 280 0
206676 52.486293792724 -1.889583396911 -96.50 3.17 0.00 200 280 0
206860 52.486293792724 -1.889583396911 -98.60 5.63 0.00 200 280 0
207041 52.486274719238 -1.889605045318 -101.30 9.50 0.00 200 280 0
207222 52.486274719238 -1.889605045318 -101.80 10.91 0.00 200 280 0
207405 52.486274719238 -1.889605045318 -97.90 10.91 0.00 200 280 0
207585 52.486274719238 -1.889605045318 -94.80 14.43 0.00 200 280 0
207767 52.486274719238 -1.889605045318 -94.50 19.00 0.00 200 280 0
207950 52.486274719238 -1.889605045318 -95.70 22.52 0.00 200 280 0
208132 52.486274719238 -1.889605045318 -96.90 23.93 0.00 200 280 0
208313 52.486274719238 -1.889605045318 -96.70 23.93 0.00 200 280 0
208494 52.486274719238 -1.889605045318 -95.90 23.93 0.00 200 280 0
208676 52.486274719238 -1.889605045318 -95.70 24.28 0.00 200 280 0
208859 52.486274719238 -1.889605045318 -95.50 24.28 0.00 200 280 0
209040 52.486263275146 -1.889615058898 -94.30 24.28 0.00 200 280 0
209242 52.486263275146 -1.889615058898 -90.80 24.28 0.00 200 280 0
209424 52.486263275146 -1.889615058898 -88.90 24.28 0.00 200 280 0
209605 52.486263275146 -1.889615058898 -87.40 24.63 0.00 200 280 0
209786 52.486263275146 -1.889615058898 -86.00 25.34 0.00 200 280 0
209970 52.486263275146 -1.889615058898 -85.70 25.69 0.00 200 280 0
210151 52.486263275146 -1.889615058898 -87.20 25.34 0.00 200 280 0
210333 52.486263275146 -1.889615058898 -88.40 25.34 0.00 200 280 0
210513 52.486263275146 -1.889615058898 -90.00 25.34 0.00 200 280 0
210696 52.486263275146 -1.889615058898 -90.80 25.34 0.00 200 280 0
210879 52.486263275146 -1.889615058898 -91.10 24.99 0.00 200 280 0
211060 52.486263275146 -1.889615058898 -92.20 23.58 0.00 200 280 0
211241 52.486263275146 -1.889615058898 -92.80 24.99 0.00 200 280 0
211423 52.486263275146 -1.889615058898 -93.80 23.93 0.00 200 280 0
211604 52.486263275146 -1.889615058898 -95.10 20.41 0.00 200 280 0
211786 52.486263275146 -1.889615058898 -95.60 16.89 0.00 200 280 0
211970 52.486263275146 -1.889615058898 -97.20 16.54 0.00 200 280 0
212150 52.486263275146 -1.889615058898 -99.70 16.54 0.00 200 280 0
212332 52.486263275146 -1.889615058898 -102.50 16.54 0.00 200 280 0
212512 52.486263275146 -1.889615058898 -103.60 16.54 0.00 200 280 0
212695 52.486263275146 -1.889615058898 -102.90 16.54 0.00 200 280 0
212878 52.486263275146 -1.889615058898 -102.30 16.54 0.00 200 280 0
213059 52.486263275146 -1.889615058898 -101.70 16.54 0.00 200 280 0
213240 52.486263275146 -1.889615058898 -101.30 16.54 0.00 200 280 0
213422 52.486263275146 -1.889615058898 -101.50 16.54 0.00 200 280 0
213603 52.486263275146 -1.889615058898 -101.90 16.54 0.00 200 280 0
213785 52.486263275146 -1.889615058898 -102.50 16.54 0.00 200 280 0
213968 52.486263275146 -1.889615058898 -103.40 16.54 0.00 200 280 0
214150 52.486263275146 -1.889615058898 -104.90 16.54 0.00 200 280 0
214332 52.486263275146 -1.889615058898 -107.00 16.54 0.00 200 280 0
214512 52.486263275146 -1.889615058898 -110.00 16.54 0.00 200 280 0
214693 52.486263275146 -1.889615058898 -112.40 16.54 0.00 200 280 0
214877 52.486263275146 -1.889615058898 -113.00 16.54 0.00 200 280 0
215058 52.486263275146 -1.889615058898 -112.90 16.54 0.00 200 280 0
215240 52.486263275146 -1.889615058898 -112.60 16.54 0.00 200 280 0
215421 52.486263275146 -1.889615058898 -111.20 16.54 0.00 200 280 0
215603 52.486263275146 -1.889615058898 -111.10 16.54 0.00 200 280 0
215784 52.486263275146 -1.889615058898 -110.70 16.54 0.00 200 280 0
215967 52.486263275146 -1.889615058898 -110.60 16.54 0.00 200 280 0
216148 52.486263275146 -1.889615058898 -112.30 19.71 0.00 200 280 0
216331 52.486263275146 -1.889615058898 -114.40 24.28 0.00 200 280 0
216511 52.486263275146 -1.889615058898 -114.60 28.86 0.00 200 280 0
216693 52.486263275146 -1.889615058898 -113.70 35.19 0.00 200 280 0
216877 52.486263275146 -1.889615058898 -113.40 40.12 0.00 200 280 0
217058 52.486263275146 -1.889615058898 -113.70 41.17 0.00 200 280 0
217239 52.486263275146 -1.889615058898 -113.10 41.17 0.00 200 280 0
217441 52.486263275146 -1.889615058898 -112.50 41.17 0.00 200 280 0
217622 52.486263275146 -1.889615058898 -111.50 41.17 0.00 200 280 0
217803 52.486263275146 -1.889615058898 -110.00 41.17 0.00 200 280 0
217987 52.486263275146 -1.889615058898 -106.70 40.82 0.00 200 280 0
218168 52.486263275146 -1.889615058898 -100.80 40.47 0.00 200 280 0
218350 52.486263275146 -1.889615058898 -92.80 39.77 0.00 200 280 0
218530 52.486263275146 -1.889615058898 -89.70 38.01 0.00 200 280 0
218713 52.486263275146 -1.889615058898 -89.90 26.74 0.00 200 280 0
218896 52.486263275146 -1.889615058898 -86.70 5.98 0.00 200 280 0
219077 52.486263275146 -1.889615058898 -81.60 0.00 0.00 200 280 0
219258 52.486263275146 -1.889615058898 -80.50 -3.17 0.00 200 280 0
219440 52.486263275146 -1.889615058898 -79.60 -13.72 0.00 200 280 0
219621 52.486263275146 -1.889615058898 -78.00 -25.34 0.00 200 280 0
219803 52.486263275146 -1.889615058898 -79.20 -27.45 0.00 200 280 0
219986 52.486263275146 -1.889615058898 -82.90 -16.89 0.00 200 280 0
220187 52.486263275146 -1.889615058898 -87.10 -2.46 0.00 200 280 0
220369 52.486263275146 -1.889615058898 -87.80 0.00 0.00 200 280 0
220550 52.486263275146 -1.889615058898 -86.80 0.00 0.00 200 280 0
220732 52.486263275146 -1.889615058898 -84.10 0.00 0.00 200 280 0
220915 52.486263275146 -1.889615058898 -81.00 0.00 0.00 200 280 0
221096 52.486263275146 -1.889615058898 -83.40 -0.70 0.00 200 280 0
221278 52.486263275146 -1.889615058898 -87.50 -11.96 0.00 200 280 0
221459 52.486263275146 -1.889615058898 -93.80 -19.00 0.00 200 280 0
221641 52.486263275146 -1.889615058898 -98.50 -19.35 0.00 200 280 0
221822 52.486263275146 -1.889615058898 -102.10 -15.13 0.00 200 280 0
222006 52.486267089843 -1.889678382873 -100.20 -13.37 0.00 200 280 0
222187 52.486267089843 -1.889678382873 -97.70 -5.98 0.00 200 280 0
222369 52.486267089843 -1.889678382873 -99.50 0.00 0.00 200 280 0
222550 52.486267089843 -1.889678382873 -103.10 2.82 0.00 200 280 0
222731 52.486267089843 -1.889678382873 -108.20 11.26 0.00 200 280 0
222914 52.486267089843 -1.889678382873 -110.90 13.37 0.00 200 280 0
223095 52.486267089843 -1.889678382873 -111.30 11.61 0.00 200 280 0
223278 52.486267089843 -1.889678382873 -104.30 7.74 0.00 200 280 0
223458 52.486267089843 -1.889678382873 -102.40 11.61 0.00 200 280 0
223640 52.486267089843 -1.889678382873 -101.80 15.48 0.00 200 280 0
223822 52.486267089843 -1.889678382873 -103.00 22.87 0.00 200 280 0
224005 52.486248016357 -1.889698219299 -103.60 29.91 0.00 200 280 0
224206 52.486248016357 -1.889698219299 -104.90 30.62 0.00 200 280 0
224388 52.486248016357 -1.889698219299 -101.20 21.47 0.00 200 280 0
224569 52.486248016357 -1.889698219299 -101.00 18.65 0.00 200 280 0
224751 52.486248016357 -1.889698219299 -103.00 16.54 0.00 200 280 0
224934 52.486248016357 -1.889698219299 -104.70 15.48 0.00 200 280 0
225115 52.486248016357 -1.889698219299 -105.70 16.19 0.00 200 280 0
225297 52.486248016357 -1.889698219299 -108.10 15.84 0.00 200 280 0
225477 52.486248016357 -1.889698219299 -105.00 15.48 0.00 200 280 0
225659 52.486248016357 -1.889698219299 -100.30 22.87 0.00 200 280 0
225842 52.486248016357 -1.889698219299 -99.10 27.80 0.00 200 280 0
226025 52.486232757568 -1.889721679687 -98.00 27.80 0.00 200 280 0
226205 52.486232757568 -1.889721679687 -95.40 26.39 0.00 200 280 0
226387 52.486232757568 -1.889721679687 -90.70 26.04 0.00 200 280 0
226568 52.486232757568 -1.889721679687 -85.10 16.19 0.00 200 280 0
226750 52.486232757568 -1.889721679687 -76.90 1.41 0.00 200 280 0
226933 52.486232757568 -1.889721679687 -65.70 0.00 0.00 200 280 0
227115 52.486232757568 -1.889721679687 -56.20 0.00 0.00 200 280 0
227296 52.486232757568 -1.889721679687 -47.90 0.00 0.00 200 280 0
227477 52.486232757568 -1.889721679687 -38.70 0.00 0.00 200 280 0
227658 52.486232757568 -1.889721679687 -30.80 0.00 0.00 200 280 0
227842 52.486232757568 -1.889721679687 -26.80 -3.52 0.00 200 280 0
228024 52.486225128173 -1.889736652374 -23.90 -19.71 0.00 200 280 0
228205 52.486225128173 -1.889736652374 -23.50 -38.71 0.00 200 280 0
