14305 3138653440.00 0.00 6.40 52.79 0.00 305 230 1
14451 3138653440.00 0.00 9.80 52.79 0.00 200 181 1
14592 3138653440.00 0.00 6.30 52.79 0.00 200 181 1
14733 3138653440.00 0.00 6.90 52.79 0.00 200 181 1
14874 3138653440.00 0.00 10.30 52.43 0.00 200 181 1
15017 3138653440.00 0.00 13.60 52.43 0.00 200 181 1
15158 3138653440.00 0.00 14.10 52.79 0.00 200 181 1
15299 3138653440.00 0.00 12.80 52.79 0.00 200 181 1
15440 3138653440.00 0.00 12.70 52.79 0.00 200 181 1
15582 3138653440.00 0.00 14.00 52.43 0.00 200 181 1
15723 3138653440.00 0.00 14.10 52.79 0.00 200 181 1
15864 3138653440.00 0.00 14.10 52.79 0.00 200 181 1
16007 3138653440.00 0.00 14.00 52.43 0.00 200 181 1
16147 3138653440.00 0.00 14.00 52.43 0.00 200 181 1
16288 3138653440.00 0.00 14.00 52.79 0.00 200 181 1
16430 3138653440.00 0.00 14.00 52.79 0.00 200 181 1
16571 3138653440.00 0.00 14.00 52.79 0.00 200 181 1
16712 3138653440.00 0.00 14.00 52.79 0.00 200 181 1
16854 3138653440.00 0.00 14.00 52.79 0.00 200 181 1
16996 3138653440.00 0.00 14.00 52.79 0.00 200 181 1
17137 3138653440.00 0.00 14.00 52.79 0.00 200 181 1
17277 3138653440.00 0.00 14.00 52.79 0.00 200 181 1
17419 3138653440.00 0.00 14.00 52.79 0.00 200 181 1
17560 3138653440.00 0.00 14.00 52.79 0.00 200 181 1
17701 3138653440.00 0.00 14.00 52.79 0.00 200 181 1
17843 3138653440.00 0.00 14.00 52.79 0.00 200 181 1
17985 3138653440.00 0.00 14.00 52.79 0.00 200 181 1
18126 3138653440.00 0.00 14.00 52.79 0.00 200 181 1
18267 3138653440.00 0.00 14.00 52.79 0.00 200 181 1
18408 3138653440.00 0.00 14.00 52.43 0.00 200 181 1
18549 3138653440.00 0.00 14.00 52.79 0.00 200 181 1
18692 3138653440.00 0.00 14.00 52.43 0.00 200 181 1
18833 3138653440.00 0.00 14.00 52.43 0.00 200 181 1
18975 3138653440.00 0.00 14.00 52.79 0.00 200 181 1
19116 3138653440.00 0.00 14.00 52.79 0.00 200 181 1
19257 3138653440.00 0.00 14.00 52.79 0.00 200 181 1
19398 3138653440.00 0.00 14.00 52.79 0.00 200 181 1
19539 3138653440.00 0.00 14.00 52.79 0.00 200 181 1
19681 3138653440.00 0.00 14.00 52.79 0.00 200 181 1
19822 3138653440.00 0.00 14.00 52.79 0.00 200 181 1
19965 3138653440.00 0.00 14.00 52.79 0.00 200 181 1
20106 3138653440.00 0.00 14.00 52.79 0.00 200 181 1
20246 3138653440.00 0.00 14.00 52.79 0.00 200 181 1
20387 3138653440.00 0.00 14.00 52.79 0.00 200 181 1
20529 3138653440.00 0.00 14.00 52.43 0.00 200 181 1
20670 3138653440.00 0.00 14.00 52.79 0.00 200 181 1
20811 3138653440.00 0.00 14.00 52.79 0.00 200 181 1
20955 3138653440.00 0.00 14.00 52.43 0.00 200 181 1
21096 3138653440.00 0.00 14.00 52.79 0.00 200 181 1
21235 3138653440.00 0.00 14.00 52.79 0.00 200 181 1
21377 3138653440.00 0.00 14.00 52.79 0.00 200 181 1
21518 3138653440.00 0.00 14.00 52.79 0.00 200 181 1
21659 3138653440.00 0.00 14.00 52.79 0.00 200 181 1
21800 3138653440.00 0.00 14.00 52.43 0.00 200 181 1
21943 3138653440.00 0.00 14.00 52.79 0.00 200 181 1
22086 3138653440.00 0.00 14.00 52.79 0.00 200 181 1
22225 3138653440.00 0.00 14.00 52.79 0.00 200 181 1
22367 3138653440.00 0.00 14.00 52.79 0.00 200 181 1
22508 3138653440.00 0.00 14.00 52.79 0.00 200 181 1
22649 3138653440.00 0.00 14.00 52.79 0.00 200 181 1
22791 3138653440.00 0.00 14.00 52.79 0.00 200 181 1
22932 3138653440.00 0.00 14.00 52.43 0.00 200 181 1
23075 3138653440.00 0.00 14.00 52.79 0.00 200 181 1
23215 3138653440.00 0.00 14.00 52.79 0.00 200 181 1
23356 3138653440.00 0.00 14.00 52.79 0.00 200 181 1
23497 3138653440.00 0.00 14.00 52.79 0.00 200 181 1
23639 3138653440.00 0.00 14.00 52.79 0.00 200 181 1
23780 3138653440.00 0.00 14.00 52.79 0.00 200 181 1
23921 3138653440.00 0.00 14.00 52.79 0.00 200 181 1
24065 3138653440.00 0.00 14.00 52.79 0.00 200 181 1
24204 3138653440.00 0.00 14.00 52.79 0.00 200 181 1
24345 3138653440.00 0.00 14.00 52.79 0.00 200 181 1
24486 3138653440.00 0.00 14.00 52.79 0.00 200 181 1
24628 3138653440.00 0.00 14.00 52.79 0.00 200 181 1
24769 3138653440.00 0.00 14.00 52.79 0.00 200 181 1
24911 3138653440.00 0.00 14.00 52.79 0.00 200 181 1
25053 3138653440.00 0.00 14.00 52.79 0.00 200 181 1
25194 3138653440.00 0.00 14.00 52.79 0.00 200 181 1
25335 3138653440.00 0.00 14.00 52.79 0.00 200 181 1
25477 3138653440.00 0.00 14.00 52.43 0.00 200 181 1
25618 3138653440.00 0.00 14.00 52.79 0.00 200 181 1
25759 3138653440.00 0.00 14.00 52.79 0.00 200 181 1
25901 3138653440.00 0.00 14.00 52.43 0.00 200 181 1
26043 3138653440.00 0.00 14.00 52.79 0.00 200 181 1
26183 3138653440.00 0.00 14.00 52.79 0.00 200 181 1
26324 3138653440.00 0.00 14.00 52.79 0.00 200 181 1
26466 3138653440.00 0.00 14.00 52.79 0.00 200 181 1
26607 3138653440.00 0.00 14.00 52.79 0.00 200 181 1
26748 3138653440.00 0.00 14.00 52.79 0.00 200 181 1
26890 3138653440.00 0.00 14.00 52.79 0.00 200 181 1
27032 3138653440.00 0.00 14.00 52.43 0.00 200 181 1
27173 3138653440.00 0.00 14.00 52.79 0.00 200 181 1
27314 3138653440.00 0.00 14.00 52.79 0.00 200 181 1
27455 3138653440.00 0.00 14.00 52.79 0.00 200 181 1
27596 3138653440.00 0.00 14.00 52.79 0.00 200 181 1
27738 3138653440.00 0.00 14.00 52.79 0.00 200 181 1
27879 3138653440.00 0.00 14.00 52.79 0.00 200 181 1
28021 3138653440.00 0.00 14.00 52.79 0.00 200 181 1
28163 3138653440.00 0.00 14.00 52.79 0.00 200 181 1
28303 3138653440.00 0.00 14.00 52.79 0.00 200 181 1
28444 3138653440.00 0.00 14.00 52.79 0.00 200 181 1
28585 3138653440.00 0.00 14.00 52.79 0.00 200 181 1
28727 3138653440.00 0.00 14.00 52.79 0.00 200 181 1
28869 3138653440.00 0.00 14.00 52.79 0.00 200 181 1
29011 3138653440.00 0.00 14.00 52.79 0.00 200 181 1
29152 3138653440.00 0.00 14.00 52.79 0.00 200 181 1
29293 3138653440.00 0.00 14.00 52.79 0.00 200 181 1
29434 3138653440.00 0.00 14.00 52.79 0.00 200 181 1
29576 3138653440.00 0.00 14.00 52.43 0.00 200 181 1
29717 3138653440.00 0.00 14.00 52.79 0.00 200 181 1
29858 3138653440.00 0.00 14.00 52.79 0.00 200 181 1
30001 3138653440.00 0.00 14.00 52.79 0.00 200 181 1
30141 3138653440.00 0.00 14.00 52.79 0.00 200 181 1
30282 3138653440.00 0.00 14.00 52.79 0.00 200 181 1
30424 3138653440.00 0.00 14.00 52.79 0.00 200 181 1
30565 3138653440.00 0.00 14.00 52.79 0.00 200 181 1
30706 3138653440.00 0.00 14.00 52.79 0.00 200 181 1
30848 3138653440.00 0.00 14.00 52.79 0.00 200 181 1
30990 3138653440.00 0.00 14.00 52.79 0.00 200 181 1
31131 3138653440.00 0.00 14.00 52.79 0.00 200 181 1
31271 3138653440.00 0.00 14.00 52.79 0.00 200 181 1
31413 3138653440.00 0.00 14.00 52.43 0.00 200 181 1
31554 3138653440.00 0.00 14.00 52.79 0.00 200 181 1
31695 3138653440.00 0.00 14.00 52.79 0.00 200 181 1
31837 3138653440.00 0.00 14.00 52.79 0.00 200 181 1
31980 3138653440.00 0.00 14.00 52.79 0.00 200 181 1
32120 3138653440.00 0.00 14.00 52.79 0.00 200 181 1
32262 3138653440.00 0.00 14.00 52.79 0.00 200 181 1
32403 3138653440.00 0.00 14.00 52.79 0.00 200 181 1
32544 3138653440.00 0.00 14.00 52.79 0.00 200 181 1
32686 3138653440.00 0.00 14.00 52.79 0.00 200 181 1
32827 3138653440.00 0.00 14.00 52.79 0.00 200 181 1
32969 3138653440.00 0.00 14.00 52.79 0.00 200 181 1
33111 3138653440.00 0.00 14.00 52.79 0.00 200 181 1
33251 3138653440.00 0.00 14.00 52.79 0.00 200 181 1
33392 3138653440.00 0.00 14.00 52.79 0.00 200 181 1
33533 3138653440.00 0.00 14.00 52.79 0.00 200 181 1
33675 3138653440.00 0.00 14.00 52.43 0.00 200 181 1
33816 3138653440.00 0.00 14.00 52.79 0.00 200 181 1
33958 3138653440.00 0.00 14.00 52.79 0.00 200 181 1
34101 3138653440.00 0.00 14.00 52.79 0.00 200 181 1
34240 3138653440.00 0.00 14.00 52.79 0.00 200 181 1
34381 3138653440.00 0.00 14.00 52.79 0.00 200 181 1
34523 3138653440.00 0.00 14.00 52.79 0.00 200 181 1
34664 3138653440.00 0.00 14.00 52.79 0.00 200 181 1
34805 3138653440.00 0.00 14.00 52.79 0.00 200 181 1
34948 3138653440.00 0.00 14.00 52.79 0.00 200 181 1
35091 3138653440.00 0.00 14.00 52.79 0.00 200 181 1
35229 3138653440.00 0.00 14.00 52.79 0.00 200 181 1
35372 3138653440.00 0.00 14.00 52.79 0.00 200 181 1
35513 3138653440.00 0.00 14.00 52.43 0.00 200 181 1
35654 3138653440.00 0.00 14.00 52.79 0.00 200 181 1
35795 3138653440.00 0.00 14.00 52.79 0.00 200 181 1
35937 3138653440.00 0.00 14.00 52.43 0.00 200 181 1
36080 3138653440.00 0.00 14.00 52.79 0.00 200 181 1
36242 3138653440.00 0.00 14.00 52.79 0.00 200 181 1
36383 3138653440.00 0.00 14.00 52.79 0.00 200 181 1
36525 3138653440.00 0.00 14.00 52.79 0.00 200 181 1
36666 3138653440.00 0.00 14.00 52.79 0.00 200 181 1
36807 3138653440.00 0.00 14.00 52.43 0.00 200 181 1
36950 3138653440.00 0.00 14.00 52.79 0.00 200 181 1
37092 3138653440.00 0.00 14.00 52.43 0.00 200 181 1
37231 3138653440.00 0.00 14.00 52.79 0.00 200 181 1
37372 3138653440.00 0.00 14.00 52.43 0.00 200 181 1
37514 3138653440.00 0.00 14.00 52.79 0.00 200 181 1
37655 3138653440.00 0.00 14.00 52.79 0.00 200 181 1
37796 3138653440.00 0.00 14.00 52.79 0.00 200 181 1
37939 3138653440.00 0.00 14.00 52.79 0.00 200 181 1
38081 3138653440.00 0.00 14.00 52.79 0.00 200 181 1
38220 3138653440.00 0.00 14.00 52.79 0.00 200 181 1
38362 3138653440.00 0.00 14.00 52.79 0.00 200 181 1
38503 3138653440.00 0.00 14.00 52.79 0.00 200 181 1
38644 3138653440.00 0.00 14.00 52.43 0.00 200 181 1
38786 3138653440.00 0.00 14.00 52.79 0.00 200 181 1
38928 3138653440.00 0.00 14.00 52.79 0.00 200 181 1
39070 3138653440.00 0.00 14.00 52.43 0.00 200 181 1
39211 3138653440.00 0.00 14.00 52.79 0.00 200 181 1
39352 3138653440.00 0.00 14.00 52.79 0.00 200 181 1
39493 3138653440.00 0.00 14.00 52.43 0.00 200 181 1
39634 3138653440.00 0.00 14.00 52.79 0.00 200 181 1
39776 3138653440.00 0.00 14.00 52.79 0.00 200 181 1
39917 3138653440.00 0.00 14.00 52.43 0.00 200 181 1
40060 3138653440.00 0.00 14.00 52.43 0.00 200 181 1
40200 3138653440.00 0.00 14.00 52.79 0.00 200 181 1
40341 3138653440.00 0.00 14.00 52.79 0.00 200 181 1
40482 3138653440.00 0.00 14.00 52.79 0.00 200 181 1
40624 3138653440.00 0.00 14.00 52.79 0.00 200 181 1
40765 3138653440.00 0.00 14.00 52.79 0.00 200 181 1
40906 3138653440.00 0.00 14.00 52.79 0.00 200 181 1
41049 3138653440.00 0.00 14.00 52.79 0.00 200 181 1
41190 3138653440.00 0.00 14.00 52.79 0.00 200 181 1
41330 3138653440.00 0.00 14.00 52.79 0.00 200 181 1
41472 3138653440.00 0.00 14.00 52.79 0.00 200 181 1
41613 3138653440.00 0.00 14.00 52.79 0.00 200 181 1
41754 3138653440.00 0.00 14.00 52.79 0.00 200 181 1
41895 3138653440.00 0.00 14.00 52.79 0.00 200 181 1
42038 3138653440.00 0.00 14.00 52.79 0.00 200 181 1
42179 3138653440.00 0.00 14.00 52.79 0.00 200 181 1
42319 3138653440.00 0.00 14.00 52.79 0.00 200 181 1
42461 3138653440.00 0.00 14.00 52.79 0.00 200 181 1
42603 3138653440.00 0.00 14.00 52.79 0.00 200 181 1
42744 3138653440.00 0.00 14.00 52.79 0.00 200 181 1
42886 3138653440.00 0.00 14.00 52.79 0.00 200 181 1
43028 3138653440.00 0.00 14.00 52.79 0.00 200 181 1
43168 3138653440.00 0.00 14.00 52.79 0.00 200 181 1
43310 3138653440.00 0.00 14.00 52.79 0.00 200 181 1
43451 3138653440.00 0.00 14.00 52.79 0.00 200 181 1
43592 3138653440.00 0.00 14.00 52.43 0.00 200 181 1
43734 3138653440.00 0.00 14.00 52.79 0.00 200 181 1
43875 3138653440.00 0.00 14.00 52.79 0.00 200 181 1
44017 3138653440.00 0.00 14.00 52.79 0.00 200 181 1
44157 3138653440.00 0.00 14.00 52.43 0.00 200 181 1
44299 3138653440.00 0.00 14.00 52.43 0.00 200 181 1
44440 3138653440.00 0.00 14.00 52.79 0.00 200 181 1
44581 3138653440.00 0.00 14.00 52.79 0.00 200 181 1
44723 3138653440.00 0.00 14.00 52.79 0.00 200 181 1
44864 3138653440.00 0.00 14.00 52.79 0.00 200 181 1
45006 3138653440.00 0.00 14.00 52.79 0.00 200 181 1
45148 3138653440.00 0.00 14.00 52.79 0.00 200 181 1
45288 3138653440.00 0.00 14.00 52.43 0.00 200 181 1
45429 3138653440.00 0.00 14.00 52.79 0.00 200 181 1
45571 3138653440.00 0.00 14.00 52.79 0.00 200 181 1
45712 3138653440.00 0.00 14.00 52.79 0.00 200 181 1
45854 3138653440.00 0.00 14.00 52.43 0.00 200 181 1
46036 3138653440.00 0.00 14.00 52.79 0.00 200 181 1
46238 3138653440.00 0.00 14.00 52.79 0.00 200 181 1
46439 3138653440.00 0.00 14.00 52.79 0.00 200 181 1
46581 3138653440.00 0.00 14.00 52.79 0.00 200 181 1
46722 3138653440.00 0.00 14.00 52.79 0.00 200 181 1
46863 3138653440.00 0.00 14.00 52.79 0.00 200 181 1
47006 3138653440.00 0.00 14.00 52.79 0.00 200 181 1
47147 3138653440.00 0.00 14.00 52.43 0.00 200 181 1
47288 3138653440.00 0.00 14.00 52.43 0.00 200 181 1
47429 3138653440.00 0.00 14.00 52.79 0.00 200 181 1
47570 3138653440.00 0.00 14.00 52.79 0.00 200 181 1
47712 3138653440.00 0.00 14.00 52.79 0.00 200 181 1
47853 3138653440.00 0.00 14.00 52.79 0.00 200 181 1
47995 3138653440.00 0.00 14.00 52.79 0.00 200 181 1
48137 3138653440.00 0.00 14.00 52.79 0.00 200 181 1
48277 3138653440.00 0.00 14.00 52.79 0.00 200 181 1
48418 3138653440.00 0.00 14.00 52.79 0.00 200 181 1
48560 3138653440.00 0.00 14.00 52.79 0.00 200 181 1
48701 3138653440.00 0.00 14.00 52.79 0.00 200 181 1
48842 3138653440.00 0.00 14.00 52.79 0.00 200 181 1
48986 3138653440.00 0.00 14.00 52.79 0.00 200 181 1
49126 3138653440.00 0.00 14.00 52.79 0.00 200 181 1
49266 3138653440.00 0.00 14.00 52.79 0.00 200 181 1
49408 3138653440.00 0.00 14.00 52.79 0.00 200 181 1
49549 3138653440.00 0.00 14.00 52.79 0.00 200 181 1
49690 3138653440.00 0.00 14.00 52.79 0.00 200 181 1
49831 3138653440.00 0.00 14.00 52.79 0.00 200 181 1
49975 3138653440.00 0.00 14.00 52.79 0.00 200 181 1
50116 3138653440.00 0.00 14.00 52.79 0.00 200 181 1
50256 3138653440.00 0.00 14.00 52.79 0.00 200 181 1
50398 3138653440.00 0.00 14.00 52.79 0.00 200 181 1
50539 3138653440.00 0.00 14.00 52.79 0.00 200 181 1
50680 3138653440.00 0.00 14.00 52.79 0.00 200 181 1
50822 3138653440.00 0.00 14.00 52.43 0.00 200 181 1
50964 3138653440.00 0.00 14.00 52.79 0.00 200 181 1
51105 3138653440.00 0.00 14.00 52.79 0.00 200 181 1
51246 3138653440.00 0.00 14.00 52.79 0.00 200 181 1
51387 3138653440.00 0.00 14.00 52.79 0.00 200 181 1
51528 3138653440.00 0.00 14.00 52.79 0.00 200 181 1
51670 3138653440.00 0.00 14.00 52.79 0.00 200 181 1
51811 3138653440.00 0.00 14.00 52.79 0.00 200 181 1
51953 3138653440.00 0.00 14.00 52.79 0.00 200 181 1
52096 3138653440.00 0.00 14.00 52.79 0.00 200 181 1
52235 3138653440.00 0.00 14.00 52.79 0.00 200 181 1
52376 3138653440.00 0.00 14.00 52.43 0.00 200 181 1
52517 3138653440.00 0.00 14.00 52.79 0.00 200 181 1
52659 3138653440.00 0.00 14.00 52.79 0.00 200 181 1
52800 3138653440.00 0.00 14.00 52.79 0.00 200 181 1
52942 3138653440.00 0.00 14.00 52.79 0.00 200 181 1
53086 3138653440.00 0.00 14.00 52.79 0.00 200 181 1
53224 3138653440.00 0.00 14.00 52.79 0.00 200 181 1
53365 3138653440.00 0.00 14.00 52.79 0.00 200 181 1
53507 3138653440.00 0.00 14.00 52.79 0.00 200 181 1
53649 3138653440.00 0.00 14.00 52.43 0.00 200 181 1
53790 3138653440.00 0.00 14.00 52.79 0.00 200 181 1
53932 3138653440.00 0.00 14.00 52.79 0.00 200 181 1
54074 3138653440.00 0.00 14.00 52.79 0.00 200 181 1
54214 3138653440.00 0.00 14.00 52.79 0.00 200 181 1
54355 3138653440.00 0.00 14.00 52.79 0.00 200 181 1
54497 3138653440.00 0.00 14.00 52.79 0.00 200 181 1
54638 3138653440.00 0.00 14.00 52.79 0.00 200 181 1
54779 3138653440.00 0.00 14.00 52.79 0.00 200 181 1
54921 3138653440.00 0.00 14.00 52.79 0.00 200 181 1
55063 3138653440.00 0.00 14.00 52.79 0.00 200 181 1
55204 3138653440.00 0.00 14.00 52.79 0.00 200 181 1
55345 3138653440.00 0.00 14.00 52.79 0.00 200 181 1
55486 3138653440.00 0.00 14.00 52.79 0.00 200 181 1
55627 3138653440.00 0.00 14.00 52.79 0.00 200 181 1
55769 3138653440.00 0.00 14.00 52.79 0.00 200 181 1
55910 3138653440.00 0.00 14.00 52.79 0.00 200 181 1
56052 3138653440.00 0.00 14.00 52.79 0.00 200 181 1
56194 3138653440.00 0.00 14.00 52.79 0.00 200 181 1
56334 3138653440.00 0.00 14.00 52.79 0.00 200 181 1
56475 3138653440.00 0.00 14.00 52.79 0.00 200 181 1
56616 3138653440.00 0.00 14.00 52.79 0.00 200 181 1
56758 3138653440.00 0.00 14.00 52.79 0.00 200 181 1
56900 3138653440.00 0.00 14.00 52.79 0.00 200 181 1
57041 3138653440.00 0.00 14.00 52.79 0.00 200 181 1
57183 3138653440.00 0.00 14.00 52.79 0.00 200 181 1
57324 3138653440.00 0.00 14.00 52.79 0.00 200 181 1
57465 3138653440.00 0.00 14.00 52.79 0.00 200 181 1
57607 3138653440.00 0.00 14.00 52.43 0.00 200 181 1
57748 3138653440.00 0.00 14.00 52.79 0.00 200 181 1
57889 3138653440.00 0.00 14.00 52.43 0.00 200 181 1
58033 3138653440.00 0.00 14.00 52.79 0.00 200 181 1
58172 3138653440.00 0.00 14.00 52.79 0.00 200 181 1
58334 3138653440.00 0.00 14.00 52.79 0.00 200 181 1
58475 3138653440.00 0.00 14.00 52.79 0.00 200 181 1
58616 3138653440.00 0.00 14.00 52.79 0.00 200 181 1
58758 3138653440.00 0.00 14.00 52.79 0.00 200 181 1
58899 3138653440.00 0.00 14.00 52.79 0.00 200 181 1
59041 3138653440.00 0.00 14.00 52.79 0.00 200 181 1
59182 3138653440.00 0.00 14.00 52.79 0.00 200 181 1
59323 3138653440.00 0.00 14.00 52.79 0.00 200 181 1
59464 3138653440.00 0.00 14.00 52.79 0.00 200 181 1
59606 3138653440.00 0.00 14.00 52.79 0.00 200 181 1
59747 3138653440.00 0.00 14.00 52.79 0.00 200 181 1
59888 3138653440.00 0.00 14.00 52.79 0.00 200 181 1
60030 3138653440.00 0.00 14.00 52.79 0.00 200 181 1
60172 3138653440.00 0.00 14.00 52.79 0.00 200 181 1
60312 3138653440.00 0.00 14.00 52.79 0.00 200 181 1
60453 3138653440.00 0.00 14.00 52.79 0.00 200 181 1
60595 3138653440.00 0.00 14.00 52.79 0.00 200 181 1
60736 3138653440.00 0.00 14.00 52.79 0.00 200 181 1
60877 3138653440.00 0.00 14.00 52.79 0.00 200 181 1
61020 3138653440.00 0.00 14.00 52.79 0.00 200 181 1
61161 3138653440.00 0.00 14.00 52.79 0.00 200 181 1
61302 3138653440.00 0.00 14.00 52.43 0.00 200 181 1
61444 3138653440.00 0.00 14.00 52.79 0.00 200 181 1
61585 3138653440.00 0.00 14.00 52.79 0.00 200 181 1
61726 3138653440.00 0.00 14.00 52.79 0.00 200 181 1
61868 3138653440.00 0.00 14.00 52.79 0.00 200 181 1
62010 3138653440.00 0.00 14.00 52.79 0.00 200 181 1
62150 3138653440.00 0.00 14.00 52.79 0.00 200 181 1
62291 3138653440.00 0.00 14.00 52.79 0.00 200 181 1
62433 3138653440.00 0.00 14.00 52.79 0.00 200 181 1
62574 3138653440.00 0.00 14.00 52.79 0.00 200 181 1
62715 3138653440.00 0.00 14.00 52.79 0.00 200 181 1
62857 3138653440.00 0.00 14.00 52.79 0.00 200 181 1
62999 3138653440.00 0.00 14.00 52.79 0.00 200 181 1
63140 3138653440.00 0.00 14.00 52.79 0.00 200 181 1
63281 3138653440.00 0.00 14.00 52.79 0.00 200 181 1
63422 3138653440.00 0.00 14.00 52.43 0.00 200 181 1
63563 3138653440.00 0.00 14.00 52.43 0.00 200 181 1
63705 3138653440.00 0.00 14.00 52.79 0.00 200 181 1
63846 3138653440.00 0.00 14.00 52.79 0.00 200 181 1
63989 3138653440.00 0.00 14.00 52.79 0.00 200 181 1
64130 3138653440.00 0.00 14.00 52.79 0.00 200 181 1
64270 3138653440.00 0.00 14.00 52.79 0.00 200 181 1
64411 3138653440.00 0.00 14.00 52.79 0.00 200 181 1
64552 3138653440.00 0.00 14.00 52.79 0.00 200 181 1
64695 3138653440.00 0.00 14.00 52.79 0.00 200 181 1
64836 3138653440.00 0.00 14.00 52.43 0.00 200 181 1
64978 3138653440.00 0.00 14.00 52.79 0.00 200 181 1
65120 3138653440.00 0.00 14.00 52.79 0.00 200 181 1
65260 3138653440.00 0.00 14.00 52.79 0.00 200 181 1
65401 3138653440.00 0.00 14.00 52.79 0.00 200 181 1
65543 3138653440.00 0.00 14.00 52.79 0.00 200 181 1
65684 3138653440.00 0.00 14.00 52.43 0.00 200 181 1
65825 3138653440.00 0.00 14.00 52.79 0.00 200 181 1
65968 3138653440.00 0.00 14.00 52.79 0.00 200 181 1
66109 3138653440.00 0.00 14.00 52.79 0.00 200 181 1
66249 3138653440.00 0.00 14.00 52.79 0.00 200 181 1
66391 3138653440.00 0.00 14.00 52.79 0.00 200 181 1
66532 3138653440.00 0.00 14.00 52.79 0.00 200 181 1
66673 3138653440.00 0.00 14.00 52.79 0.00 200 181 1
66814 3138653440.00 0.00 14.00 52.43 0.00 200 181 1
66957 3138653440.00 0.00 14.00 52.79 0.00 200 181 1
67099 3138653440.00 0.00 14.00 52.79 0.00 200 181 1
67238 3138653440.00 0.00 14.00 52.79 0.00 200 181 1
67380 3138653440.00 0.00 14.00 52.79 0.00 200 181 1
