224337 52.486652374267 -1.889776706695 0.32 156.95 0.00 317 230 1
224551 52.486652374267 -1.889776706695 -0.87 125.28 0.00 317 230 0
224733 52.486652374267 -1.889776706695 2.23 103.81 0.00 317 230 0
224916 52.486652374267 -1.889776706695 1.25 101.70 0.00 317 230 0
225097 52.486652374267 -1.889776706695 1.87 114.72 0.00 317 230 0
225278 52.486652374267 -1.889776706695 -2.40 106.98 0.00 317 230 0
225460 52.486652374267 -1.889776706695 2.32 84.81 0.00 317 230 0
225641 52.486652374267 -1.889776706695 -2.05 71.79 0.00 317 230 0
225824 52.486652374267 -1.889776706695 -2.63 76.36 0.00 317 230 0
226006 52.486663818359 -1.889800071716 -0.33 80.59 0.00 317 230 0
226188 52.486663818359 -1.889800071716 -1.83 80.23 0.00 317 230 0
226369 52.486663818359 -1.889800071716 0.95 78.48 0.00 317 230 0
226550 52.486663818359 -1.889800071716 -1.63 73.55 0.00 317 230 0
226732 52.486663818359 -1.889800071716 -2.80 73.55 0.00 317 230 0
226915 52.486663818359 -1.889800071716 -1.27 62.29 0.00 317 230 0
227096 52.486663818359 -1.889800071716 -1.53 47.16 0.00 317 230 0
227278 52.486663818359 -1.889800071716 0.58 42.58 0.00 317 230 0
227459 52.486663818359 -1.889800071716 -1.90 41.17 0.00 317 230 0
227641 52.486663818359 -1.889800071716 -0.60 35.54 0.00 317 230 0
227823 52.486663818359 -1.889800071716 2.20 23.93 0.00 317 230 0
228005 52.486671447753 -1.889790058135 -0.50 17.24 0.00 317 230 0
228187 52.486671447753 -1.889790058135 -2.72 13.02 0.00 317 230 0
228368 52.486671447753 -1.889790058135 0.25 13.37 0.00 317 230 0
228549 52.486671447753 -1.889790058135 1.52 15.13 0.00 317 230 0
228731 52.486671447753 -1.889790058135 1.08 15.84 0.00 317 230 0
228915 52.486671447753 -1.889790058135 0.45 15.84 0.00 317 230 0
229096 52.486671447753 -1.889790058135 0.12 16.54 0.00 317 230 0
229277 52.486671447753 -1.889790058135 2.58 15.13 0.00 317 230 0
229458 52.486671447753 -1.889790058135 2.57 15.84 0.00 317 230 0
229640 52.486671447753 -1.889790058135 2.85 17.95 0.00 317 230 0
229823 52.486671447753 -1.889790058135 -0.85 21.47 0.00 317 230 0
230004 52.486671447753 -1.889781761169 -1.45 25.34 0.00 317 230 0
230185 52.486671447753 -1.889781761169 -1.25 32.02 0.00 317 230 0
230368 52.486671447753 -1.889781761169 -0.55 43.64 0.00 317 230 0
230548 52.486671447753 -1.889781761169 0.45 61.94 0.00 317 230 0
230589 52.486671447753 -1.889781761169 0.55 66.51 0.00 317 230 1
230724 52.486671447753 -1.889781761169 0.55 85.51 0.00 321 192 1
230770 52.486671447753 -1.889781761169 0.55 91.85 0.00 321 192 1
230907 52.486671447753 -1.889781761169 0.75 109.44 0.00 321 211 1
230952 52.486671447753 -1.889781761169 0.75 114.02 0.00 321 211 1
231090 52.486671447753 -1.889781761169 0.75 122.46 0.00 321 228 1
231135 52.486671447753 -1.889781761169 0.75 123.52 0.00 321 228 1
231272 52.486671447753 -1.889781761169 0.45 123.87 0.00 321 235 1
231316 52.486671447753 -1.889781761169 0.05 123.87 0.00 321 235 1
231451 52.486671447753 -1.889781761169 -0.55 123.17 0.00 319 235 1
231497 52.486671447753 -1.889781761169 -0.65 123.17 0.00 319 235 1
231633 52.486671447753 -1.889781761169 -0.35 123.52 0.00 317 235 1
231680 52.486671447753 -1.889781761169 -0.65 124.22 0.00 317 235 1
231816 52.486671447753 -1.889781761169 -1.85 123.87 0.00 317 236 1
231862 52.486671447753 -1.889781761169 -2.05 123.52 0.00 317 236 1
231999 52.486679077148 -1.889786720275 -1.55 122.46 0.00 315 235 1
232043 52.486679077148 -1.889786720275 -1.05 122.46 0.00 315 235 1
232180 52.486679077148 -1.889786720275 1.85 119.30 0.00 317 234 1
232225 52.486679077148 -1.889786720275 -2.93 117.18 0.00 317 234 1
232364 52.486679077148 -1.889786720275 -1.22 107.33 0.00 315 231 1
232406 52.486679077148 -1.889786720275 1.98 104.87 0.00 315 231 1
232542 52.486679077148 -1.889786720275 -1.88 98.18 0.00 323 221 1
232588 52.486679077148 -1.889786720275 1.62 96.42 0.00 323 221 1
232724 52.486679077148 -1.889786720275 -1.75 92.55 0.00 321 214 1
232769 52.486679077148 -1.889786720275 1.65 91.14 0.00 321 214 1
232907 52.486679077148 -1.889786720275 -2.82 89.03 0.00 323 211 1
232951 52.486679077148 -1.889786720275 0.18 88.68 0.00 323 211 1
233092 52.486679077148 -1.889786720275 2.40 88.33 0.00 319 208 1
233134 52.486679077148 -1.889786720275 -1.48 87.98 0.00 319 208 1
233271 52.486679077148 -1.889786720275 0.03 84.11 0.00 317 207 1
233315 52.486679077148 -1.889786720275 3.03 83.05 0.00 317 207 1
233450 52.486679077148 -1.889786720275 -1.43 78.83 0.00 326 204 1
233496 52.486679077148 -1.889786720275 0.77 76.72 0.00 326 204 1
233632 52.486679077148 -1.889786720275 1.28 68.62 0.00 321 200 1
233678 52.486679077148 -1.889786720275 3.08 66.51 0.00 321 200 1
233815 52.486679077148 -1.889786720275 2.10 60.18 0.00 326 192 1
233862 52.486679077148 -1.889786720275 -2.48 59.47 0.00 326 192 1
233999 52.486686706542 -1.889788436889 1.92 59.12 0.00 315 186 1
234043 52.486686706542 -1.889788436889 2.82 59.12 0.00 315 186 1
234179 52.486686706542 -1.889788436889 -0.76 59.47 0.00 326 186 1
234224 52.486686706542 -1.889788436889 -0.16 59.47 0.00 326 186 1
234360 52.486686706542 -1.889788436889 1.34 59.12 0.00 319 186 1
234405 52.486686706542 -1.889788436889 1.44 59.12 0.00 319 186 1
234542 52.486686706542 -1.889788436889 1.14 58.06 0.00 321 186 1
234587 52.486686706542 -1.889788436889 0.94 57.36 0.00 321 186 1
234723 52.486686706542 -1.889788436889 -0.76 54.19 0.00 321 184 1
234769 52.486686706542 -1.889788436889 -1.56 52.79 0.00 321 184 1
234906 52.486686706542 -1.889788436889 1.42 47.51 0.00 317 181 1
234951 52.486686706542 -1.889788436889 0.02 45.75 0.00 317 181 1
235088 52.486686706542 -1.889788436889 2.30 40.47 0.00 319 280 1
235132 52.486686706542 -1.889788436889 0.60 39.41 0.00 319 280 1
235270 52.486686706542 -1.889788436889 2.68 33.78 0.00 321 280 1
235314 52.486686706542 -1.889788436889 1.48 32.38 0.00 321 280 1
235450 52.486686706542 -1.889788436889 -1.12 26.74 0.00 321 280 1
235496 52.486686706542 -1.889788436889 -1.82 24.63 0.00 321 280 1
235632 52.486686706542 -1.889788436889 -3.02 20.06 0.00 317 280 1
235677 52.486686706542 -1.889788436889 -3.12 19.35 0.00 317 280 1
235813 52.486686706542 -1.889788436889 -2.12 20.41 0.00 313 280 1
235860 52.486686706542 -1.889788436889 -1.92 22.17 0.00 313 280 1
235998 52.486686706542 -1.889786720275 -1.02 28.50 0.00 315 280 1
236042 52.486686706542 -1.889786720275 -0.72 30.62 0.00 315 280 1
236179 52.486686706542 -1.889786720275 -0.92 35.19 0.00 319 280 1
236223 52.486686706542 -1.889786720275 -1.62 35.89 0.00 319 280 1
236359 52.486686706542 -1.889786720275 0.87 35.89 0.00 317 280 1
236404 52.486686706542 -1.889786720275 -0.63 36.25 0.00 317 280 1
236544 52.486686706542 -1.889786720275 -1.55 36.25 0.00 319 280 1
236587 52.486686706542 -1.889786720275 2.33 36.25 0.00 319 280 1
236722 52.486686706542 -1.889786720275 -1.28 37.65 0.00 323 280 1
236768 52.486686706542 -1.889786720275 1.10 38.71 0.00 323 280 1
236905 52.486686706542 -1.889786720275 -2.92 45.04 0.00 321 280 1
236950 52.486686706542 -1.889786720275 0.47 48.21 0.00 321 280 1
237088 52.486686706542 -1.889786720275 -0.75 59.12 0.00 321 280 1
237132 52.486686706542 -1.889786720275 -2.25 63.34 0.00 321 280 1
237273 52.486686706542 -1.889786720275 0.03 82.70 0.00 315 190 1
237313 52.486686706542 -1.889786720275 -0.47 89.38 0.00 315 190 1
237449 52.486686706542 -1.889786720275 0.13 107.33 0.00 319 210 1
237495 52.486686706542 -1.889786720275 0.83 111.91 0.00 319 210 1
237631 52.486686706542 -1.889786720275 1.53 119.65 0.00 321 226 1
237676 52.486686706542 -1.889786720275 1.73 119.30 0.00 321 226 1
237813 52.486686706542 -1.889786720275 2.13 112.61 0.00 323 232 1
237859 52.486690521240 -1.889766693115 2.33 108.74 0.00 323 232 1
238000 52.486690521240 -1.889766693115 2.53 95.37 0.00 323 224 1
238041 52.486690521240 -1.889766693115 2.53 91.14 0.00 323 224 1
238178 52.486690521240 -1.889766693115 2.73 79.53 0.00 323 211 1
238222 52.486690521240 -1.889766693115 2.83 76.36 0.00 323 211 1
238358 52.486690521240 -1.889766693115 2.83 67.92 0.00 326 200 1
238403 52.486690521240 -1.889766693115 2.93 65.10 0.00 326 200 1
238539 52.486690521240 -1.889766693115 2.93 58.77 0.00 326 191 1
238585 52.486690521240 -1.889766693115 2.73 57.36 0.00 326 191 1
238722 52.486690521240 -1.889766693115 2.53 55.60 0.00 323 184 1
238767 52.486690521240 -1.889766693115 2.43 54.90 0.00 323 184 1
238905 52.486690521240 -1.889766693115 1.93 55.25 0.00 323 182 1
238949 52.486690521240 -1.889766693115 1.73 54.90 0.00 323 182 1
239086 52.486690521240 -1.889766693115 0.93 55.60 0.00 323 182 1
239131 52.486690521240 -1.889766693115 0.73 54.90 0.00 323 182 1
239268 52.486690521240 -1.889766693115 0.63 54.90 0.00 321 182 1
239312 52.486690521240 -1.889766693115 0.63 54.90 0.00 321 182 1
239449 52.486690521240 -1.889766693115 0.33 55.95 0.00 321 182 1
239494 52.486690521240 -1.889766693115 0.23 56.30 0.00 321 182 1
239630 52.486690521240 -1.889766693115 -0.27 56.30 0.00 319 184 1
239676 52.486690521240 -1.889766693115 -0.27 56.30 0.00 319 184 1
239813 52.486690521240 -1.889766693115 -0.17 56.30 0.00 319 184 1
239858 52.486686706542 -1.889738273620 0.03 56.30 0.00 319 184 1
239995 52.486686706542 -1.889738273620 0.23 56.66 0.00 319 184 1
240039 52.486686706542 -1.889738273620 0.23 56.66 0.00 319 184 1
240177 52.486686706542 -1.889738273620 0.13 56.66 0.00 319 184 1
240222 52.486686706542 -1.889738273620 0.13 56.66 0.00 319 184 1
240358 52.486686706542 -1.889738273620 0.03 57.71 0.00 319 184 1
240403 52.486686706542 -1.889738273620 -0.07 58.42 0.00 319 184 1
240539 52.486686706542 -1.889738273620 -0.57 61.23 0.00 319 185 1
240584 52.486686706542 -1.889738273620 -1.07 61.94 0.00 319 185 1
240720 52.486686706542 -1.889738273620 1.92 64.05 0.00 317 187 1
240766 52.486686706542 -1.889738273620 0.32 64.75 0.00 317 187 1
240904 52.486686706542 -1.889738273620 -1.00 65.10 0.00 319 190 1
240949 52.486686706542 -1.889738273620 2.38 65.45 0.00 319 190 1
241086 52.486686706542 -1.889738273620 2.55 65.81 0.00 323 191 1
241130 52.486686706542 -1.889738273620 -1.65 65.81 0.00 323 191 1
241268 52.486686706542 -1.889738273620 1.60 66.16 0.00 317 191 1
241311 52.486686706542 -1.889738273620 -2.90 66.16 0.00 317 191 1
241451 52.486686706542 -1.889738273620 -0.45 67.57 0.00 313 192 1
241494 52.486686706542 -1.889738273620 -0.17 69.33 0.00 313 192 1
241629 52.486686706542 -1.889738273620 -1.20 72.84 0.00 319 194 1
241675 52.486686706542 -1.889738273620 1.98 76.36 0.00 319 194 1
241811 52.486686706542 -1.889738273620 -0.54 73.20 0.00 323 200 1
241858 52.486686706542 -1.889738273620 3.05 73.20 0.00 323 200 1
241995 52.486686706542 -1.889723300933 1.33 72.84 0.00 326 196 1
242039 52.486686706542 -1.889723300933 -1.87 72.49 0.00 326 196 1
242179 52.486686706542 -1.889723300933 -2.97 72.49 0.00 315 196 1
242221 52.486686706542 -1.889723300933 1.41 72.49 0.00 315 196 1
242358 52.486686706542 -1.889723300933 2.50 71.79 0.00 321 196 1
242402 52.486686706542 -1.889723300933 1.40 71.44 0.00 321 196 1
242538 52.486686706542 -1.889723300933 -1.00 71.44 0.00 321 195 1
242584 52.486686706542 -1.889723300933 -1.30 71.44 0.00 321 195 1
242719 52.486686706542 -1.889723300933 -1.20 71.79 0.00 317 195 1
242765 52.486686706542 -1.889723300933 -0.90 70.38 0.00 317 195 1
242906 52.486686706542 -1.889723300933 1.20 71.79 0.00 317 194 1
242948 52.486686706542 -1.889723300933 2.30 72.14 0.00 317 194 1
243085 52.486686706542 -1.889723300933 1.91 74.96 0.00 323 196 1
243130 52.486686706542 -1.889723300933 -2.27 77.42 0.00 323 196 1
243267 52.486686706542 -1.889723300933 0.45 92.20 0.00 315 200 1
243310 52.486686706542 -1.889723300933 -2.94 99.59 0.00 315 200 1
243446 52.486686706542 -1.889723300933 1.88 128.09 0.00 313 216 1
243492 52.486686706542 -1.889723300933 -1.50 138.65 0.00 313 216 1
243629 52.486686706542 -1.889723300933 -3.08 175.25 0.00 317 246 1
243675 52.486686706542 -1.889723300933 -2.18 -171.73 0.00 317 246 1
243811 52.486686706542 -1.889723300933 1.23 -134.43 0.00 315 272 1
243857 52.486686706542 -1.889723300933 -1.55 -123.87 0.00 315 272 1
243994 52.486682891845 -1.889704895019 1.97 -99.59 0.00 317 235 1
244038 52.486682891845 -1.889704895019 -1.52 -93.96 0.00 317 235 1
244175 52.486682891845 -1.889704895019 -1.80 -85.16 0.00 317 212 1
244220 52.486682891845 -1.889704895019 0.60 -84.46 0.00 317 212 1
244356 52.486682891845 -1.889704895019 0.82 -89.03 0.00 319 205 1
244401 52.486682891845 -1.889704895019 2.92 -92.55 0.00 319 205 1
244537 52.486682891845 -1.889704895019 3.03 -112.26 0.00 323 212 1
244583 52.486682891845 -1.889704895019 -1.15 -121.76 0.00 323 212 1
244719 52.486682891845 -1.889704895019 1.85 -151.32 0.00 317 234 1
244764 52.486682891845 -1.889704895019 2.65 -162.23 0.00 317 234 1
244904 52.486682891845 -1.889704895019 -1.83 166.10 0.00 323 265 1
244946 52.486690521240 -1.889716625213 -1.53 158.36 0.00 323 265 1
245086 52.486690521240 -1.889716625213 -0.33 144.99 0.00 317 262 1
245129 52.486690521240 -1.889716625213 0.07 144.99 0.00 317 262 1
245266 52.486690521240 -1.889716625213 2.87 148.86 0.00 319 252 1
245310 52.486690521240 -1.889716625213 -2.02 150.97 0.00 319 252 1
245446 52.486690521240 -1.889716625213 1.58 166.10 0.00 315 256 1
245491 52.486690521240 -1.889716625213 2.58 171.38 0.00 315 256 1
245630 52.486690521240 -1.889716625213 2.98 172.43 0.00 323 272 1
245673 52.486690521240 -1.889716625213 -2.50 168.91 0.00 323 272 1
245811 52.486690521240 -1.889716625213 -2.60 163.99 0.00 315 270 1
245856 52.486709594726 -1.889738273620 -2.60 163.99 0.00 315 270 1
245994 52.486709594726 -1.889738273620 -2.60 163.64 0.00 315 266 1
246037 52.486709594726 -1.889738273620 -2.50 163.99 0.00 315 266 1
246174 52.486709594726 -1.889738273620 -1.90 164.34 0.00 315 266 1
246219 52.486709594726 -1.889738273620 -1.60 162.93 0.00 315 266 1
246359 52.486709594726 -1.889738273620 -0.60 158.01 0.00 317 265 1
246401 52.486709594726 -1.889738273620 -0.20 156.60 0.00 317 265 1
246537 52.486709594726 -1.889738273620 2.50 153.43 0.00 319 261 1
246582 52.486709594726 -1.889738273620 2.90 152.73 0.00 319 261 1
246718 52.486709594726 -1.889738273620 -2.68 152.73 0.00 326 257 1
246764 52.486709594726 -1.889738273620 -2.38 153.08 0.00 326 257 1
246901 52.486709594726 -1.889738273620 -1.08 153.78 0.00 315 258 1
246946 52.486709594726 -1.889738273620 -0.28 154.49 0.00 315 258 1
247084 52.486709594726 -1.889738273620 -2.67 154.49 0.00 319 260 1
247128 52.486709594726 -1.889738273620 -1.07 153.78 0.00 319 260 1
247265 52.486709594726 -1.889738273620 -0.05 148.15 0.00 317 258 1
247309 52.486709594726 -1.889738273620 3.05 146.39 0.00 317 258 1
247445 52.486709594726 -1.889738273620 -1.62 135.13 0.00 326 253 1
247490 52.486709594726 -1.889738273620 0.58 130.21 0.00 326 253 1
247626 52.486709594726 -1.889738273620 1.70 116.48 0.00 321 241 1
247672 52.486709594726 -1.889738273620 -2.28 111.55 0.00 321 241 1
247809 52.486709594726 -1.889738273620 0.03 101.00 0.00 315 226 1
247856 52.486709594726 -1.889738273620 2.43 99.94 0.00 315 226 1
247993 52.486713409423 -1.889743328094 -0.03 104.87 0.00 323 216 1
248037 52.486713409423 -1.889743328094 -2.62 108.39 0.00 323 216 1
248174 52.486713409423 -1.889743328094 0.40 118.94 0.00 315 224 1
248218 52.486713409423 -1.889743328094 -2.78 122.11 0.00 315 224 1
248357 52.486713409423 -1.889743328094 -2.16 124.93 0.00 315 234 1
248399 52.486713409423 -1.889743328094 -0.66 123.87 0.00 315 234 1
248536 52.486713409423 -1.889743328094 -1.25 120.70 0.00 317 235 1
248581 52.486713409423 -1.889743328094 0.55 118.24 0.00 317 235 1
248717 52.486713409423 -1.889743328094 -1.23 112.61 0.00 321 232 1
248763 52.486713409423 -1.889743328094 -0.33 111.20 0.00 321 232 1
248900 52.486713409423 -1.889743328094 2.47 111.55 0.00 319 226 1
248945 52.486713409423 -1.889743328094 -2.91 111.91 0.00 319 226 1
249085 52.486713409423 -1.889743328094 -0.41 111.55 0.00 315 226 1
249126 52.486713409423 -1.889743328094 0.29 111.55 0.00 315 226 1
249265 52.486713409423 -1.889743328094 2.89 111.20 0.00 319 226 1
249308 52.486713409423 -1.889743328094 -2.20 110.15 0.00 319 226 1
249444 52.486713409423 -1.889743328094 0.10 100.65 0.00 315 225 1
249490 52.486713409423 -1.889743328094 0.60 96.77 0.00 315 225 1
249626 52.486713409423 -1.889743328094 1.20 83.75 0.00 321 214 1
249671 52.486713409423 -1.889743328094 1.20 80.23 0.00 321 214 1
249807 52.486713409423 -1.889743328094 0.80 71.44 0.00 321 202 1
249854 52.486713409423 -1.889743328094 0.50 69.68 0.00 321 202 1
249992 52.486717224121 -1.889743328094 -0.70 66.16 0.00 321 194 1
250036 52.486717224121 -1.889743328094 -1.10 67.21 0.00 321 194 1
250173 52.486717224121 -1.889743328094 -1.60 67.92 0.00 317 192 1
250217 52.486717224121 -1.889743328094 -1.20 68.27 0.00 317 192 1
250353 52.486717224121 -1.889743328094 0.10 70.73 0.00 317 193 1
250398 52.486717224121 -1.889743328094 0.70 69.68 0.00 317 193 1
250534 52.486717224121 -1.889743328094 2.10 66.16 0.00 321 194 1
250580 52.486717224121 -1.889743328094 2.90 65.45 0.00 321 194 1
250717 52.486717224121 -1.889743328094 -0.98 65.10 0.00 326 191 1
250762 52.486717224121 -1.889743328094 -0.08 65.10 0.00 326 191 1
250900 52.486717224121 -1.889743328094 2.82 62.29 0.00 319 191 1
250944 52.486717224121 -1.889743328094 -2.06 61.23 0.00 319 191 1
251081 52.486717224121 -1.889743328094 2.24 58.42 0.00 315 187 1
251126 52.486717224121 -1.889743328094 -2.35 57.71 0.00 315 187 1
251264 52.486717224121 -1.889743328094 3.05 55.60 0.00 315 184 1
251308 52.486717224121 -1.889743328094 -0.93 55.25 0.00 315 184 1
251444 52.486717224121 -1.889743328094 -0.01 59.47 0.00 317 183 1
251489 52.486717224121 -1.889743328094 2.49 61.58 0.00 317 183 1
251625 52.486717224121 -1.889743328094 -0.28 67.21 0.00 323 187 1
251671 52.486717224121 -1.889743328094 -2.76 68.62 0.00 323 187 1
251807 52.486717224121 -1.889743328094 0.65 67.21 0.00 315 193 1
251853 52.486717224121 -1.889743328094 -3.13 66.16 0.00 315 193 1
251992 52.486717224121 -1.889743328094 2.71 59.82 0.00 313 192 1
252035 52.486717224121 -1.889743328094 -1.57 57.36 0.00 313 192 1
252172 52.486717224121 -1.889743328094 -2.35 49.97 0.00 317 184 1
252217 52.486717224121 -1.889743328094 -0.85 47.16 0.00 317 184 1
252353 52.486717224121 -1.889743328094 -2.44 38.36 0.00 317 280 1
252398 52.486717224121 -1.889743328094 -1.04 34.84 0.00 317 280 1
252536 52.486717224121 -1.889743328094 1.46 23.23 0.00 317 280 1
252579 52.486717224121 -1.889743328094 2.06 20.06 0.00 317 280 1
252716 52.486717224121 -1.889743328094 -3.02 8.09 0.00 323 280 1
252762 52.486717224121 -1.889743328094 -2.82 3.87 0.00 323 280 1
252899 52.486717224121 -1.889743328094 -2.42 0.00 0.00 315 280 1
252944 52.486717224121 -1.889743328094 -2.32 0.00 0.00 315 280 1
253081 52.486717224121 -1.889743328094 -1.62 -9.15 0.00 315 280 1
253125 52.486717224121 -1.889743328094 -1.22 -11.96 0.00 315 280 1
253265 52.486717224121 -1.889743328094 0.58 -19.35 0.00 317 280 1
253306 52.486717224121 -1.889743328094 1.18 -21.11 0.00 317 280 1
253443 52.486717224121 -1.889743328094 -2.10 -23.93 0.00 321 280 1
253489 52.486717224121 -1.889743328094 -1.20 -23.93 0.00 321 280 1
253624 52.486717224121 -1.889743328094 3.00 -24.28 0.00 317 280 1
253670 52.486717224121 -1.889743328094 -1.59 -24.28 0.00 317 280 1
253806 52.486717224121 -1.889743328094 -2.67 -24.28 0.00 317 280 1
253853 52.486717224121 -1.889743328094 -0.67 -24.63 0.00 317 280 1
253990 52.486717224121 -1.889743328094 -1.25 -26.39 0.00 319 280 1
254034 52.486717224121 -1.889743328094 0.35 -27.45 0.00 319 280 1
254171 52.486717224121 -1.889743328094 -0.14 -30.97 0.00 319 280 1
254216 52.486717224121 -1.889743328094 1.56 -32.38 0.00 319 280 1
254352 52.486717224121 -1.889743328094 2.18 -36.25 0.00 321 280 1
254397 52.486717224121 -1.889743328094 -2.00 -37.65 0.00 321 280 1
254533 52.486717224121 -1.889743328094 -2.29 -40.82 0.00 315 280 1
254578 52.486717224121 -1.889743328094 -0.69 -41.88 0.00 315 280 1
254714 52.486717224121 -1.889743328094 -1.37 -45.04 0.00 317 280 1
254760 52.486717224121 -1.889743328094 0.43 -46.10 0.00 317 280 1
254898 52.486717224121 -1.889743328094 -0.05 -47.16 0.00 319 280 1
254943 52.486717224121 -1.889743328094 1.75 -47.16 0.00 319 280 1
255080 52.486717224121 -1.889743328094 -1.74 -47.16 0.00 323 280 1
255125 52.486717224121 -1.889743328094 -1.34 -47.16 0.00 323 280 1
255261 52.486717224121 -1.889743328094 -0.64 -47.16 0.00 317 280 1
255305 52.486717224121 -1.889743328094 -0.94 -47.16 0.00 317 280 1
255441 52.486717224121 -1.889743328094 2.75 -47.16 0.00 317 280 1
255488 52.486717224121 -1.889743328094 1.15 -47.16 0.00 317 280 1
255624 52.486717224121 -1.889743328094 1.33 -48.21 0.00 321 280 1
255669 52.486717224121 -1.889743328094 -1.17 -48.91 0.00 321 280 1
255806 52.486717224121 -1.889743328094 -2.29 -49.97 0.00 317 280 1
255852 52.486717224121 -1.889743328094 0.50 -49.97 0.00 317 280 1
255992 52.486717224121 -1.889743328094 -2.32 -53.14 0.00 321 280 1
256033 52.486717224121 -1.889743328094 1.46 -54.19 0.00 321 280 1
256171 52.486717224121 -1.889743328094 -1.75 -56.66 0.00 321 182 1
256215 52.486717224121 -1.889743328094 1.83 -56.66 0.00 321 182 1
256352 52.486717224121 -1.889743328094 0.21 -53.49 0.00 323 184 1
256396 52.486717224121 -1.889743328094 -2.09 -51.38 0.00 323 184 1
256532 52.486717224121 -1.889743328094 -2.20 -41.88 0.00 315 180 1
256578 52.486717224121 -1.889743328094 2.08 -37.65 0.00 315 180 1
256716 52.486717224121 -1.889743328094 2.06 -21.47 0.00 323 280 1
256759 52.486717224121 -1.889743328094 0.56 -15.48 0.00 323 280 1
256897 52.486717224121 -1.889743328094 1.75 0.00 0.00 321 280 1
256942 52.486717224121 -1.889743328094 0.95 0.00 0.00 321 280 1
257079 52.486717224121 -1.889743328094 -1.25 0.00 0.00 321 280 1
257124 52.486717224121 -1.889743328094 -3.05 3.17 0.00 321 280 1
257261 52.486717224121 -1.889743328094 -1.17 6.33 0.00 313 280 1
257305 52.486717224121 -1.889743328094 -2.47 6.33 0.00 313 280 1
257443 52.486717224121 -1.889743328094 0.67 0.00 0.00 315 280 1
257486 52.486717224121 -1.889743328094 -0.93 0.70 0.00 315 280 1
257623 52.486717224121 -1.889743328094 2.65 13.02 0.00 317 280 1
257669 52.486717224121 -1.889743328094 1.75 18.65 0.00 317 280 1
257805 52.486717224121 -1.889743328094 -1.95 34.13 0.00 323 280 1
257851 52.486717224121 -1.889743328094 -3.05 36.95 0.00 323 280 1
257989 52.486717224121 -1.889743328094 2.34 39.06 0.00 313 280 1
258032 52.486717224121 -1.889743328094 2.24 38.71 0.00 313 280 1
258169 52.486717224121 -1.889743328094 -2.75 29.21 0.00 323 280 1
258214 52.486717224121 -1.889743328094 -2.15 27.10 0.00 323 280 1
258352 52.486717224121 -1.889743328094 3.04 22.17 0.00 315 280 1
258396 52.486717224121 -1.889743328094 2.14 22.17 0.00 315 280 1
258531 52.486717224121 -1.889743328094 -0.36 20.76 0.00 323 280 1
258577 52.486717224121 -1.889743328094 -1.06 22.52 0.00 323 280 1
258713 52.486717224121 -1.889743328094 1.52 34.49 0.00 317 280 1
258759 52.486717224121 -1.889743328094 0.12 38.71 0.00 317 280 1
258896 52.486717224121 -1.889743328094 -1.98 50.32 0.00 319 280 1
258941 52.486717224121 -1.889743328094 -2.98 52.08 0.00 319 280 1
259079 52.486717224121 -1.889743328094 2.10 51.38 0.00 315 181 1
259123 52.486717224121 -1.889743328094 2.70 49.62 0.00 315 181 1
259260 52.486717224121 -1.889743328094 -0.38 41.17 0.00 323 280 1
259304 52.486717224121 -1.889743328094 0.92 37.65 0.00 323 280 1
259440 52.486717224121 -1.889743328094 -0.96 31.32 0.00 321 280 1
259486 52.486717224121 -1.889743328094 -0.36 28.15 0.00 321 280 1
259621 52.486717224121 -1.889743328094 0.54 21.11 0.00 319 280 1
259667 52.486717224121 -1.889743328094 0.64 20.06 0.00 319 280 1
259804 52.486717224121 -1.889743328094 0.64 18.65 0.00 321 280 1
259851 52.486717224121 -1.889743328094 0.44 17.95 0.00 321 280 1
259988 52.486679077148 -1.889699935913 2.14 19.71 0.00 319 280 1
260032 52.486679077148 -1.889699935913 2.44 19.35 0.00 319 280 1
260171 52.486679077148 -1.889699935913 2.54 19.00 0.00 323 280 1
260213 52.486679077148 -1.889699935913 2.74 17.60 0.00 323 280 1
260349 52.486679077148 -1.889699935913 -0.65 13.02 0.00 323 280 1
260395 52.486679077148 -1.889699935913 0.25 14.08 0.00 323 280 1
260531 52.486679077148 -1.889699935913 -3.03 18.65 0.00 319 280 1
260576 52.486679077148 -1.889699935913 -2.43 17.95 0.00 319 280 1
260712 52.486679077148 -1.889699935913 -2.13 15.84 0.00 315 280 1
260758 52.486679077148 -1.889699935913 -1.83 15.48 0.00 315 280 1
260898 52.486679077148 -1.889699935913 -1.43 15.48 0.00 315 280 1
260940 52.486679077148 -1.889699935913 -1.43 14.43 0.00 315 280 1
261079 52.486679077148 -1.889699935913 -1.43 16.89 0.00 317 280 1
261122 52.486679077148 -1.889699935913 -1.23 18.30 0.00 317 280 1
261259 52.486679077148 -1.889699935913 -1.73 22.17 0.00 317 280 1
261303 52.486679077148 -1.889699935913 -2.23 22.17 0.00 317 280 1
261439 52.486679077148 -1.889699935913 -2.33 24.28 0.00 315 280 1
261485 52.486679077148 -1.889699935913 -1.83 24.63 0.00 315 280 1
261623 52.486679077148 -1.889699935913 0.37 22.17 0.00 315 280 1
261666 52.486679077148 -1.889699935913 0.97 20.06 0.00 315 280 1
261803 52.486679077148 -1.889699935913 2.67 18.30 0.00 321 280 1
261850 52.486679077148 -1.889699935913 2.27 17.95 0.00 321 280 1
261987 52.486656188964 -1.889721679687 1.67 18.65 0.00 323 280 1
262031 52.486656188964 -1.889721679687 1.37 19.00 0.00 323 280 1
262168 52.486656188964 -1.889721679687 -0.83 19.71 0.00 321 280 1
262212 52.486656188964 -1.889721679687 -1.63 20.06 0.00 321 280 1
262349 52.486656188964 -1.889721679687 -2.43 24.28 0.00 315 280 1
262393 52.486656188964 -1.889721679687 -2.83 26.39 0.00 315 280 1
262530 52.486656188964 -1.889721679687 1.25 32.02 0.00 313 280 1
262576 52.486656188964 -1.889721679687 0.55 33.78 0.00 313 280 1
262711 52.486656188964 -1.889721679687 -0.25 33.78 0.00 319 280 1
262757 52.486656188964 -1.889721679687 -0.35 33.08 0.00 319 280 1
262894 52.486656188964 -1.889721679687 0.35 32.38 0.00 317 280 1
262939 52.486656188964 -1.889721679687 0.85 32.73 0.00 317 280 1
263076 52.486656188964 -1.889721679687 -0.65 26.04 0.00 321 280 1
263121 52.486656188964 -1.889721679687 -1.15 23.58 0.00 321 280 1
263259 52.486656188964 -1.889721679687 -3.05 20.76 0.00 317 280 1
263303 52.486656188964 -1.889721679687 2.74 22.17 0.00 317 280 1
263439 52.486656188964 -1.889721679687 0.24 33.43 0.00 323 280 1
263484 52.486656188964 -1.889721679687 -0.46 36.25 0.00 323 280 1
263620 52.486656188964 -1.889721679687 -1.46 45.40 0.00 317 280 1
263666 52.486656188964 -1.889721679687 -2.46 46.45 0.00 317 280 1
263802 52.486656188964 -1.889721679687 1.22 46.10 0.00 315 280 1
263848 52.486656188964 -1.889721679687 0.92 46.45 0.00 315 280 1
263986 52.486625671386 -1.889746665954 1.12 48.21 0.00 321 280 1
264030 52.486625671386 -1.889746665954 1.22 48.91 0.00 321 280 1
264167 52.486625671386 -1.889746665954 1.82 48.21 0.00 321 280 1
264212 52.486625671386 -1.889746665954 0.92 47.51 0.00 321 280 1
264349 52.486625671386 -1.889746665954 -2.38 45.04 0.00 321 280 1
264393 52.486625671386 -1.889746665954 3.00 45.75 0.00 321 280 1
264528 52.486625671386 -1.889746665954 0.70 47.51 0.00 323 280 1
264574 52.486625671386 -1.889746665954 -0.30 49.27 0.00 323 280 1
264711 52.486625671386 -1.889746665954 2.89 51.73 0.00 319 280 1
264757 52.486625671386 -1.889746665954 2.59 52.08 0.00 319 280 1
264894 52.486625671386 -1.889746665954 1.09 54.19 0.00 323 181 1
264939 52.486625671386 -1.889746665954 0.19 52.79 0.00 323 181 1
265078 52.486625671386 -1.889746665954 -0.81 55.95 0.00 319 181 1
265120 52.486625671386 -1.889746665954 -0.71 56.66 0.00 319 181 1
265257 52.486625671386 -1.889746665954 0.99 61.23 0.00 317 184 1
265302 52.486625671386 -1.889746665954 1.59 62.29 0.00 317 184 1
265438 52.486625671386 -1.889746665954 2.59 64.40 0.00 321 188 1
265483 52.486625671386 -1.889746665954 2.49 64.05 0.00 321 188 1
265619 52.486625671386 -1.889746665954 2.69 66.51 0.00 323 190 1
265665 52.486625671386 -1.889746665954 2.59 67.21 0.00 323 190 1
265804 52.486625671386 -1.889746665954 1.49 66.86 0.00 323 192 1
265848 52.486625671386 -1.889746665954 1.59 66.51 0.00 323 192 1
265986 52.486595153808 -1.889760017395 2.69 66.86 0.00 321 192 1
266030 52.486595153808 -1.889760017395 2.79 68.62 0.00 321 192 1
266166 52.486595153808 -1.889760017395 0.49 71.79 0.00 323 193 1
266211 52.486595153808 -1.889760017395 -0.31 71.79 0.00 323 193 1
266348 52.486595153808 -1.889760017395 -0.11 62.64 0.00 317 195 1
266392 52.486595153808 -1.889760017395 0.49 59.47 0.00 317 195 1
266531 52.486595153808 -1.889760017395 2.39 49.97 0.00 319 186 1
266573 52.486595153808 -1.889760017395 2.99 48.56 0.00 319 186 1
266710 52.486595153808 -1.889760017395 2.89 47.51 0.00 323 280 1
266756 52.486595153808 -1.889760017395 2.69 48.91 0.00 323 280 1
266893 52.486595153808 -1.889760017395 1.79 60.18 0.00 323 280 1
266938 52.486595153808 -1.889760017395 1.09 65.81 0.00 323 280 1
267075 52.486595153808 -1.889760017395 -1.21 79.18 0.00 321 191 1
267119 52.486595153808 -1.889760017395 -1.71 82.35 0.00 321 191 1
267255 52.486595153808 -1.889760017395 -2.71 86.92 0.00 315 204 1
267300 52.486595153808 -1.889760017395 2.67 88.33 0.00 315 204 1
267437 52.486595153808 -1.889760017395 2.47 84.81 0.00 323 208 1
267483 52.486595153808 -1.889760017395 3.07 81.64 0.00 323 208 1
267619 52.486595153808 -1.889760017395 0.79 70.03 0.00 323 203 1
267664 52.486595153808 -1.889760017395 2.19 64.75 0.00 323 203 1
267800 52.486595153808 -1.889760017395 1.00 50.67 0.00 323 190 1
267847 52.486595153808 -1.889760017395 1.90 47.86 0.00 323 190 1
267984 52.486557006835 -1.889750003814 2.50 51.03 0.00 321 280 1
268028 52.486557006835 -1.889750003814 2.50 53.49 0.00 321 280 1
268166 52.486557006835 -1.889750003814 1.40 60.53 0.00 323 182 1
268211 52.486557006835 -1.889750003814 1.10 61.23 0.00 323 182 1
268348 52.486557006835 -1.889750003814 -0.30 60.53 0.00 319 187 1
268391 52.486557006835 -1.889750003814 -0.50 63.70 0.00 319 187 1
268527 52.486557006835 -1.889750003814 -1.50 72.49 0.00 317 190 1
268573 52.486557006835 -1.889750003814 -1.30 76.72 0.00 317 190 1
268709 52.486557006835 -1.889750003814 -1.00 87.27 0.00 315 200 1
268898 52.486557006835 -1.889750003814 2.40 86.92 0.00 315 200 0
269079 52.486557006835 -1.889750003814 1.82 72.49 0.00 315 200 0
269260 52.486557006835 -1.889750003814 0.44 71.09 0.00 315 200 0
269442 52.486557006835 -1.889750003814 -2.75 82.70 0.00 315 200 0
269623 52.486557006835 -1.889750003814 -0.45 91.50 0.00 315 200 0
269805 52.486557006835 -1.889750003814 1.35 90.09 0.00 315 200 0
269988 52.486557006835 -1.889750003814 2.65 83.75 0.00 315 200 0
270170 52.486557006835 -1.889750003814 2.55 77.07 0.00 315 200 0
270352 52.486557006835 -1.889750003814 -2.33 68.27 0.00 315 200 0
270532 52.486557006835 -1.889750003814 0.27 62.99 0.00 315 200 0
270714 52.486557006835 -1.889750003814 1.87 62.99 0.00 315 200 0
270897 52.486557006835 -1.889750003814 2.77 62.64 0.00 315 200 0
271078 52.486557006835 -1.889750003814 -2.71 60.18 0.00 315 200 0
271259 52.486557006835 -1.889750003814 2.21 57.71 0.00 315 200 0
271441 52.486557006835 -1.889750003814 2.61 57.71 0.00 315 200 0
271623 52.486557006835 -1.889750003814 2.81 57.71 0.00 315 200 0
271805 52.486557006835 -1.889750003814 -2.87 57.71 0.00 315 200 0
271988 52.486557006835 -1.889750003814 -2.17 54.90 0.00 315 200 0
272168 52.486557006835 -1.889750003814 -2.07 49.62 0.00 315 200 0
272351 52.486557006835 -1.889750003814 -2.27 49.62 0.00 315 200 0
272531 52.486557006835 -1.889750003814 -2.37 55.95 0.00 315 200 0
272713 52.486557006835 -1.889750003814 -1.47 61.94 0.00 315 200 0
272897 52.486557006835 -1.889750003814 -0.67 59.12 0.00 315 200 0
273078 52.486557006835 -1.889750003814 -0.97 54.90 0.00 315 200 0
273259 52.486557006835 -1.889750003814 -1.97 55.25 0.00 315 200 0
273440 52.486557006835 -1.889750003814 -2.37 59.47 0.00 315 200 0
273622 52.486557006835 -1.889750003814 -2.17 62.99 0.00 315 200 0
273804 52.486557006835 -1.889750003814 -2.77 71.09 0.00 315 200 0
273987 52.486557006835 -1.889750003814 2.81 66.16 0.00 315 200 0
274167 52.486557006835 -1.889750003814 -2.61 54.90 0.00 315 200 0
274350 52.486557006835 -1.889750003814 2.71 40.47 0.00 315 200 0
274531 52.486557006835 -1.889750003814 -2.57 25.69 0.00 315 200 0
274712 52.486557006835 -1.889750003814 -1.57 17.95 0.00 315 200 0
274895 52.486557006835 -1.889750003814 0.13 21.11 0.00 315 200 0
275077 52.486557006835 -1.889750003814 1.23 29.91 0.00 315 200 0
275117 52.486557006835 -1.889750003814 1.33 31.67 0.00 315 200 1
275266 52.486557006835 -1.889750003814 1.03 38.36 0.00 321 280 1
275319 52.486557006835 -1.889750003814 0.73 39.77 0.00 321 280 1
275458 52.486557006835 -1.889750003814 0.23 40.82 0.00 319 280 1
275502 52.486557006835 -1.889750003814 0.13 40.47 0.00 319 280 1
275640 52.486557006835 -1.889750003814 0.13 40.82 0.00 319 280 1
275683 52.486557006835 -1.889750003814 0.23 40.82 0.00 319 280 1
275822 52.486557006835 -1.889750003814 1.23 41.52 0.00 319 280 1
275866 52.486557006835 -1.889750003814 1.83 41.52 0.00 319 280 1
276008 52.486339569091 -1.889661693572 -1.05 42.93 0.00 321 280 1
276047 52.486339569091 -1.889661693572 0.55 44.34 0.00 321 280 1
276187 52.486339569091 -1.889661693572 1.76 51.73 0.00 311 280 1
276229 52.486339569091 -1.889661693572 -1.62 53.84 0.00 311 280 1
276368 52.486339569091 -1.889661693572 2.70 57.71 0.00 307 182 1
276410 52.486339569091 -1.889661693572 -0.39 58.77 0.00 307 182 1
276549 52.486339569091 -1.889661693572 -2.25 56.30 0.00 309 185 1
276592 52.486339569091 -1.889661693572 0.55 54.55 0.00 309 185 1
276733 52.486339569091 -1.889661693572 -2.62 46.10 0.00 311 182 1
276773 52.486339569091 -1.889661693572 0.08 43.99 0.00 311 182 1
276914 52.486339569091 -1.889661693572 2.90 34.13 0.00 309 280 1
276956 52.486339569091 -1.889661693572 -0.79 29.91 0.00 309 280 1
277096 52.486339569091 -1.889661693572 2.63 14.08 0.00 309 280 1
277138 52.486339569091 -1.889661693572 -0.75 7.74 0.00 309 280 1
277277 52.486339569091 -1.889661693572 3.06 0.00 0.00 309 280 1
277319 52.486339569091 -1.889661693572 0.68 -8.09 0.00 309 280 1
277460 52.486339569091 -1.889661693572 -1.88 -35.89 0.00 311 280 1
277500 52.486339569091 -1.889661693572 2.22 -42.93 0.00 311 280 1
277640 52.486339569091 -1.889661693572 0.95 -65.45 0.00 313 280 1
277683 52.486339569091 -1.889661693572 -1.93 -71.08 0.00 313 280 1
277821 52.486339569091 -1.889661693572 -2.80 -86.22 0.00 307 195 1
277865 52.486339569091 -1.889661693572 0.30 -90.09 0.00 307 195 1
278005 52.486297607421 -1.889641666412 -0.67 -101.35 0.00 309 210 1
278046 52.486297607421 -1.889641666412 2.63 -104.16 0.00 309 210 1
278187 52.486297607421 -1.889641666412 0.37 -112.61 0.00 307 221 1
278228 52.486297607421 -1.889641666412 -2.22 -116.83 0.00 307 221 1
278367 52.486297607421 -1.889641666412 0.60 -125.98 0.00 300 230 1
278410 52.486297607421 -1.889641666412 2.80 -128.09 0.00 300 230 1
278548 52.486297607421 -1.889641666412 2.32 -130.91 0.00 307 240 1
278591 52.486297607421 -1.889641666412 -2.87 -130.91 0.00 307 240 1
278729 52.486297607421 -1.889641666412 -1.47 -130.21 0.00 298 241 1
278773 52.486297607421 -1.889641666412 -1.57 -129.15 0.00 298 241 1
278913 52.486297607421 -1.889641666412 2.32 -121.41 0.00 302 240 1
278956 52.486297607421 -1.889641666412 1.12 -117.18 0.00 302 240 1
279095 52.486297607421 -1.889641666412 2.90 -103.81 0.00 305 231 1
279137 52.486297607421 -1.889641666412 1.20 -98.89 0.00 305 231 1
279276 52.486297607421 -1.889641666412 1.08 -90.09 0.00 305 216 1
279318 52.486297607421 -1.889641666412 -1.32 -91.50 0.00 305 216 1
279459 52.486297607421 -1.889641666412 -2.73 -99.94 0.00 302 211 1
279499 52.486297607421 -1.889641666412 1.35 -101.35 0.00 302 211 1
279639 52.486297607421 -1.889641666412 0.83 -95.01 0.00 305 218 1
279682 52.486297607421 -1.889641666412 -1.67 -91.14 0.00 305 218 1
279821 52.486297607421 -1.889641666412 -1.68 -72.49 0.00 300 211 1
279865 52.486297607421 -1.889641666412 3.00 -65.81 0.00 300 211 1
280004 52.486263275146 -1.889625072479 -1.20 -50.32 0.00 309 191 1
280046 52.486263275146 -1.889625072479 -2.00 -48.56 0.00 309 191 1
280189 52.486263275146 -1.889625072479 -2.70 -49.97 0.00 290 280 1
280227 52.486263275146 -1.889625072479 -2.40 -51.03 0.00 290 280 1
280367 52.486263275146 -1.889625072479 -0.10 -57.01 0.00 290 180 1
280409 52.486263275146 -1.889625072479 1.00 -59.82 0.00 290 180 1
280547 52.486263275146 -1.889625072479 0.12 -72.14 0.00 296 186 1
280590 52.486263275146 -1.889625072479 2.02 -76.36 0.00 296 186 1
280729 52.486263275146 -1.889625072479 2.93 -93.96 0.00 296 200 1
280772 52.486263275146 -1.889625072479 -0.55 -99.59 0.00 296 200 1
280912 52.486263275146 -1.889625072479 0.37 -117.54 0.00 292 216 1
280954 52.486263275146 -1.889625072479 2.17 -123.17 0.00 292 216 1
281094 52.486263275146 -1.889625072479 1.88 -133.37 0.00 298 235 1
281137 52.486263275146 -1.889625072479 -2.60 -133.72 0.00 298 235 1
281276 52.486263275146 -1.889625072479 3.10 -130.91 0.00 288 243 1
281317 52.486263275146 -1.889625072479 -1.88 -129.15 0.00 288 243 1
281456 52.486263275146 -1.889625072479 1.52 -122.46 0.00 290 240 1
281499 52.486263275146 -1.889625072479 2.22 -120.35 0.00 290 240 1
281637 52.486263275146 -1.889625072479 -1.47 -117.18 0.00 298 233 1
281680 52.486263275146 -1.889625072479 -0.67 -117.89 0.00 298 233 1
281820 52.486263275146 -1.889625072479 1.53 -120.35 0.00 292 231 1
281864 52.486263275146 -1.889625072479 2.13 -120.70 0.00 292 231 1
282004 52.486255645751 -1.889639949798 3.03 -121.06 0.00 298 233 1
282045 52.486255645751 -1.889639949798 3.03 -121.06 0.00 298 233 1
282187 52.486255645751 -1.889639949798 2.33 -121.06 0.00 302 234 1
282226 52.486255645751 -1.889639949798 2.13 -121.06 0.00 302 234 1
282365 52.486255645751 -1.889639949798 1.43 -121.06 0.00 300 234 1
282407 52.486255645751 -1.889639949798 1.33 -121.41 0.00 300 234 1
282547 52.486255645751 -1.889639949798 0.93 -121.41 0.00 298 234 1
282590 52.486255645751 -1.889639949798 0.93 -121.41 0.00 298 234 1
282728 52.486255645751 -1.889639949798 0.93 -121.41 0.00 298 234 1
282771 52.486255645751 -1.889639949798 0.93 -121.41 0.00 298 234 1
282914 52.486255645751 -1.889639949798 0.93 -121.76 0.00 298 234 1
282953 52.486255645751 -1.889639949798 0.93 -121.76 0.00 298 234 1
283092 52.486255645751 -1.889639949798 1.23 -121.76 0.00 298 234 1
283136 52.486255645751 -1.889639949798 1.43 -121.76 0.00 298 234 1
283275 52.486255645751 -1.889639949798 2.53 -123.87 0.00 298 234 1
283317 52.486255645751 -1.889639949798 2.93 -124.22 0.00 298 234 1
283455 52.486255645751 -1.889639949798 -2.25 -125.98 0.00 302 236 1
283498 52.486255645751 -1.889639949798 -1.95 -126.69 0.00 302 236 1
283637 52.486255645751 -1.889639949798 -1.25 -127.39 0.00 292 237 1
283680 52.486255645751 -1.889639949798 -1.05 -127.04 0.00 292 237 1
283819 52.486255645751 -1.889639949798 -0.05 -127.39 0.00 294 238 1
283863 52.486255645751 -1.889639949798 0.65 -127.04 0.00 294 238 1
284003 52.486278533935 -1.889646625518 -2.63 -128.80 0.00 298 238 1
284044 52.486278533935 -1.889646625518 -1.33 -129.15 0.00 298 238 1
284184 52.486278533935 -1.889646625518 -2.72 -131.26 0.00 300 240 1
284226 52.486278533935 -1.889646625518 -1.02 -132.67 0.00 300 240 1
284365 52.486278533935 -1.889646625518 -2.90 -142.87 0.00 300 242 1
284407 52.486278533935 -1.889646625518 -1.30 -146.39 0.00 300 242 1
284546 52.486278533935 -1.889646625518 -3.08 -159.77 0.00 300 253 1
284589 52.486278533935 -1.889646625518 -1.48 -164.69 0.00 300 253 1
284727 52.486278533935 -1.889646625518 2.82 178.77 0.00 300 266 1
284771 52.486278533935 -1.889646625518 -2.47 173.49 0.00 300 266 1
284913 52.486278533935 -1.889646625518 1.43 157.65 0.00 298 274 1
284953 52.486278533935 -1.889646625518 2.63 154.13 0.00 298 274 1
285092 52.486278533935 -1.889646625518 0.75 145.34 0.00 307 260 1
285134 52.486278533935 -1.889646625518 2.05 143.58 0.00 307 260 1
285275 52.486278533935 -1.889646625518 1.67 139.71 0.00 305 251 1
285316 52.486278533935 -1.889646625518 -2.42 139.35 0.00 305 251 1
285455 52.486278533935 -1.889646625518 -1.90 139.71 0.00 298 247 1
285497 52.486278533935 -1.889646625518 0.00 140.41 0.00 298 247 1
285638 52.486278533935 -1.889646625518 -0.48 143.93 0.00 302 248 1
285679 52.486278533935 -1.889646625518 1.42 145.34 0.00 302 248 1
285817 52.486278533935 -1.889646625518 0.14 147.80 0.00 305 252 1
285861 52.486278533935 -1.889646625518 1.24 147.80 0.00 305 252 1
286002 52.486316680908 -1.889618301391 -1.45 142.87 0.00 305 254 1
286044 52.486316680908 -1.889618301391 -0.65 140.41 0.00 305 254 1
286183 52.486316680908 -1.889618301391 2.25 131.61 0.00 302 248 1
286225 52.486316680908 -1.889618301391 -3.13 128.80 0.00 302 248 1
286368 52.486316680908 -1.889618301391 -0.63 125.63 0.00 298 240 1
286406 52.486316680908 -1.889618301391 -0.23 125.63 0.00 298 240 1
286544 52.486316680908 -1.889618301391 1.17 125.63 0.00 302 236 1
286587 52.486316680908 -1.889618301391 1.17 125.63 0.00 302 236 1
286726 52.486316680908 -1.889618301391 0.77 125.63 0.00 305 236 1
286770 52.486316680908 -1.889618301391 0.27 125.63 0.00 305 236 1
286909 52.486316680908 -1.889618301391 -2.23 125.28 0.00 305 236 1
286952 52.486316680908 -1.889618301391 -2.93 125.28 0.00 305 236 1
287091 52.486316680908 -1.889618301391 -1.25 125.63 0.00 298 236 1
287133 52.486316680908 -1.889618301391 3.14 125.63 0.00 298 236 1
287273 52.486316680908 -1.889618301391 2.62 125.63 0.00 307 236 1
287314 52.486316680908 -1.889618301391 0.72 125.63 0.00 307 236 1
287453 52.486316680908 -1.889618301391 0.60 125.28 0.00 305 236 1
287497 52.486316680908 -1.889618301391 -1.10 125.63 0.00 305 236 1
287635 52.486316680908 -1.889618301391 0.08 125.28 0.00 302 236 1
287678 52.486316680908 -1.889618301391 -1.32 125.28 0.00 302 236 1
287817 52.486316680908 -1.889618301391 0.17 125.63 0.00 300 236 1
287861 52.486316680908 -1.889618301391 -1.23 125.63 0.00 300 236 1
288002 52.486362457275 -1.889623451232 0.45 125.98 0.00 300 236 1
288043 52.486362457275 -1.889623451232 -1.05 126.33 0.00 300 236 1
288183 52.486362457275 -1.889623451232 1.33 129.15 0.00 307 237 1
288224 52.486362457275 -1.889623451232 -0.27 130.56 0.00 307 237 1
288366 52.486362457275 -1.889623451232 1.92 137.60 0.00 307 241 1
288405 52.486362457275 -1.889623451232 0.22 140.06 0.00 307 241 1
288543 52.486362457275 -1.889623451232 1.50 150.62 0.00 309 248 1
288587 52.486362457275 -1.889623451232 -0.10 154.13 0.00 309 248 1
288726 52.486362457275 -1.889623451232 0.18 163.64 0.00 307 260 1
288769 52.486362457275 -1.889623451232 -1.12 166.10 0.00 307 260 1
288909 52.486362457275 -1.889623451232 -0.83 170.67 0.00 307 268 1
288951 52.486362457275 -1.889623451232 -2.83 171.03 0.00 307 268 1
289094 52.486362457275 -1.889623451232 -1.25 171.03 0.00 305 272 1
289133 52.486362457275 -1.889623451232 -2.35 171.03 0.00 305 272 1
289272 52.486362457275 -1.889623451232 1.63 169.97 0.00 305 272 1
289314 52.486362457275 -1.889623451232 1.33 168.91 0.00 305 272 1
289453 52.486362457275 -1.889623451232 1.83 164.69 0.00 311 270 1
289496 52.486362457275 -1.889623451232 2.23 163.28 0.00 311 270 1
289634 52.486362457275 -1.889623451232 2.83 162.58 0.00 313 266 1
289678 52.486362457275 -1.889623451232 2.93 162.93 0.00 313 266 1
289816 52.486362457275 -1.889623451232 1.73 167.16 0.00 313 265 1
289860 52.486362457275 -1.889623451232 1.03 169.62 0.00 313 265 1
290000 52.486381530761 -1.889625072479 -2.57 179.12 0.00 309 271 1
290041 52.486381530761 -1.889625072479 2.12 -177.71 0.00 309 271 1
290182 52.486381530761 -1.889625072479 -2.78 -167.16 0.00 313 276 1
290224 52.486381530761 -1.889625072479 1.60 -165.04 0.00 313 276 1
290363 52.486381530761 -1.889625072479 -3.00 -160.82 0.00 313 267 1
290405 52.486381530761 -1.889625072479 1.58 -160.12 0.00 313 267 1
290543 52.486381530761 -1.889625072479 -2.42 -151.67 0.00 313 264 1
290586 52.486381530761 -1.889625072479 2.77 -147.10 0.00 313 264 1
290724 52.486381530761 -1.889625072479 -0.93 -122.46 0.00 315 254 1
290768 52.486381530761 -1.889625072479 -1.93 -113.31 0.00 315 254 1
290908 52.486381530761 -1.889625072479 1.65 -85.87 0.00 307 227 1
290951 52.486381530761 -1.889625072479 1.25 -80.59 0.00 307 227 1
291090 52.486381530761 -1.889625072479 0.05 -73.20 0.00 311 202 1
291132 52.486381530761 -1.889625072479 -0.75 -74.25 0.00 311 202 1
291271 52.486381530761 -1.889625072479 2.03 -81.29 0.00 309 197 1
291313 52.486381530761 -1.889625072479 0.63 -83.40 0.00 309 197 1
291451 52.486381530761 -1.889625072479 1.22 -88.33 0.00 311 204 1
291494 52.486381530761 -1.889625072479 -0.58 -88.33 0.00 311 204 1
291633 52.486381530761 -1.889625072479 -0.60 -91.85 0.00 309 208 1
291677 52.486381530761 -1.889625072479 -2.50 -93.26 0.00 309 208 1
291818 52.486381530761 -1.889625072479 -2.72 -94.31 0.00 305 212 1
291860 52.486381530761 -1.889625072479 1.77 -94.31 0.00 305 212 1
291999 52.486381530761 -1.889625072479 1.85 -94.31 0.00 313 213 1
292040 52.486381530761 -1.889625072479 0.15 -94.31 0.00 313 213 1
292185 52.486381530761 -1.889625072479 1.33 -95.01 0.00 311 213 1
292222 52.486381530761 -1.889625072479 0.73 -95.72 0.00 311 213 1
292361 52.486381530761 -1.889625072479 -1.07 -98.53 0.00 311 214 1
292404 52.486381530761 -1.889625072479 -1.47 -98.18 0.00 311 214 1
292544 52.486381530761 -1.889625072479 -1.17 -97.83 0.00 307 216 1
292585 52.486381530761 -1.889625072479 -0.67 -97.83 0.00 307 216 1
292723 52.486381530761 -1.889625072479 0.93 -97.48 0.00 309 215 1
292767 52.486381530761 -1.889625072479 1.63 -97.48 0.00 309 215 1
292907 52.486381530761 -1.889625072479 -2.65 -97.48 0.00 313 215 1
292950 52.486381530761 -1.889625072479 -2.05 -97.48 0.00 313 215 1
293089 52.486381530761 -1.889625072479 -0.55 -97.48 0.00 307 215 1
293131 52.486381530761 -1.889625072479 -0.15 -97.48 0.00 307 215 1
293270 52.486381530761 -1.889625072479 1.25 -97.48 0.00 309 215 1
293312 52.486381530761 -1.889625072479 1.65 -97.48 0.00 309 215 1
293451 52.486381530761 -1.889625072479 -3.13 -97.48 0.00 313 215 1
293494 52.486381530761 -1.889625072479 -2.43 -97.48 0.00 313 215 1
293633 52.486381530761 -1.889625072479 -0.73 -97.48 0.00 305 215 1
293676 52.486381530761 -1.889625072479 -0.23 -98.18 0.00 305 215 1
293814 52.486381530761 -1.889625072479 1.87 -102.76 0.00 309 216 1
293859 52.486381530761 -1.889625072479 2.57 -104.52 0.00 309 216 1
293998 52.486381530761 -1.889625072479 -1.22 -108.04 0.00 315 221 1
294040 52.486381530761 -1.889625072479 -0.52 -107.68 0.00 315 221 1
294179 52.486381530761 -1.889625072479 0.68 -103.81 0.00 309 223 1
294221 52.486381530761 -1.889625072479 0.78 -102.76 0.00 309 223 1
294361 52.486381530761 -1.889625072479 0.38 -102.05 0.00 311 220 1
294403 52.486381530761 -1.889625072479 0.48 -102.40 0.00 311 220 1
294544 52.486381530761 -1.889625072479 1.98 -104.52 0.00 311 220 1
294585 52.486381530761 -1.889625072479 2.38 -105.57 0.00 311 220 1
294723 52.486381530761 -1.889625072479 2.58 -110.50 0.00 313 222 1
294766 52.486381530761 -1.889625072479 2.48 -111.91 0.00 313 222 1
294906 52.486381530761 -1.889625072479 1.08 -113.31 0.00 315 226 1
294948 52.486381530761 -1.889625072479 0.78 -113.31 0.00 315 226 1
295088 52.486381530761 -1.889625072479 0.18 -112.26 0.00 311 227 1
295131 52.486381530761 -1.889625072479 -0.42 -110.50 0.00 311 227 1
295273 52.486381530761 -1.889625072479 -2.82 -101.70 0.00 309 225 1
295312 52.486381530761 -1.889625072479 2.97 -99.24 0.00 309 225 1
295450 52.486381530761 -1.889625072479 1.77 -96.77 0.00 315 216 1
295493 52.486381530761 -1.889625072479 1.37 -96.42 0.00 315 216 1
295631 52.486381530761 -1.889625072479 0.07 -97.13 0.00 313 214 1
295674 52.486381530761 -1.889625072479 -0.13 -97.48 0.00 313 214 1
295814 52.486381530761 -1.889625072479 -1.23 -99.24 0.00 309 215 1
295858 52.486381530761 -1.889625072479 -1.13 -100.65 0.00 309 215 1
295997 52.486381530761 -1.889625072479 -0.23 -105.57 0.00 307 217 1
296039 52.486381530761 -1.889625072479 0.07 -106.98 0.00 307 217 1
296178 52.486381530761 -1.889625072479 0.77 -109.44 0.00 309 222 1
296221 52.486381530761 -1.889625072479 0.47 -109.44 0.00 309 222 1
296360 52.486381530761 -1.889625072479 1.97 -110.15 0.00 311 224 1
296402 52.486381530761 -1.889625072479 2.67 -110.50 0.00 311 224 1
296541 52.486381530761 -1.889625072479 -1.02 -110.15 0.00 315 225 1
296584 52.486381530761 -1.889625072479 0.28 -111.20 0.00 315 225 1
296722 52.486381530761 -1.889625072479 -2.40 -114.02 0.00 311 226 1
296765 52.486381530761 -1.889625072479 -1.10 -114.72 0.00 311 226 1
296905 52.486381530761 -1.889625072479 2.00 -117.54 0.00 307 228 1
296947 52.486381530761 -1.889625072479 2.70 -119.65 0.00 307 228 1
297086 52.486381530761 -1.889625072479 -2.48 -129.85 0.00 315 232 1
297129 52.486381530761 -1.889625072479 -2.58 -133.02 0.00 315 232 1
297272 52.486381530761 -1.889625072479 1.70 -139.71 0.00 305 243 1
297311 52.486381530761 -1.889625072479 0.90 -140.41 0.00 305 243 1
297449 52.486381530761 -1.889625072479 -2.00 -138.65 0.00 311 248 1
297492 52.486381530761 -1.889625072479 -3.10 -137.24 0.00 311 248 1
297630 52.486381530761 -1.889625072479 0.68 -131.26 0.00 305 246 1
297674 52.486381530761 -1.889625072479 0.08 -126.33 0.00 305 246 1
297812 52.486381530761 -1.889625072479 -0.82 -108.04 0.00 309 237 1
297857 52.486381530761 -1.889625072479 -1.02 -103.46 0.00 309 237 1
297999 52.486381530761 -1.889625072479 -1.42 -98.18 0.00 307 220 1
298038 52.486381530761 -1.889625072479 -1.52 -98.18 0.00 307 220 1
298177 52.486381530761 -1.889625072479 -1.92 -101.00 0.00 307 216 1
298220 52.486381530761 -1.889625072479 -1.92 -102.40 0.00 307 216 1
298358 52.486381530761 -1.889625072479 -1.52 -105.92 0.00 307 220 1
298401 52.486381530761 -1.889625072479 -1.32 -107.33 0.00 307 220 1
298540 52.486381530761 -1.889625072479 -0.42 -110.15 0.00 307 223 1
298583 52.486381530761 -1.889625072479 -0.12 -110.50 0.00 307 223 1
298721 52.486381530761 -1.889625072479 1.58 -110.15 0.00 309 225 1
298765 52.486381530761 -1.889625072479 2.58 -109.79 0.00 309 225 1
298904 52.486381530761 -1.889625072479 -0.70 -111.20 0.00 315 224 1
298947 52.486381530761 -1.889625072479 1.10 -112.26 0.00 315 224 1
299086 52.486381530761 -1.889625072479 0.62 -118.94 0.00 311 226 1
299128 52.486381530761 -1.889625072479 -3.07 -122.11 0.00 311 226 1
299269 52.486381530761 -1.889625072479 -2.75 -129.85 0.00 305 234 1
299310 52.486381530761 -1.889625072479 -0.35 -130.91 0.00 305 234 1
299448 52.486381530761 -1.889625072479 -0.93 -135.84 0.00 309 241 1
299492 52.486381530761 -1.889625072479 0.07 -137.60 0.00 309 241 1
299630 52.486381530761 -1.889625072479 -2.22 -139.00 0.00 309 246 1
299673 52.486381530761 -1.889625072479 -1.32 -139.35 0.00 309 246 1
299811 52.486381530761 -1.889625072479 0.98 -138.65 0.00 307 247 1
299856 52.486381530761 -1.889625072479 1.28 -138.65 0.00 307 247 1
299999 52.486381530761 -1.889625072479 2.68 -139.35 0.00 313 246 1
300038 52.486381530761 -1.889625072479 -2.70 -139.71 0.00 313 246 1
300177 52.486381530761 -1.889625072479 1.80 -140.41 0.00 305 247 1
300219 52.486381530761 -1.889625072479 -3.08 -141.11 0.00 305 247 1
300359 52.486381530761 -1.889625072479 1.52 -145.34 0.00 305 250 1
300400 52.486381530761 -1.889625072479 2.62 -148.15 0.00 305 250 1
300538 52.486381530761 -1.889625072479 0.83 -168.21 0.00 315 254 1
300582 52.486381530761 -1.889625072479 2.53 -177.01 0.00 315 254 1
300723 52.486381530761 -1.889625072479 -2.53 150.26 0.00 315 276 1
300764 52.486381530761 -1.889625072479 -0.33 142.17 0.00 315 276 1
300904 52.486381530761 -1.889625072479 0.68 130.91 0.00 309 250 1
300946 52.486381530761 -1.889625072479 -3.10 131.96 0.00 309 250 1
301085 52.486381530761 -1.889625072479 2.90 144.63 0.00 305 242 1
301128 52.486381530761 -1.889625072479 -1.48 149.21 0.00 305 242 1
301267 52.486381530761 -1.889625072479 -2.07 160.12 0.00 307 255 1
301308 52.486381530761 -1.889625072479 -0.57 161.17 0.00 307 255 1
301449 52.486381530761 -1.889625072479 -2.15 156.95 0.00 309 264 1
301491 52.486381530761 -1.889625072479 -1.15 153.78 0.00 309 264 1
301629 52.486381530761 -1.889625072479 1.05 146.04 0.00 307 258 1
301672 52.486381530761 -1.889625072479 1.85 144.63 0.00 307 258 1
301811 52.486381530761 -1.889625072479 -1.53 140.41 0.00 313 252 1
301855 52.486381530761 -1.889625072479 -0.33 138.65 0.00 313 252 1
301996 52.486381530761 -1.889625072479 -1.62 133.72 0.00 309 246 1
302036 52.486381530761 -1.889625072479 -0.12 132.67 0.00 309 246 1
302176 52.486381530761 -1.889625072479 -0.80 132.67 0.00 309 242 1
302219 52.486381530761 -1.889625072479 0.90 132.32 0.00 309 242 1
302358 52.486381530761 -1.889625072479 0.72 130.56 0.00 311 242 1
302399 52.486381530761 -1.889625072479 2.52 128.80 0.00 311 242 1
302537 52.486381530761 -1.889625072479 -2.95 116.83 0.00 315 240 1
302581 52.486381530761 -1.889625072479 -0.25 111.91 0.00 315 240 1
302723 52.486381530761 -1.889625072479 1.87 96.77 0.00 309 226 1
302763 52.486381530761 -1.889625072479 -1.91 93.96 0.00 309 226 1
302903 52.486381530761 -1.889625072479 0.10 90.79 0.00 307 212 1
302945 52.486381530761 -1.889625072479 2.10 91.14 0.00 307 212 1
303084 52.486381530761 -1.889625072479 -0.68 91.14 0.00 313 211 1
303127 52.486381530761 -1.889625072479 0.12 91.14 0.00 313 211 1
303266 52.486381530761 -1.889625072479 2.02 90.79 0.00 309 211 1
303308 52.486381530761 -1.889625072479 2.32 90.44 0.00 309 211 1
303449 52.486381530761 -1.889625072479 -2.66 88.33 0.00 313 210 1
303490 52.486381530761 -1.889625072479 -1.96 87.62 0.00 313 210 1
303628 52.486381530761 -1.889625072479 -0.96 86.92 0.00 307 207 1
303672 52.486381530761 -1.889625072479 -0.96 86.92 0.00 307 207 1
303810 52.486381530761 -1.889625072479 -2.26 86.92 0.00 309 206 1
303854 52.486381530761 -1.889625072479 -2.86 86.92 0.00 309 206 1
303994 52.486381530761 -1.889625072479 1.02 86.92 0.00 305 206 1
304178 52.486381530761 -1.889625072479 -2.98 88.68 0.00 305 206 0
304380 52.486381530761 -1.889625072479 -1.40 93.26 0.00 305 206 0
304561 52.486381530761 -1.889625072479 0.49 101.00 0.00 305 206 0
304742 52.486381530761 -1.889625072479 1.07 107.33 0.00 305 206 0
304925 52.486381530761 -1.889625072479 3.05 107.68 0.00 305 206 0
305106 52.486381530761 -1.889625072479 -0.05 110.50 0.00 305 206 0
305289 52.486381530761 -1.889625072479 -3.05 119.65 0.00 305 206 0
305469 52.486381530761 -1.889625072479 1.44 129.50 0.00 305 206 0
305651 52.486381530761 -1.889625072479 0.84 130.56 0.00 305 206 0
305832 52.486381530761 -1.889625072479 0.84 129.15 0.00 305 206 0
306016 52.486381530761 -1.889625072479 1.34 125.63 0.00 305 206 0
306197 52.486381530761 -1.889625072479 2.94 125.28 0.00 305 206 0
306379 52.486381530761 -1.889625072479 -1.55 122.82 0.00 305 206 0
306560 52.486381530761 -1.889625072479 -0.15 120.00 0.00 305 206 0
306742 52.486381530761 -1.889625072479 0.35 120.35 0.00 305 206 0
306925 52.486381530761 -1.889625072479 0.15 117.18 0.00 305 206 0
307126 52.486381530761 -1.889625072479 -0.45 110.50 0.00 305 206 0
307307 52.486381530761 -1.889625072479 -1.45 110.15 0.00 305 206 0
307488 52.486381530761 -1.889625072479 -2.55 110.50 0.00 305 206 0
307671 52.486381530761 -1.889625072479 2.74 112.61 0.00 305 206 0
307853 52.486381530761 -1.889625072479 2.44 115.78 0.00 305 206 0
308035 52.486381530761 -1.889625072479 2.94 116.48 0.00 305 206 0
308216 52.486381530761 -1.889625072479 -2.65 117.18 0.00 305 206 0
308398 52.486381530761 -1.889625072479 -1.65 117.54 0.00 305 206 0
308579 52.486381530761 -1.889625072479 -0.45 117.18 0.00 305 206 0
308761 52.486381530761 -1.889625072479 0.65 110.85 0.00 305 206 0
308944 52.486381530761 -1.889625072479 1.55 104.52 0.00 305 206 0
309125 52.486381530761 -1.889625072479 2.35 104.16 0.00 305 206 0
309307 52.486381530761 -1.889625072479 2.75 104.87 0.00 305 206 0
309346 52.486381530761 -1.889625072479 2.85 104.87 0.00 305 206 1
309485 52.486381530761 -1.889625072479 2.85 106.28 0.00 315 221 1
309528 52.486381530761 -1.889625072479 2.95 105.92 0.00 315 221 1
309666 52.486381530761 -1.889625072479 -1.63 106.28 0.00 315 222 1
309709 52.486381530761 -1.889625072479 -0.73 106.28 0.00 315 222 1
309849 52.486381530761 -1.889625072479 2.07 106.63 0.00 309 222 1
309893 52.486381530761 -1.889625072479 2.87 106.28 0.00 309 222 1
310032 52.486381530761 -1.889625072479 -0.11 104.87 0.00 315 222 1
310074 52.486381530761 -1.889625072479 1.19 103.81 0.00 315 222 1
310213 52.486381530761 -1.889625072479 -1.90 98.89 0.00 311 220 1
310255 52.486381530761 -1.889625072479 -1.30 97.13 0.00 311 220 1
310393 52.486381530761 -1.889625072479 0.00 91.14 0.00 307 215 1
310436 52.486381530761 -1.889625072479 0.20 88.68 0.00 307 215 1
310575 52.486381530761 -1.889625072479 1.10 81.29 0.00 311 208 1
310618 52.486381530761 -1.889625072479 1.50 79.18 0.00 311 208 1
310756 52.486381530761 -1.889625072479 2.70 77.42 0.00 313 202 1
310800 52.486381530761 -1.889625072479 -3.08 77.42 0.00 313 202 1
310940 52.486381530761 -1.889625072479 -1.28 78.48 0.00 305 200 1
310982 52.486381530761 -1.889625072479 -0.88 78.48 0.00 305 200 1
311121 52.486381530761 -1.889625072479 0.82 79.88 0.00 309 201 1
311163 52.486381530761 -1.889625072479 1.02 80.59 0.00 309 201 1
311304 52.486381530761 -1.889625072479 0.72 84.46 0.00 311 202 1
311345 52.486381530761 -1.889625072479 0.42 86.57 0.00 311 202 1
311483 52.486381530761 -1.889625072479 -0.48 92.90 0.00 311 206 1
311527 52.486381530761 -1.889625072479 -0.78 93.61 0.00 311 206 1
311667 52.486381530761 -1.889625072479 -2.78 93.26 0.00 309 212 1
311708 52.486381530761 -1.889625072479 2.50 93.26 0.00 309 212 1
311847 52.486381530761 -1.889625072479 -1.40 93.61 0.00 315 212 1
311891 52.486381530761 -1.889625072479 -2.90 94.66 0.00 315 212 1
312031 52.486381530761 -1.889625072479 -0.61 96.42 0.00 305 213 1
312073 52.486381530761 -1.889625072479 -1.91 97.48 0.00 305 213 1
312212 52.486381530761 -1.889625072479 0.57 98.18 0.00 307 215 1
312254 52.486381530761 -1.889625072479 -0.33 97.83 0.00 307 215 1
312395 52.486381530761 -1.889625072479 -2.03 98.18 0.00 309 215 1
312435 52.486381530761 -1.889625072479 -2.53 98.18 0.00 309 215 1
312573 52.486381530761 -1.889625072479 -0.35 99.59 0.00 305 216 1
312617 52.486381530761 -1.889625072479 -2.55 100.29 0.00 305 216 1
312756 52.486381530761 -1.889625072479 -1.96 104.87 0.00 305 217 1
312799 52.486381530761 -1.889625072479 -3.06 105.92 0.00 305 217 1
312939 52.486381530761 -1.889625072479 0.02 112.96 0.00 305 222 1
312981 52.486381530761 -1.889625072479 -1.18 115.78 0.00 305 222 1
313123 52.486381530761 -1.889625072479 1.90 126.33 0.00 307 230 1
313163 52.486381530761 -1.889625072479 1.10 129.15 0.00 307 230 1
313303 52.486381530761 -1.889625072479 -1.10 135.84 0.00 311 240 1
313345 52.486381530761 -1.889625072479 -1.70 135.84 0.00 311 240 1
313483 52.486381530761 -1.889625072479 -2.80 135.84 0.00 307 244 1
313526 52.486381530761 -1.889625072479 -3.10 135.13 0.00 307 244 1
313664 52.486381530761 -1.889625072479 -3.10 133.02 0.00 305 244 1
313708 52.486381530761 -1.889625072479 -2.40 131.61 0.00 305 244 1
313846 52.486381530761 -1.889625072479 0.00 130.56 0.00 305 242 1
313890 52.486381530761 -1.889625072479 0.80 130.91 0.00 305 242 1
314031 52.486381530761 -1.889625072479 2.90 130.56 0.00 311 241 1
314072 52.486381530761 -1.889625072479 -2.98 131.26 0.00 311 241 1
314211 52.486381530761 -1.889625072479 -2.68 130.91 0.00 305 242 1
314254 52.486381530761 -1.889625072479 -2.58 130.21 0.00 305 242 1
314392 52.486381530761 -1.889625072479 -2.58 126.69 0.00 305 241 1
314435 52.486381530761 -1.889625072479 -2.48 127.74 0.00 305 241 1
314573 52.486381530761 -1.889625072479 -2.58 129.50 0.00 305 238 1
314616 52.486381530761 -1.889625072479 -2.58 129.85 0.00 305 238 1
314756 52.486381530761 -1.889625072479 -2.58 131.61 0.00 305 240 1
314799 52.486381530761 -1.889625072479 -2.58 131.96 0.00 305 240 1
314938 52.486381530761 -1.889625072479 -2.58 135.84 0.00 305 242 1
314981 52.486381530761 -1.889625072479 -2.58 135.84 0.00 305 242 1
315123 52.486381530761 -1.889625072479 -2.58 135.48 0.00 305 244 1
315162 52.486381530761 -1.889625072479 -2.58 135.48 0.00 305 244 1
315302 52.486381530761 -1.889625072479 -2.58 135.48 0.00 305 244 1
315343 52.486381530761 -1.889625072479 -2.58 135.48 0.00 305 244 1
315482 52.486381530761 -1.889625072479 -2.58 136.19 0.00 305 244 1
315526 52.486381530761 -1.889625072479 -2.58 136.19 0.00 305 244 1
315664 52.486381530761 -1.889625072479 -2.58 136.54 0.00 305 245 1
315707 52.486381530761 -1.889625072479 -2.68 136.89 0.00 305 245 1
315849 52.486381530761 -1.889625072479 -3.08 136.89 0.00 305 245 1
315889 52.486412048339 -1.889848232269 -3.08 136.54 0.00 305 245 1
316028 52.486412048339 -1.889848232269 3.00 136.89 0.00 313 245 1
316071 52.486412048339 -1.889848232269 2.90 136.89 0.00 313 245 1
316211 52.486412048339 -1.889848232269 2.60 136.89 0.00 323 245 1
316253 52.486412048339 -1.889848232269 2.60 136.89 0.00 323 245 1
316391 52.486412048339 -1.889848232269 2.30 136.54 0.00 321 245 1
316434 52.486412048339 -1.889848232269 2.50 136.54 0.00 321 245 1
316572 52.486412048339 -1.889848232269 2.10 135.84 0.00 321 245 1
316615 52.486412048339 -1.889848232269 2.20 136.54 0.00 321 245 1
316753 52.486412048339 -1.889848232269 1.70 137.60 0.00 321 245 1
316797 52.486412048339 -1.889848232269 1.70 137.60 0.00 321 245 1
316937 52.486412048339 -1.889848232269 1.70 136.89 0.00 321 246 1
316980 52.486412048339 -1.889848232269 1.70 137.24 0.00 321 246 1
317119 52.486412048339 -1.889848232269 1.70 137.60 0.00 321 246 1
317161 52.486412048339 -1.889848232269 1.70 136.89 0.00 321 246 1
317301 52.486412048339 -1.889848232269 1.70 133.72 0.00 321 245 1
317342 52.486412048339 -1.889848232269 1.70 132.32 0.00 321 245 1
317481 52.486412048339 -1.889848232269 1.70 130.21 0.00 321 242 1
317524 52.486412048339 -1.889848232269 1.70 129.50 0.00 321 242 1
317663 52.486412048339 -1.889848232269 1.70 126.69 0.00 321 240 1
317706 52.486412048339 -1.889848232269 1.60 125.63 0.00 321 240 1
317845 52.486412048339 -1.889848232269 2.30 124.22 0.00 321 236 1
317889 52.486412048339 -1.889848232269 2.30 126.33 0.00 321 236 1
318028 52.486400604248 -1.889851570129 2.30 124.22 0.00 321 237 1
318070 52.486400604248 -1.889851570129 2.30 123.87 0.00 321 237 1
318210 52.486400604248 -1.889851570129 2.30 123.52 0.00 321 235 1
318252 52.486400604248 -1.889851570129 2.30 123.52 0.00 321 235 1
318391 52.486400604248 -1.889851570129 2.30 123.52 0.00 321 235 1
318433 52.486400604248 -1.889851570129 2.30 123.52 0.00 321 235 1
318574 52.486400604248 -1.889851570129 2.30 124.93 0.00 321 235 1
318615 52.486400604248 -1.889851570129 2.30 124.93 0.00 321 235 1
318753 52.486400604248 -1.889851570129 2.30 124.93 0.00 321 236 1
318796 52.486400604248 -1.889851570129 2.30 125.28 0.00 321 236 1
318937 52.486400604248 -1.889851570129 2.30 125.28 0.00 321 236 1
318979 52.486400604248 -1.889851570129 2.30 125.63 0.00 321 236 1
319118 52.486400604248 -1.889851570129 2.30 126.33 0.00 321 236 1
319161 52.486400604248 -1.889851570129 2.30 126.69 0.00 321 236 1
319303 52.486400604248 -1.889851570129 2.30 127.04 0.00 321 237 1
319342 52.486400604248 -1.889851570129 2.30 127.04 0.00 321 237 1
319480 52.486400604248 -1.889851570129 2.30 127.04 0.00 321 238 1
319523 52.486400604248 -1.889851570129 2.30 127.04 0.00 321 238 1
319662 52.486400604248 -1.889851570129 2.30 127.04 0.00 321 238 1
319706 52.486400604248 -1.889851570129 2.30 127.04 0.00 321 238 1
319844 52.486400604248 -1.889851570129 2.30 126.69 0.00 321 238 1
319888 52.486400604248 -1.889851570129 2.30 126.69 0.00 321 238 1
320030 52.486400604248 -1.889851570129 2.30 126.69 0.00 321 237 1
320069 52.486400604248 -1.889851570129 2.30 126.69 0.00 321 237 1
320208 52.486400604248 -1.889851570129 2.30 125.98 0.00 321 237 1
320251 52.486400604248 -1.889851570129 2.30 125.63 0.00 321 237 1
320390 52.486400604248 -1.889851570129 2.30 123.87 0.00 321 236 1
320433 52.486400604248 -1.889851570129 2.30 123.52 0.00 321 236 1
320571 52.486400604248 -1.889851570129 2.30 122.82 0.00 321 235 1
320614 52.486400604248 -1.889851570129 2.30 122.82 0.00 321 235 1
320752 52.486400604248 -1.889851570129 2.30 122.82 0.00 321 234 1
320796 52.486400604248 -1.889851570129 2.30 122.82 0.00 321 234 1
320935 52.486400604248 -1.889851570129 2.30 122.82 0.00 321 234 1
320978 52.486400604248 -1.889851570129 2.30 122.82 0.00 321 234 1
321118 52.486400604248 -1.889851570129 2.30 122.82 0.00 321 234 1
321160 52.486400604248 -1.889851570129 2.30 122.11 0.00 321 234 1
321299 52.486400604248 -1.889851570129 2.30 121.76 0.00 321 234 1
321341 52.486400604248 -1.889851570129 2.30 121.76 0.00 321 234 1
321479 52.486400604248 -1.889851570129 2.30 121.76 0.00 321 234 1
321522 52.486400604248 -1.889851570129 2.30 121.76 0.00 321 234 1
321660 52.486400604248 -1.889851570129 3.00 121.76 0.00 321 234 1
321704 52.486400604248 -1.889851570129 -2.88 121.76 0.00 321 234 1
321844 52.486400604248 -1.889851570129 -1.88 122.11 0.00 313 234 1
321887 52.486400604248 -1.889851570129 -1.58 122.46 0.00 313 234 1
322037 52.486400604248 -1.889851570129 -0.78 122.82 0.00 315 234 1
322088 52.486400604248 -1.889851570129 -0.58 123.52 0.00 315 234 1
322228 52.486400604248 -1.889851570129 -0.78 124.93 0.00 317 235 1
322270 52.486400604248 -1.889851570129 -0.78 125.28 0.00 317 235 1
322408 52.486400604248 -1.889851570129 -0.78 126.69 0.00 317 236 1
322452 52.486400604248 -1.889851570129 -0.78 126.69 0.00 317 236 1
322590 52.486400604248 -1.889851570129 -0.78 125.98 0.00 317 237 1
322633 52.486400604248 -1.889851570129 -0.78 124.93 0.00 317 237 1
322775 52.486400604248 -1.889851570129 -0.78 121.76 0.00 317 236 1
322814 52.486400604248 -1.889851570129 -0.78 120.70 0.00 317 236 1
322955 52.486400604248 -1.889851570129 -0.78 118.94 0.00 317 233 1
322998 52.486400604248 -1.889851570129 -0.78 118.94 0.00 317 233 1
