5900 52.484569549560 -1.889840030670 94.60 0.00 17.77 1.34 392 287 1 -1
5999 52.484569549560 -1.889840030670 94.60 0.00 23.05 1.34 392 287 1 0
6180 52.484569549560 -1.889840030670 94.60 0.00 37.83 1.34 347 343 1 0
6363 52.484569549560 -1.889840030670 94.60 0.00 53.31 1.34 347 348 1 0
6544 52.484569549560 -1.889840030670 94.60 0.00 60.35 1.34 347 348 1 0
6726 52.484569549560 -1.889840030670 94.50 0.00 59.65 1.34 347 348 1 0
6907 52.484569549560 -1.889840030670 94.50 0.00 59.65 1.34 347 348 1 0
7090 52.484569549560 -1.889840030670 94.50 0.00 58.59 1.34 347 348 1 0
7271 52.484569549560 -1.889840030670 94.50 0.00 62.46 0.45 347 348 1 0
7453 52.484569549560 -1.889840030670 94.50 0.00 73.02 0.45 347 347 1 0
7634 52.484569549560 -1.889840030670 94.50 0.00 81.82 0.45 347 344 1 0
7817 52.484569549560 -1.889840030670 94.50 0.00 82.87 0.45 347 338 1 0
7998 52.484569549560 -1.889840030670 94.50 0.00 82.52 0.45 347 338 1 0
8180 52.484569549560 -1.889840030670 94.40 0.00 82.17 0.45 347 338 1 0
8361 52.484569549560 -1.889840030670 94.40 0.00 81.82 0.45 347 338 1 0
8544 52.484569549560 -1.889840030670 94.40 0.00 78.30 0.45 347 338 1 0
8725 52.484569549560 -1.889840030670 94.30 0.00 75.84 0.45 347 341 1 0
8907 52.484569549560 -1.889840030670 94.40 0.00 71.96 0.45 347 343 1 0
9089 52.484569549560 -1.889840030670 94.40 0.00 69.15 0.45 347 344 1 0
9270 52.484569549560 -1.889840030670 94.60 0.00 65.98 0.45 347 345 1 0
9452 52.484569549560 -1.889840030670 94.50 0.00 57.18 1.34 347 345 1 0
9633 52.484569549560 -1.889840030670 94.50 0.00 54.37 1.34 347 348 1 0
9816 52.484569549560 -1.889840030670 94.50 0.00 55.07 1.34 347 348 1 0
9998 52.484569549560 -1.889840030670 94.40 0.00 56.83 1.34 347 348 1 0
10179 52.484569549560 -1.889840030670 94.40 0.00 60.70 1.34 347 348 1 0
10360 52.484569549560 -1.889840030670 94.30 0.00 65.28 1.34 347 348 1 0
10543 52.484569549560 -1.889840030670 94.30 0.00 66.69 1.34 347 347 1 0
10724 52.484569549560 -1.889840030670 94.50 0.00 66.33 1.34 347 345 1 0
10906 52.484569549560 -1.889840030670 94.50 0.00 66.69 1.34 347 345 1 0
11108 52.484569549560 -1.889840030670 94.50 0.00 66.69 1.34 347 345 1 0
11290 52.484569549560 -1.889840030670 94.40 0.00 66.69 1.34 347 345 1 0
11471 52.484569549560 -1.889840030670 94.40 0.00 66.33 1.34 347 345 1 0
11654 52.484569549560 -1.889840030670 94.40 0.00 66.33 1.34 347 345 1 0
11835 52.484569549560 -1.889840030670 94.40 0.00 66.33 0.89 347 345 1 0
12017 52.484569549560 -1.889840030670 94.30 0.00 65.98 0.89 347 345 1 0
12198 52.484569549560 -1.889840030670 94.40 0.00 65.63 0.89 347 347 1 0
12381 52.484569549560 -1.889840030670 94.40 0.00 63.52 0.89 347 347 1 0
12562 52.484569549560 -1.889840030670 94.40 0.00 62.11 0.89 347 347 1 0
12744 52.484569549560 -1.889840030670 94.40 0.00 61.41 0.89 347 347 1 0
12925 52.484569549560 -1.889840030670 94.40 0.00 60.00 0.89 347 347 1 0
13208 52.484569549560 -1.889840030670 94.40 0.00 58.94 0.89 292 229 0 0
13390 52.484569549560 -1.889840030670 94.40 0.00 58.59 0.89 292 229 0 9
13572 52.484569549560 -1.889840030670 94.40 0.00 58.24 0.89 289 227 0 9
13754 52.484569549560 -1.889840030670 94.40 0.00 58.24 0.89 286 227 0 9
13935 52.484569549560 -1.889840030670 94.40 0.00 57.89 0.89 289 227 0 9
14117 52.484569549560 -1.889840030670 94.40 0.00 57.54 0.89 292 229 0 9
14299 52.484569549560 -1.889840030670 94.40 0.00 57.54 0.89 292 229 0 9
14481 52.484569549560 -1.889840030670 94.40 0.00 57.18 0.89 286 227 0 9
14662 52.484569549560 -1.889840030670 94.40 0.00 57.18 0.89 289 226 0 9
14844 52.484569549560 -1.889840030670 94.40 0.00 57.18 0.89 287 227 0 9
15026 52.484569549560 -1.889840030670 94.40 0.00 57.18 0.89 289 226 0 9
15208 52.484569549560 -1.889840030670 94.40 0.00 57.18 0.89 289 229 0 9
15389 52.484569549560 -1.889840030670 94.40 0.00 57.18 0.89 295 228 0 9
15570 52.484569549560 -1.889840030670 94.40 0.00 57.18 0.89 286 227 0 9
15753 52.484569549560 -1.889840030670 94.40 0.00 57.18 0.89 382 227 0 9
15935 52.484569549560 -1.889840030670 94.30 0.00 57.18 0.89 286 227 0 9
16116 52.484569549560 -1.889840030670 94.30 0.00 57.54 0.89 292 229 0 9
16299 52.484569549560 -1.889840030670 94.30 0.00 57.54 1.34 289 229 0 9
16480 52.484569549560 -1.889840030670 94.30 0.00 57.54 1.34 289 227 0 9
16662 52.484569549560 -1.889840030670 94.30 0.00 57.54 1.34 286 227 0 9
16843 52.484569549560 -1.889840030670 94.30 0.00 57.18 1.34 289 227 0 9
17026 52.484569549560 -1.889840030670 94.30 0.00 56.83 1.34 286 227 0 9
17207 52.484569549560 -1.889840030670 94.30 0.00 57.54 1.34 292 229 0 9
17389 52.484569549560 -1.889840030670 94.30 0.00 60.00 1.34 292 229 0 9
17570 52.484569549560 -1.889840030670 94.40 0.00 63.17 1.34 289 227 0 9
17753 52.484569549560 -1.889840030670 94.50 0.00 64.22 1.34 286 227 0 9
17934 52.484569549560 -1.889840030670 94.50 0.00 64.22 1.34 289 227 0 9
18116 52.484569549560 -1.889840030670 94.50 0.00 65.28 1.34 289 229 0 9
18297 52.484569549560 -1.889840030670 94.40 0.00 66.33 1.34 294 229 0 9
18480 52.484569549560 -1.889840030670 94.40 0.00 66.33 1.34 287 227 0 9
18661 52.484569549560 -1.889840030670 94.40 0.00 66.33 1.34 289 227 0 9
18843 52.484569549560 -1.889840030670 94.40 0.00 66.69 1.34 287 227 0 9
19024 52.484569549560 -1.889840030670 94.50 0.00 65.98 1.34 289 227 0 9
19207 52.484569549560 -1.889840030670 94.40 0.00 65.28 1.34 292 229 0 9
19388 52.484569549560 -1.889840030670 94.40 0.00 64.93 1.34 292 228 0 9
19570 52.484569549560 -1.889840030670 94.40 0.00 63.87 1.34 286 227 0 9
19751 52.484569549560 -1.889840030670 94.40 0.00 63.52 1.34 289 227 0 9
19934 52.484569549560 -1.889840030670 94.40 0.00 63.52 1.34 286 227 0 9
20115 52.484569549560 -1.889840030670 94.40 0.00 63.52 1.34 295 229 0 9
20296 52.484569549560 -1.889840030670 94.40 0.00 63.52 1.34 346 229 0 9
20478 52.484569549560 -1.889840030670 94.40 0.00 63.52 1.34 343 228 0 9
20660 52.484569549560 -1.889840030670 94.40 0.00 63.52 1.34 343 335 0 9
20842 52.484569549560 -1.889840030670 94.40 0.00 63.52 1.79 343 335 0 9
21023 52.484569549560 -1.889840030670 94.40 0.00 63.17 1.79 314 335 0 9
21206 52.484569549560 -1.889840030670 94.40 0.00 63.17 1.79 320 336 0 9
21387 52.484569549560 -1.889840030670 94.40 0.00 62.82 1.79 321 336 0 9
21569 52.484569549560 -1.889840030670 94.40 0.00 62.11 1.79 317 335 0 9
21650 52.484569549560 -1.889840030670 94.40 0.00 62.11 1.79 317 335 0 7
21831 52.484569549560 -1.889840030670 94.40 0.00 62.46 1.79 339 344 1 7
22013 52.484569549560 -1.889840030670 94.40 0.00 62.11 1.79 339 344 1 7
22195 52.484569549560 -1.889840030670 94.40 0.00 62.46 1.79 339 344 1 7
22377 52.484569549560 -1.889840030670 94.40 0.00 62.11 1.79 339 344 1 7
22558 52.484569549560 -1.889840030670 94.40 0.00 62.11 1.79 339 344 1 7
22740 52.484569549560 -1.889840030670 94.40 0.00 62.11 1.79 339 344 1 7
22922 52.484569549560 -1.889840030670 94.40 0.00 62.11 1.79 339 344 1 7
23104 52.484569549560 -1.889840030670 94.40 0.00 62.46 1.34 339 344 1 7
23285 52.484569549560 -1.889840030670 94.40 0.00 62.11 1.34 339 344 1 7
23468 52.484569549560 -1.889840030670 94.40 0.00 62.11 1.34 339 344 1 7
23649 52.484569549560 -1.889840030670 94.40 0.00 62.11 1.34 339 344 1 7
23831 52.484569549560 -1.889840030670 94.40 0.00 62.11 1.34 339 344 1 7
24012 52.484569549560 -1.889840030670 94.40 0.00 62.11 1.34 339 344 1 7
24195 52.484569549560 -1.889840030670 94.40 0.00 62.11 1.34 339 344 1 7
24376 52.484569549560 -1.889840030670 94.40 0.00 62.11 1.34 339 344 1 7
24558 52.484569549560 -1.889840030670 94.40 0.00 62.11 1.34 339 344 1 7
24739 52.484569549560 -1.889840030670 94.40 0.00 62.11 1.34 339 344 1 7
24922 52.484569549560 -1.889840030670 94.40 0.00 62.11 1.34 339 344 1 7
25103 52.484569549560 -1.889840030670 94.40 0.00 62.11 1.34 339 344 1 7
25285 52.484569549560 -1.889840030670 94.40 0.00 62.11 0.89 339 344 1 7
25466 52.484569549560 -1.889840030670 94.40 0.00 62.11 0.89 339 344 1 7
25649 52.484569549560 -1.889840030670 94.40 0.00 62.11 0.89 339 344 1 7
25830 52.484569549560 -1.889840030670 94.40 0.00 62.11 0.89 339 344 1 7
26012 52.484569549560 -1.889840030670 94.40 0.00 62.11 0.89 339 344 1 7
26193 52.484569549560 -1.889840030670 94.40 0.00 62.11 0.89 339 344 1 7
26376 52.484569549560 -1.889840030670 94.40 0.00 62.11 0.89 339 344 1 7
26557 52.484569549560 -1.889840030670 94.40 0.00 62.46 0.89 339 344 1 7
26739 52.484569549560 -1.889840030670 94.40 0.00 62.11 0.89 339 344 1 7
26920 52.484569549560 -1.889840030670 94.40 0.00 62.11 0.89 339 344 1 7
27103 52.484569549560 -1.889840030670 94.40 0.00 62.11 0.89 339 344 1 7
27284 52.484569549560 -1.889840030670 94.40 0.00 62.46 0.89 339 344 1 7
27466 52.484569549560 -1.889840030670 93.60 0.00 64.93 0.89 339 344 1 7
27648 52.484569549560 -1.889840030670 91.80 0.00 67.39 0.89 339 343 1 7
27830 52.484569549560 -1.889840030670 94.70 0.00 67.04 0.89 341 343 1 7
28011 52.484569549560 -1.889840030670 95.90 0.00 71.61 0.89 339 341 1 7
28193 52.484569549560 -1.889840030670 94.00 0.00 78.65 0.89 337 338 1 7
28375 52.484569549560 -1.889840030670 87.80 0.00 87.45 0.89 339 334 1 7
28557 52.484569549560 -1.889840030670 84.40 0.00 87.10 0.89 345 333 1 7
28738 52.484569549560 -1.889840030670 87.20 0.00 80.41 0.89 347 336 1 7
28920 52.484569549560 -1.889840030670 93.20 0.00 69.85 0.89 345 337 1 7
29102 52.484569549560 -1.889840030670 102.10 0.00 62.46 0.89 339 340 1 7
29284 52.484569549560 -1.889840030670 118.20 0.00 52.26 0.89 333 340 1 7
29465 52.484569549560 -1.889840030670 142.00 0.00 38.18 0.89 318 336 1 7
29647 52.484569549560 -1.889840030670 168.60 0.00 17.42 0.89 299 329 1 7
29829 52.484569549560 -1.889840030670 -165.90 0.00 -10.73 0.89 274 325 1 7
30011 52.484569549560 -1.889840030670 -145.80 0.00 -33.26 0.89 253 326 1 7
30192 52.484569549560 -1.889840030670 -131.80 0.00 -49.79 0.89 238 329 1 7
30374 52.484569549560 -1.889840030670 -128.60 0.00 -55.07 0.89 200 330 1 7
30556 52.484569549560 -1.889840030670 -135.40 0.00 -51.20 0.89 200 331 1 7
30738 52.484569549560 -1.889840030670 -147.30 0.00 -49.09 0.89 200 334 1 7
30919 52.484569549560 -1.889840030670 -163.40 0.00 -41.70 0.89 238 340 1 7
31101 52.484569549560 -1.889840030670 178.10 0.00 -29.38 0.89 251 344 1 7
31283 52.484569549560 -1.889840030670 157.00 0.00 -8.62 0.89 266 347 1 7
31465 52.484569549560 -1.889840030670 135.70 0.00 32.90 0.89 284 347 1 7
31646 52.484569549560 -1.889840030670 115.40 0.00 64.57 0.89 303 337 1 7
31828 52.484569549560 -1.889840030670 100.50 0.00 66.69 0.89 320 329 1 7
32010 52.484569549560 -1.889840030670 87.90 0.00 67.04 0.89 333 338 1 7
32192 52.484569549560 -1.889840030670 80.40 0.00 67.04 0.89 345 344 1 7
32373 52.484569549560 -1.889840030670 79.80 0.00 66.69 0.89 352 347 1 7
32555 52.484569549560 -1.889840030670 85.20 0.00 65.28 0.89 352 347 1 7
32737 52.484569549560 -1.889840030670 96.10 0.00 66.33 0.89 347 345 1 7
32919 52.484569549560 -1.889840030670 106.30 0.00 68.09 0.89 337 341 1 7
33100 52.484569549560 -1.889840030670 115.40 0.00 68.45 0.89 329 333 1 7
33282 52.484569549560 -1.889840030670 121.90 0.00 70.56 0.89 320 326 1 7
33464 52.484569549560 -1.889840030670 125.10 0.00 75.84 0.89 314 318 1 7
33645 52.484569549560 -1.889840030670 123.60 0.00 83.93 0.89 312 309 1 7
33827 52.484569549560 -1.889840030670 123.80 0.00 79.71 0.89 314 302 1 7
34009 52.484569549560 -1.889840030670 126.90 0.00 78.65 0.89 312 306 1 7
34191 52.484569549560 -1.889840030670 128.30 0.00 82.87 1.34 310 305 1 7
34372 52.484569549560 -1.889840030670 128.40 0.00 83.93 1.34 310 300 1 7
34554 52.484569549560 -1.889840030670 128.70 0.00 81.11 1.34 308 298 1 7
34736 52.484569549560 -1.889840030670 125.00 0.00 81.47 1.34 308 301 1 7
34918 52.484569549560 -1.889840030670 121.60 0.00 81.82 1.34 312 304 1 7
35099 52.484569549560 -1.889840030670 121.20 0.00 82.87 1.34 314 308 1 7
35281 52.484569549560 -1.889840030670 120.90 0.00 86.74 1.34 316 306 1 7
35463 52.484569549560 -1.889840030670 122.90 0.00 88.50 1.34 316 302 1 7
35645 52.484569549560 -1.889840030670 124.30 0.00 92.73 1.34 314 298 1 7
35826 52.484569549560 -1.889840030670 121.50 0.00 102.58 1.34 312 293 1 7
36008 52.484569549560 -1.889840030670 117.50 0.00 107.86 1.34 314 286 1 7
36190 52.484569549560 -1.889840030670 117.70 0.00 108.56 1.34 318 284 1 7
36372 52.484569549560 -1.889840030670 119.80 0.00 107.86 1.34 318 283 1 7
36553 52.484569549560 -1.889840030670 120.80 0.00 107.51 1.34 316 281 1 7
36736 52.484569549560 -1.889840030670 121.00 0.00 111.38 1.34 316 280 1 7
36917 52.484569549560 -1.889840030670 118.40 0.00 118.06 1.34 316 276 1 7
37099 52.484569549560 -1.889840030670 118.30 0.00 118.42 1.34 318 272 1 7
37280 52.484569549560 -1.889840030670 119.10 0.00 119.82 1.34 318 272 1 7
37463 52.484569549560 -1.889840030670 120.40 0.00 119.82 1.34 318 269 1 7
37644 52.484569549560 -1.889840030670 119.90 0.00 122.29 1.34 316 268 1 7
37826 52.484569549560 -1.889840030670 118.20 0.00 121.23 1.34 316 266 1 7
38007 52.484569549560 -1.889840030670 114.50 0.00 119.82 1.34 318 269 1 7
38190 52.484569549560 -1.889840030670 116.60 0.00 111.03 1.34 320 275 1 7
38371 52.484569549560 -1.889840030670 119.10 0.00 108.91 1.34 320 281 1 7
38553 52.484569549560 -1.889840030670 120.90 0.00 106.45 1.34 318 280 1 7
38734 52.484569549560 -1.889840030670 121.10 0.00 106.45 0.45 316 281 1 7
38917 52.484569549560 -1.889840030670 120.10 0.00 107.86 0.45 316 281 1 7
39098 52.484569549560 -1.889840030670 115.80 0.00 108.91 0.45 316 281 1 7
39280 52.484569549560 -1.889840030670 116.00 0.00 101.52 0.45 320 284 1 7
39461 52.484569549560 -1.889840030670 116.80 0.00 98.36 0.45 320 293 1 7
39644 52.484569549560 -1.889840030670 118.60 0.00 96.60 0.45 320 295 1 7
39825 52.484569549560 -1.889840030670 123.80 0.00 96.95 0.45 318 295 1 7
40007 52.484569549560 -1.889840030670 126.70 0.00 99.77 0.45 312 288 1 7
40188 52.484569549560 -1.889840030670 123.80 0.00 101.17 0.45 310 283 1 7
40371 52.484569549560 -1.889840030670 126.40 0.00 94.49 0.45 312 284 1 7
40552 52.484569549560 -1.889840030670 128.40 0.00 93.43 0.45 310 288 1 7
40734 52.484569549560 -1.889840030670 128.60 0.00 93.78 0.45 308 287 1 7
40915 52.484569549560 -1.889840030670 129.80 0.00 82.17 0.45 308 287 1 7
41098 52.484569549560 -1.889840030670 130.10 0.00 75.48 0.89 308 298 1 7
41279 52.484569549560 -1.889840030670 126.40 0.00 74.43 0.89 308 305 1 7
41461 52.484569549560 -1.889840030670 127.80 0.00 73.02 0.89 310 309 1 7
41643 52.484569549560 -1.889840030670 126.20 0.00 76.19 0.89 310 309 1 7
41825 52.484569549560 -1.889840030670 123.90 0.00 77.24 0.89 310 308 1 7
42006 52.484569549560 -1.889840030670 125.50 0.00 78.30 0.89 312 309 1 7
42188 52.484569549560 -1.889840030670 127.90 0.00 80.06 0.89 312 306 1 7
42370 52.484569549560 -1.889840030670 126.10 0.00 85.34 0.89 310 302 1 7
42552 52.484569549560 -1.889840030670 126.70 0.00 84.28 0.89 310 298 1 7
42733 52.484569549560 -1.889840030670 126.60 0.00 87.10 0.89 310 300 1 7
42915 52.484569549560 -1.889840030670 125.10 0.00 87.80 0.89 310 297 1 7
43097 52.484569549560 -1.889840030670 125.30 0.00 88.15 0.89 312 297 1 7
43279 52.484569549560 -1.889840030670 126.70 0.00 89.56 0.89 312 297 1 7
43460 52.484569549560 -1.889840030670 126.00 0.00 88.15 0.89 310 294 1 7
43642 52.484569549560 -1.889840030670 128.70 0.00 88.15 0.89 312 295 1 7
43824 52.484569549560 -1.889840030670 129.10 0.00 92.38 0.89 308 293 1 7
44006 52.484569549560 -1.889840030670 128.50 0.00 94.84 0.89 308 288 1 7
44187 52.484569549560 -1.889840030670 128.90 0.00 96.25 0.89 308 286 1 7
44369 52.484569549560 -1.889840030670 129.50 0.00 97.30 0.89 308 284 1 7
44551 52.484569549560 -1.889840030670 127.50 0.00 98.71 0.89 308 281 1 7
44733 52.484569549560 -1.889840030670 128.90 0.00 98.71 0.89 310 283 1 7
44914 52.484569549560 -1.889840030670 127.80 0.00 100.12 0.89 308 281 1 7
45096 52.484569549560 -1.889840030670 124.40 0.00 99.77 0.89 310 281 1 7
45278 52.484569549560 -1.889840030670 124.40 0.00 98.01 0.89 312 286 1 7
45460 52.484569549560 -1.889840030670 126.30 0.00 98.01 0.89 312 287 1 7
45641 52.484569549560 -1.889840030670 125.10 0.00 99.77 0.89 310 284 1 7
45824 52.484569549560 -1.889840030670 125.80 0.00 99.06 0.89 312 284 1 7
46005 52.484569549560 -1.889840030670 124.60 0.00 101.17 0.89 312 284 1 7
46187 52.484569549560 -1.889840030670 124.90 0.00 99.41 0.89 312 283 1 7
46368 52.484569549560 -1.889840030670 124.70 0.00 98.71 0.89 312 284 1 7
46551 52.484569549560 -1.889840030670 124.80 0.00 99.41 0.89 312 286 1 7
46732 52.484569549560 -1.889840030670 122.30 0.00 99.77 0.89 312 284 1 7
46914 52.484569549560 -1.889840030670 123.90 0.00 99.06 0.89 314 287 1 7
47095 52.484569549560 -1.889840030670 123.90 0.00 100.47 0.89 312 286 1 7
47278 52.484569549560 -1.889840030670 122.80 0.00 98.01 0.89 312 284 1 7
47459 52.484569549560 -1.889840030670 121.80 0.00 94.84 0.89 314 288 1 7
47641 52.484569549560 -1.889840030670 121.00 0.00 94.84 0.89 314 293 1 7
47822 52.484569549560 -1.889840030670 116.70 0.00 93.08 0.89 316 294 1 7
48005 52.484569549560 -1.889840030670 117.20 0.00 90.97 0.89 320 301 1 7
48186 52.484569549560 -1.889840030670 117.80 0.00 88.86 0.89 318 302 1 7
48368 52.484569549560 -1.889840030670 121.10 0.00 87.10 0.89 318 304 1 7
48549 52.484569549560 -1.889840030670 124.70 0.00 85.34 0.89 316 302 1 7
48732 52.484569549560 -1.889840030670 127.00 0.00 85.34 0.89 312 301 1 7
48913 52.484569549560 -1.889840030670 125.40 0.00 86.04 0.89 310 298 1 7
49095 52.484569549560 -1.889840030670 126.80 0.00 86.74 0.89 312 298 1 7
49276 52.484569549560 -1.889840030670 128.40 0.00 88.15 0.89 310 297 1 7
49458 52.484569549560 -1.889840030670 127.80 0.00 89.56 0.89 308 293 1 7
49640 52.484569549560 -1.889840030670 127.80 0.00 87.45 0.89 310 293 1 7
49821 52.484569549560 -1.889840030670 127.60 0.00 88.50 0.89 310 294 1 7
50003 52.484569549560 -1.889840030670 122.50 0.00 89.91 0.45 310 294 1 7
50185 52.484569549560 -1.889840030670 122.00 0.00 84.99 0.45 314 298 1 7
50367 52.484569549560 -1.889840030670 124.40 0.00 83.93 0.45 314 304 1 7
50548 52.484569549560 -1.889840030670 125.80 0.00 85.34 0.45 312 302 1 7
50731 52.484569549560 -1.889840030670 126.40 0.00 83.93 0.45 312 300 1 7
50912 52.484569549560 -1.889840030670 127.50 0.00 83.58 0.45 310 300 1 7
51094 52.484569549560 -1.889840030670 126.80 0.00 83.93 0.45 310 300 1 7
51275 52.484569549560 -1.889840030670 126.60 0.00 79.71 0.45 310 300 1 7
51458 52.484569549560 -1.889840030670 128.10 0.00 75.84 0.45 310 304 1 7
51639 52.484569549560 -1.889840030670 129.90 0.00 73.37 0.45 310 306 1 7
51821 52.484569549560 -1.889840030670 131.50 0.00 71.26 0.45 308 308 1 7
52002 52.484569549560 -1.889840030670 132.10 0.00 68.09 0.45 305 308 1 7
52185 52.484569549560 -1.889840030670 131.90 0.00 66.69 0.45 305 311 1 7
52366 52.484569549560 -1.889840030670 129.20 0.00 64.57 0.45 305 312 1 7
52548 52.484569549560 -1.889840030670 131.10 0.00 60.70 0.45 308 316 1 7
52729 52.484569549560 -1.889840030670 131.70 0.00 60.35 0.45 305 319 1 7
52912 52.484569549560 -1.889840030670 132.80 0.00 58.24 0.45 305 319 1 7
53093 52.484569549560 -1.889840030670 132.50 0.00 54.72 0.45 305 319 1 7
53275 52.484569549560 -1.889840030670 133.40 0.00 46.63 0.45 305 323 1 7
53456 52.484569549560 -1.889840030670 131.10 0.00 37.48 0.45 305 329 1 7
53639 52.484569549560 -1.889840030670 131.90 0.00 24.81 0.45 305 337 1 7
53820 52.484569549560 -1.889840030670 132.00 0.00 13.90 0.45 305 344 1 7
54002 52.484569549560 -1.889840030670 131.80 0.00 8.62 0.45 305 347 1 7
54183 52.484569549560 -1.889840030670 131.40 0.00 2.29 0.45 305 348 1 7
54366 52.484569549560 -1.889840030670 132.10 0.00 -11.44 0.45 305 348 1 7
54547 52.484569549560 -1.889840030670 130.60 0.00 -28.33 0.45 305 347 1 7
54729 52.484569549560 -1.889840030670 130.50 0.00 -46.63 0.45 308 340 1 7
54910 52.484569549560 -1.889840030670 129.30 0.00 -63.17 0.45 308 327 1 7
55093 52.484569549560 -1.889840030670 128.60 0.00 -77.24 0.45 308 311 1 7
55274 52.484569549560 -1.889840030670 128.80 0.00 -91.67 0.45 308 295 1 7
55456 52.484569549560 -1.889840030670 130.20 0.00 -105.40 0.45 308 280 1 7
55638 52.484569549560 -1.889840030670 130.40 0.00 -114.90 0.45 308 268 1 7
55820 52.484569549560 -1.889840030670 130.70 0.00 -115.95 0.45 308 258 1 7
56001 52.484569549560 -1.889840030670 130.40 0.00 -115.25 0.45 305 256 1 7
56183 52.484569549560 -1.889840030670 131.80 0.00 -116.30 0.45 308 258 1 7
56365 52.484569549560 -1.889840030670 132.90 0.00 -116.66 0.45 305 258 1 7
56547 52.484569549560 -1.889840030670 134.70 0.00 -117.71 0.45 305 258 1 7
56728 52.484569549560 -1.889840030670 135.70 0.00 -117.71 0.45 305 259 1 7
56910 52.484569549560 -1.889840030670 135.10 0.00 -116.30 0.45 303 261 1 7
57092 52.484569549560 -1.889840030670 134.20 0.00 -118.06 0.45 305 261 1 7
57274 52.484569549560 -1.889840030670 135.00 0.00 -118.42 0.45 305 258 1 7
57455 52.484569549560 -1.889840030670 135.60 0.00 -120.18 0.45 305 259 1 7
57637 52.484569549560 -1.889840030670 135.80 0.00 -122.99 0.45 303 258 1 7
57819 52.484569549560 -1.889840030670 136.50 0.00 -122.29 0.45 410 255 1 7
58001 52.484569549560 -1.889840030670 137.50 0.00 -122.29 0.45 303 256 1 7
58182 52.484569549560 -1.889840030670 137.30 0.00 -123.34 0.45 301 258 1 7
58364 52.484569549560 -1.889840030670 134.40 0.00 -122.29 0.45 303 256 1 7
58546 52.484569549560 -1.889840030670 133.20 0.00 -122.29 0.45 410 255 1 7
58728 52.484569549560 -1.889840030670 132.50 0.00 -121.58 0.45 410 255 1 7
58909 52.484569549560 -1.889840030670 132.20 0.00 -121.23 0.45 410 255 1 7
59091 52.484569549560 -1.889840030670 130.40 0.00 -121.23 0.89 410 255 1 7
59273 52.484569549560 -1.889840030670 128.90 0.00 -118.42 0.89 410 255 1 7
59455 52.484569549560 -1.889840030670 127.30 0.00 -117.71 0.89 410 255 1 7
59636 52.484569549560 -1.889840030670 129.70 0.00 -119.82 0.89 410 255 1 7
59819 52.484569549560 -1.889840030670 139.20 0.00 -121.23 0.89 410 255 1 7
60000 52.484569549560 -1.889840030670 152.50 0.00 -121.58 0.89 301 261 1 7
60182 52.484569549560 -1.889840030670 169.50 0.00 -120.88 0.89 289 273 1 7
60363 52.484569549560 -1.889840030670 -177.30 0.00 -119.12 0.89 274 293 1 7
60546 52.484569549560 -1.889840030670 -171.90 0.00 -118.42 0.89 261 308 1 7
60727 52.484569549560 -1.889840030670 -174.00 0.00 -118.06 0.89 257 315 1 7
60909 52.484569549560 -1.889840030670 178.70 0.00 -117.71 0.89 259 313 1 7
61090 52.484569549560 -1.889840030670 166.70 0.00 -117.01 0.89 266 305 1 7
61273 52.484569549560 -1.889840030670 154.70 0.00 -117.01 0.89 276 294 1 7
61454 52.484569549560 -1.889840030670 142.70 0.00 -117.01 0.89 287 280 1 7
61636 52.484569549560 -1.889840030670 132.30 0.00 -117.01 0.89 297 268 1 7
61817 52.484569549560 -1.889840030670 125.40 0.00 -117.01 0.89 305 258 1 7
62000 52.484569549560 -1.889840030670 120.80 0.00 -117.36 0.89 410 255 1 7
62181 52.484569549560 -1.889840030670 116.70 0.00 -117.01 0.89 410 255 1 7
62363 52.484569549560 -1.889840030670 114.90 0.00 -117.01 0.89 410 255 1 7
62544 52.484569549560 -1.889840030670 114.20 0.00 -117.36 0.89 410 255 1 7
62727 52.484569549560 -1.889840030670 115.00 0.00 -117.01 0.89 410 255 1 7
62908 52.484569549560 -1.889840030670 117.20 0.00 -117.36 0.89 410 255 1 7
63090 52.484569549560 -1.889840030670 121.10 0.00 -117.01 0.89 410 255 1 7
63271 52.484569549560 -1.889840030670 126.50 0.00 -117.36 0.89 410 255 1 7
63454 52.484569549560 -1.889840030670 133.00 0.00 -117.36 0.45 410 255 1 7
63635 52.484569549560 -1.889840030670 138.30 0.00 -117.01 0.45 305 258 1 7
63817 52.484569549560 -1.889840030670 142.60 0.00 -117.01 0.45 301 263 1 7
63998 52.484569549560 -1.889840030670 145.70 0.00 -117.01 0.45 297 268 1 7
64181 52.484569549560 -1.889840030670 146.70 0.00 -117.01 0.45 295 270 1 7
64362 52.484569549560 -1.889840030670 146.20 0.00 -117.01 0.45 293 272 1 7
64544 52.484569549560 -1.889840030670 146.00 0.00 -117.01 0.45 295 272 1 7
64726 52.484569549560 -1.889840030670 145.30 0.00 -117.01 0.45 295 272 1 7
64908 52.484569549560 -1.889840030670 143.70 0.00 -117.36 0.45 295 270 1 7
65089 52.484569549560 -1.889840030670 142.60 0.00 -118.06 0.45 297 269 1 7
65271 52.484569549560 -1.889840030670 141.60 0.00 -118.42 0.45 297 266 1 7
65453 52.484569549560 -1.889840030670 140.60 0.00 -119.82 0.45 299 265 1 7
65634 52.484569549560 -1.889840030670 138.10 0.00 -124.40 0.45 299 263 1 7
65816 52.484569549560 -1.889840030670 138.50 0.00 -132.14 0.45 301 256 1 7
65998 52.484569549560 -1.889840030670 137.90 0.00 -139.53 0.45 410 255 1 7
66180 52.484569549560 -1.889840030670 136.70 0.00 -145.51 0.45 410 255 1 7
66362 52.484569549560 -1.889840030670 138.60 0.00 -150.09 0.45 410 255 1 7
66543 52.484569549560 -1.889840030670 142.80 0.00 -150.79 0.45 379 255 1 7
66724 52.484569549560 -1.889840030670 148.70 0.00 -151.50 0.45 379 255 1 7
66907 52.484569549560 -1.889840030670 156.00 0.00 -156.42 0.45 377 255 1 7
67088 52.484569549560 -1.889840030670 162.50 0.00 -157.13 0.45 375 255 1 7
67270 52.484569549560 -1.889840030670 166.70 0.00 -159.59 0.45 375 255 1 7
67451 52.484569549560 -1.889840030670 170.10 0.00 -165.92 0.45 373 255 1 7
67634 52.484569549560 -1.889840030670 176.70 0.00 -174.37 0.45 368 255 1 7
67815 52.484569549560 -1.889840030670 -177.20 0.00 -179.30 0.45 362 255 1 7
67997 52.484569549560 -1.889840030670 -171.60 0.00 180.00 1.34 358 255 1 7
68178 52.484569549560 -1.889840030670 -164.60 0.00 180.00 1.34 356 255 1 7
68361 52.484569549560 -1.889840030670 -157.20 0.00 180.00 1.34 253 258 1 7
68542 52.484569549560 -1.889840030670 -152.40 0.00 180.00 1.34 247 265 1 7
68724 52.484569549560 -1.889840030670 -151.20 0.00 180.00 1.34 242 270 1 7
68905 52.484569549560 -1.889840030670 -152.00 0.00 180.00 1.34 242 272 1 7
69088 52.484569549560 -1.889840030670 -155.80 0.00 180.00 1.34 242 270 1 7
69269 52.484569549560 -1.889840030670 -162.00 0.00 180.00 1.34 245 266 1 7
69451 52.484569549560 -1.889840030670 -170.20 0.00 180.00 1.34 251 261 1 7
69633 52.484569549560 -1.889840030670 -178.20 0.00 180.00 1.34 356 255 1 7
69815 52.484569549560 -1.889840030670 172.50 0.00 180.00 1.34 356 255 1 7
70017 52.484569549560 -1.889840030670 159.10 0.00 -176.48 1.34 358 255 1 7
70199 52.484569549560 -1.889840030670 147.20 0.00 -173.67 0.89 360 255 1 7
70380 52.484569549560 -1.889840030670 137.90 0.00 -170.15 0.89 362 255 1 7
70562 52.484569549560 -1.889840030670 126.10 0.00 -167.33 0.89 364 255 1 7
70744 52.484569549560 -1.889840030670 112.10 0.00 -166.28 0.89 366 255 1 7
70926 52.484569549560 -1.889840030670 101.20 0.00 -160.65 0.89 366 255 1 7
71128 52.484569549560 -1.889840030670 89.70 0.00 -152.90 0.89 371 255 1 7
71309 52.484569549560 -1.889840030670 76.30 0.00 -146.22 0.89 377 255 1 7
71491 52.484569549560 -1.889840030670 65.90 0.00 -140.94 0.89 410 255 1 7
71672 52.484569549560 -1.889840030670 55.20 0.00 -136.72 0.89 410 255 1 7
71855 52.484569549560 -1.889840030670 43.70 0.00 -134.96 0.89 410 255 1 7
72036 52.484569549560 -1.889840030670 32.20 0.00 -132.49 0.89 410 255 1 7
72218 52.484569549560 -1.889840030670 21.50 0.00 -118.06 0.89 410 255 1 7
72399 52.484569549560 -1.889840030670 7.70 0.00 -100.82 0.89 410 255 1 7
72582 52.484569549560 -1.889840030670 -6.60 0.00 -79.35 1.34 410 255 1 7
72763 52.484569549560 -1.889840030670 -17.80 0.00 -45.92 1.34 410 255 1 7
72945 52.484569549560 -1.889840030670 -29.10 0.00 -6.16 1.34 200 255 1 7
73126 52.484569549560 -1.889840030670 -41.30 0.00 32.55 1.34 200 255 1 7
73309 52.484569549560 -1.889840030670 -54.00 0.00 63.17 1.34 234 255 1 7
73490 52.484569549560 -1.889840030670 -61.40 0.00 75.13 1.34 257 255 1 7
73672 52.484569549560 -1.889840030670 -61.00 0.00 69.85 1.34 200 256 1 7
73853 52.484569549560 -1.889840030670 -52.90 0.00 56.13 1.34 261 255 1 7
74036 52.484569549560 -1.889840030670 -42.50 0.00 42.05 1.34 251 255 1 7
74217 52.484569549560 -1.889840030670 -30.60 0.00 32.55 1.34 240 255 1 7
74399 52.484569549560 -1.889840030670 -18.40 0.00 27.98 1.34 234 255 1 7
74580 52.484569549560 -1.889840030670 -10.10 0.00 27.27 1.34 200 255 1 7
74763 52.484569549560 -1.889840030670 -3.90 0.00 27.27 1.34 410 259 1 7
74944 52.484569549560 -1.889840030670 -0.90 0.00 27.62 1.34 410 265 1 7
75126 52.484569549560 -1.889840030670 0.40 0.00 27.27 1.34 410 269 1 7
75308 52.484569549560 -1.889840030670 -0.30 0.00 27.27 1.34 410 270 1 7
75490 52.484569549560 -1.889840030670 -3.20 0.00 27.27 1.34 410 269 1 7
75671 52.484569549560 -1.889840030670 -9.40 0.00 27.62 1.34 410 266 1 7
75853 52.484569549560 -1.889840030670 -18.00 0.00 27.62 1.34 410 261 1 7
76035 52.484569549560 -1.889840030670 -27.80 0.00 27.62 1.34 200 255 1 7
76217 52.484569549560 -1.889840030670 -37.60 0.00 28.33 1.34 200 255 1 7
76398 52.484569549560 -1.889840030670 -44.70 0.00 29.03 1.34 200 255 1 7
76580 52.484569549560 -1.889840030670 -47.30 0.00 29.03 1.34 200 255 1 7
76762 52.484569549560 -1.889840030670 -45.00 0.00 29.03 1.34 200 255 1 7
76944 52.484569549560 -1.889840030670 -39.20 0.00 29.03 0.89 200 255 1 7
77125 52.484569549560 -1.889840030670 -32.40 0.00 29.03 0.89 200 255 1 7
77307 52.484569549560 -1.889840030670 -25.80 0.00 29.03 0.89 200 255 1 7
77489 52.484569549560 -1.889840030670 -20.00 0.00 29.03 0.89 200 255 1 7
77671 52.484569549560 -1.889840030670 -15.60 0.00 28.33 0.89 200 255 1 7
77852 52.484569549560 -1.889840030670 -10.10 0.00 26.57 0.89 200 255 1 7
78034 52.484569549560 -1.889840030670 -4.60 0.00 23.05 0.89 410 258 1 7
78216 52.484569549560 -1.889840030670 0.60 0.00 20.23 0.89 410 261 1 7
78398 52.484569549560 -1.889840030670 4.40 0.00 18.83 0.89 410 263 1 7
78579 52.484569549560 -1.889840030670 5.90 0.00 18.48 0.89 410 265 1 7
78761 52.484569549560 -1.889840030670 5.60 0.00 18.48 0.89 410 266 1 7
78943 52.484569549560 -1.889840030670 4.60 0.00 18.48 0.89 410 266 1 7
79125 52.484569549560 -1.889840030670 4.30 0.00 18.48 0.89 410 265 1 7
79306 52.484569549560 -1.889840030670 5.20 0.00 18.12 0.89 410 265 1 7
79488 52.484569549560 -1.889840030670 7.30 0.00 18.12 0.89 410 265 1 7
79670 52.484569549560 -1.889840030670 12.00 0.00 16.72 0.89 410 268 1 7
79851 52.484569549560 -1.889840030670 19.90 0.00 16.36 0.89 410 270 1 7
80033 52.484569549560 -1.889840030670 30.20 0.00 16.36 0.89 410 279 1 7
80215 52.484569549560 -1.889840030670 39.50 0.00 14.96 0.89 410 290 1 7
80397 52.484569549560 -1.889840030670 53.80 0.00 1.94 0.89 410 300 1 7
80578 52.484569549560 -1.889840030670 67.00 0.00 -28.33 0.89 371 300 1 7
80760 52.484569549560 -1.889840030670 77.50 0.00 -60.35 0.89 362 281 1 7
80942 52.484569549560 -1.889840030670 83.60 0.00 -86.04 0.89 354 259 1 7
81124 52.484569549560 -1.889840030670 86.00 0.00 -106.45 0.89 410 255 1 7
81326 52.484569549560 -1.889840030670 88.90 0.00 -119.47 0.89 410 255 1 7
81508 52.484569549560 -1.889840030670 93.40 0.00 -121.94 1.34 410 255 1 7
81689 52.484569549560 -1.889840030670 99.40 0.00 -121.94 1.34 410 255 1 7
81871 52.484569549560 -1.889840030670 105.30 0.00 -121.94 1.34 410 255 1 7
82053 52.484569549560 -1.889840030670 111.60 0.00 -121.94 1.34 410 255 1 7
82235 52.484569549560 -1.889840030670 118.50 0.00 -121.94 1.34 410 255 1 7
82416 52.484569549560 -1.889840030670 125.40 0.00 -121.94 1.34 410 255 1 7
82598 52.484569549560 -1.889840030670 130.30 0.00 -121.94 1.34 410 255 1 7
82780 52.484569549560 -1.889840030670 132.30 0.00 -121.94 1.34 410 255 1 7
82962 52.484569549560 -1.889840030670 131.40 0.00 -121.94 1.34 410 255 1 7
83143 52.484569549560 -1.889840030670 129.50 0.00 -122.29 1.34 410 255 1 7
83325 52.484569549560 -1.889840030670 126.70 0.00 -122.29 1.34 410 255 1 7
83507 52.484569549560 -1.889840030670 123.40 0.00 -122.29 1.34 410 255 1 7
83689 52.484569549560 -1.889840030670 120.10 0.00 -122.29 1.34 410 255 1 7
83870 52.484569549560 -1.889840030670 117.40 0.00 -122.29 1.34 410 255 1 7
84052 52.484569549560 -1.889840030670 115.80 0.00 -122.29 1.34 410 255 1 7
84234 52.484569549560 -1.889840030670 115.40 0.00 -122.29 1.34 410 255 1 7
84416 52.484569549560 -1.889840030670 115.60 0.00 -122.29 1.34 410 255 1 7
84597 52.484569549560 -1.889840030670 115.90 0.00 -122.29 1.34 410 255 1 7
84780 52.484569549560 -1.889840030670 114.40 0.00 -121.58 1.34 410 255 1 7
84961 52.484569549560 -1.889840030670 109.70 0.00 -121.23 1.34 410 255 1 7
85143 52.484569549560 -1.889840030670 101.60 0.00 -122.64 1.34 410 255 1 7
85324 52.484569549560 -1.889840030670 93.30 0.00 -121.58 1.34 410 255 1 7
85507 52.484569549560 -1.889840030670 89.20 0.00 -121.58 1.34 410 255 1 7
85688 52.484569549560 -1.889840030670 93.50 0.00 -122.29 1.34 410 255 1 7
85870 52.484569549560 -1.889840030670 102.40 0.00 -123.34 1.34 410 255 1 7
86051 52.484569549560 -1.889840030670 115.10 0.00 -125.81 0.45 410 255 1 7
86256 52.484569549560 -1.889840030670 131.50 0.00 -127.21 0.45 410 255 1 7
86437 52.484569549560 -1.889840030670 145.90 0.00 -127.57 0.45 410 255 1 7
86619 52.484569549560 -1.889840030670 158.40 0.00 -131.79 0.45 295 261 1 7
86801 52.484569549560 -1.889840030670 170.60 0.00 -135.66 0.45 282 269 1 7
86982 52.484569549560 -1.889840030670 -177.60 0.00 -136.01 0.45 272 277 1 7
87164 52.484569549560 -1.889840030670 -171.20 0.00 -136.01 0.45 263 290 1 7
87346 52.484569549560 -1.889840030670 -172.50 0.00 -136.01 0.45 257 297 1 7
87548 52.484569549560 -1.889840030670 -177.10 0.00 -136.01 0.45 259 295 1 7
87730 52.484569549560 -1.889840030670 175.40 0.00 -135.66 0.45 261 291 1 7
87912 52.484569549560 -1.889840030670 166.60 0.00 -136.01 0.45 268 283 1 7
88093 52.484569549560 -1.889840030670 157.30 0.00 -136.01 0.45 276 273 1 7
88275 52.484569549560 -1.889840030670 148.70 0.00 -135.66 0.89 284 263 1 7
88457 52.484569549560 -1.889840030670 140.20 0.00 -135.66 0.89 293 255 1 7
88639 52.484569549560 -1.889840030670 132.50 0.00 -136.01 0.89 410 255 1 7
88841 52.484569549560 -1.889840030670 126.80 0.00 -135.66 0.89 410 255 1 7
89022 52.484569549560 -1.889840030670 124.80 0.00 -136.01 0.89 410 255 1 7
89204 52.484569549560 -1.889840030670 125.90 0.00 -136.01 0.89 410 255 1 7
89385 52.484569549560 -1.889840030670 128.80 0.00 -136.01 0.89 410 255 1 7
89568 52.484569549560 -1.889840030670 134.90 0.00 -136.01 0.89 410 255 1 7
89749 52.484569549560 -1.889840030670 141.60 0.00 -136.01 0.89 410 255 1 7
89951 52.484569549560 -1.889840030670 147.30 0.00 -136.01 0.89 410 255 1 7
90133 52.484569549560 -1.889840030670 151.30 0.00 -136.01 0.89 410 255 1 7
90314 52.484569549560 -1.889840030670 154.10 0.00 -136.01 0.89 291 258 1 7
90497 52.484569549560 -1.889840030670 156.00 0.00 -136.01 0.45 287 261 1 7
90678 52.484569549560 -1.889840030670 156.50 0.00 -136.01 0.45 284 262 1 7
90860 52.484569549560 -1.889840030670 155.80 0.00 -136.01 0.45 284 262 1 7
91041 52.484569549560 -1.889840030670 153.80 0.00 -136.01 0.45 287 262 1 7
91244 52.484569549560 -1.889840030670 151.10 0.00 -136.01 0.45 287 259 1 7
91425 52.484569549560 -1.889840030670 148.70 0.00 -136.01 0.45 291 258 1 7
91608 52.484569549560 -1.889840030670 147.80 0.00 -135.66 0.45 410 255 1 7
91789 52.484569549560 -1.889840030670 147.40 0.00 -136.01 0.45 410 255 1 7
91971 52.484569549560 -1.889840030670 147.10 0.00 -136.01 0.45 410 255 1 7
92152 52.484569549560 -1.889840030670 146.10 0.00 -136.01 0.45 410 255 1 7
92335 52.484569549560 -1.889840030670 144.90 0.00 -136.01 0.45 410 255 1 7
92536 52.484569549560 -1.889840030670 143.30 0.00 -136.01 0.45 410 255 1 7
92718 52.484569549560 -1.889840030670 139.70 0.00 -136.72 0.89 410 255 1 7
92900 52.484569549560 -1.889840030670 140.80 0.00 -137.77 0.89 410 255 1 7
93081 52.484569549560 -1.889840030670 142.90 0.00 -138.12 0.89 410 255 1 7
93263 52.484569549560 -1.889840030670 143.80 0.00 -138.83 0.89 410 255 1 7
93445 52.484569549560 -1.889840030670 143.80 0.00 -138.83 0.89 410 255 1 7
93646 52.484569549560 -1.889840030670 143.80 0.00 -140.59 0.89 410 255 1 7
93829 52.484569549560 -1.889840030670 142.10 0.00 -142.70 0.89 410 255 1 7
94010 52.484569549560 -1.889840030670 140.20 0.00 -145.51 0.89 410 255 1 7
94192 52.484569549560 -1.889840030670 141.30 0.00 -146.92 0.89 410 255 1 7
94373 52.484569549560 -1.889840030670 142.80 0.00 -148.33 0.89 410 255 1 7
94556 52.484569549560 -1.889840030670 145.40 0.00 -149.03 0.89 410 255 1 7
94737 52.484569549560 -1.889840030670 146.30 0.00 -149.03 0.89 410 255 1 7
94940 52.484569549560 -1.889840030670 145.50 0.00 -147.27 1.34 410 255 1 7
95121 52.484569549560 -1.889840030670 142.10 0.00 -144.46 1.34 410 255 1 7
95303 52.484569549560 -1.889840030670 136.80 0.00 -57.18 1.34 410 255 1 7
95484 52.484569549560 -1.889840030670 133.40 0.00 -43.11 1.34 303 323 1 7
95667 52.484569549560 -1.889840030670 131.10 0.00 -40.65 1.34 305 333 1 7
95848 52.484569549560 -1.889840030670 129.80 0.00 -42.05 1.34 305 333 1 7
96030 52.484569549560 -1.889840030670 129.40 0.00 -41.35 1.34 308 330 1 7
96232 52.484569549560 -1.889840030670 129.30 0.00 -41.35 1.34 308 330 1 7
96413 52.484569549560 -1.889840030670 129.90 0.00 -41.35 1.34 308 330 1 7
96595 52.484569549560 -1.889840030670 130.40 0.00 -41.35 1.34 308 331 1 7
96777 52.484569549560 -1.889840030670 130.70 0.00 -43.11 1.34 308 331 1 7
96959 52.484569549560 -1.889840030670 131.00 0.00 -44.87 1.34 305 330 1 7
97140 52.484569549560 -1.889840030670 131.40 0.00 -44.16 1.34 305 329 1 7
97323 52.484569549560 -1.889840030670 131.40 0.00 -45.22 0.89 305 330 1 7
97524 52.484569549560 -1.889840030670 130.90 0.00 -45.22 0.89 305 329 1 7
97707 52.484569549560 -1.889840030670 130.20 0.00 -45.22 0.89 305 329 1 7
97888 52.484569549560 -1.889840030670 129.00 0.00 -45.22 0.89 308 329 1 7
98070 52.484569549560 -1.889840030670 128.20 0.00 -45.22 0.89 308 327 1 7
98251 52.484569549560 -1.889840030670 127.80 0.00 -45.22 0.89 310 326 1 7
98433 52.484569549560 -1.889840030670 127.70 0.00 -45.22 0.89 310 326 1 7
98615 52.484569549560 -1.889840030670 128.30 0.00 -45.57 0.89 310 326 1 7
98817 52.484569549560 -1.889840030670 128.40 0.00 -45.57 0.89 310 326 1 7
98999 52.484569549560 -1.889840030670 129.40 0.00 -50.85 0.89 308 326 1 7
99180 52.484569549560 -1.889840030670 132.10 0.00 -58.94 0.89 308 323 1 7
99362 52.484569549560 -1.889840030670 133.20 0.00 -62.82 0.89 305 318 1 7
99544 52.484569549560 -1.889840030670 133.70 0.00 -67.74 0.45 305 315 1 7
99726 52.484569549560 -1.889840030670 135.50 0.00 -74.08 0.45 305 311 1 7
99907 52.484569549560 -1.889840030670 136.70 0.00 -79.00 0.45 303 306 1 7
100089 52.484569549560 -1.889840030670 135.70 0.00 -82.87 0.45 303 302 1 7
100271 52.484569549560 -1.889840030670 137.90 0.00 -90.26 0.45 303 297 1 7
100453 52.484569549560 -1.889840030670 139.60 0.00 -96.95 0.45 301 291 1 7
100634 52.484569549560 -1.889840030670 139.60 0.00 -100.12 0.45 301 286 1 7
100816 52.484569549560 -1.889840030670 137.90 0.00 -105.40 0.45 301 283 1 7
100998 52.484569549560 -1.889840030670 137.70 0.00 -109.62 0.45 301 275 1 7
101199 52.484569549560 -1.889840030670 136.70 0.00 -111.38 0.45 301 270 1 7
101382 52.484569549560 -1.889840030670 131.80 0.00 -112.79 0.45 303 268 1 7
101563 52.484569549560 -1.889840030670 130.30 0.00 -115.60 0.45 305 261 1 7
101745 52.484569549560 -1.889840030670 131.20 0.00 -120.88 0.45 308 256 1 7
101926 52.484569549560 -1.889840030670 133.00 0.00 -125.10 0.45 410 255 1 7
102109 52.484569549560 -1.889840030670 133.00 0.00 -130.03 0.45 410 255 1 7
102290 52.484569549560 -1.889840030670 133.10 0.00 -130.73 0.45 410 255 1 7
102493 52.484569549560 -1.889840030670 133.60 0.00 -134.25 0.45 410 255 1 7
102674 52.484569549560 -1.889840030670 131.20 0.00 -136.72 0.45 410 255 1 7
102855 52.484569549560 -1.889840030670 126.70 0.00 -138.48 0.45 410 255 1 7
103037 52.484569549560 -1.889840030670 128.40 0.00 -143.05 0.45 410 255 1 7
103220 52.484569549560 -1.889840030670 135.60 0.00 -148.33 0.45 410 255 1 7
103401 52.484569549560 -1.889840030670 147.30 0.00 -149.74 0.45 410 255 1 7
103582 52.484569549560 -1.889840030670 162.70 0.00 -146.57 0.45 410 255 1 7
103785 52.484569549560 -1.889840030670 178.70 0.00 -140.94 0.45 280 258 1 7
103966 52.484569549560 -1.889840030670 -166.70 0.00 -137.07 0.89 266 280 1 7
104148 52.484569549560 -1.889840030670 -157.50 0.00 -132.14 0.89 253 301 1 7
104330 52.484569549560 -1.889840030670 -152.50 0.00 -126.16 0.89 247 315 1 7
104512 52.484569549560 -1.889840030670 -149.80 0.00 -123.34 0.89 242 325 1 7
104693 52.484569549560 -1.889840030670 -148.90 0.00 -123.34 0.89 240 330 1 7
104895 52.484569549560 -1.889840030670 -149.40 0.00 -123.70 0.89 240 330 1 7
105077 52.484569549560 -1.889840030670 -153.00 0.00 -123.34 0.89 240 330 1 7
105259 52.484569549560 -1.889840030670 -155.80 0.00 -123.34 0.89 242 327 1 7
105441 52.484569549560 -1.889840030670 -155.30 0.00 -124.05 0.89 245 325 1 7
105622 52.484569549560 -1.889840030670 -150.40 0.00 -125.45 0.89 245 325 1 7
105804 52.484569549560 -1.889840030670 -141.00 0.00 -130.03 0.89 240 327 1 7
105986 52.484569549560 -1.889840030670 -129.90 0.00 -134.96 0.89 234 331 1 7
106188 52.484569549560 -1.889840030670 -118.80 0.00 -139.18 0.45 200 336 1 7
106370 52.484569549560 -1.889840030670 -104.30 0.00 -153.61 0.45 200 340 1 7
106552 52.484569549560 -1.889840030670 -88.30 0.00 -168.04 0.45 200 340 1 7
106733 52.484569549560 -1.889840030670 -74.40 0.00 -179.30 0.45 200 341 1 7
106915 52.484569549560 -1.889840030670 -64.00 0.00 180.00 0.45 200 343 1 7
107097 52.484569549560 -1.889840030670 -54.20 0.00 176.48 0.45 200 347 1 7
107298 52.484569549560 -1.889840030670 -44.80 0.00 172.96 0.45 200 348 1 7
107481 52.484569549560 -1.889840030670 -39.60 0.00 174.02 0.45 410 348 1 7
107662 52.484569549560 -1.889840030670 -41.60 0.00 171.20 0.45 410 348 1 7
107844 52.484569549560 -1.889840030670 -37.90 0.00 165.57 0.45 410 348 1 7
108025 52.484569549560 -1.889840030670 -33.40 0.00 165.57 0.45 410 348 1 7
108208 52.484569549560 -1.889840030670 -30.10 0.00 159.94 0.45 410 348 1 7
108389 52.484569549560 -1.889840030670 -27.20 0.00 158.53 0.45 410 348 1 7
108591 52.484569549560 -1.889840030670 -24.50 0.00 158.18 0.89 410 348 1 7
108773 52.484569549560 -1.889840030670 -28.60 0.00 159.24 0.89 410 348 1 7
108954 52.484569549560 -1.889840030670 -28.20 0.00 154.31 0.89 410 348 1 7
109136 52.484569549560 -1.889840030670 -25.60 0.00 150.79 0.89 410 348 1 7
109318 52.484569549560 -1.889840030670 -21.60 0.00 147.98 0.89 410 348 1 7
109500 52.484569549560 -1.889840030670 -18.00 0.00 146.22 0.89 410 348 1 7
109681 52.484569549560 -1.889840030670 -15.30 0.00 144.46 0.89 410 348 1 7
109884 52.484569549560 -1.889840030670 -16.40 0.00 146.92 0.89 410 348 1 7
110065 52.484569549560 -1.889840030670 -18.70 0.00 145.51 0.89 410 348 1 7
110247 52.484569549560 -1.889840030670 -16.90 0.00 138.48 0.89 410 348 1 7
110429 52.484569549560 -1.889840030670 -15.10 0.00 136.01 0.89 410 348 1 7
110611 52.484569549560 -1.889840030670 -14.30 0.00 130.03 0.89 410 348 1 7
110792 52.484569549560 -1.889840030670 -9.90 0.00 123.34 1.34 410 345 1 7
110974 52.484569549560 -1.889840030670 -7.50 0.00 122.99 1.34 410 345 1 7
111176 52.484569549560 -1.889840030670 -8.80 0.00 125.45 1.34 410 345 1 7
111357 52.484569549560 -1.889840030670 -8.20 0.00 122.29 1.34 410 347 1 7
111540 52.484569549560 -1.889840030670 -5.00 0.00 122.99 1.34 410 345 1 7
111721 52.484569549560 -1.889840030670 -0.60 0.00 122.64 1.34 410 347 1 7
111903 52.484569549560 -1.889840030670 3.40 0.00 123.70 1.34 410 348 1 7
112084 52.484569549560 -1.889840030670 1.70 0.00 128.97 1.34 410 348 1 7
112287 52.484569549560 -1.889840030670 -3.60 0.00 131.09 1.34 410 348 1 7
112468 52.484569549560 -1.889840030670 -3.60 0.00 132.14 1.34 410 348 1 7
112650 52.484569549560 -1.889840030670 -3.70 0.00 137.42 1.34 410 348 1 7
112832 52.484569549560 -1.889840030670 1.00 0.00 137.07 1.34 410 348 1 7
113013 52.484569549560 -1.889840030670 2.00 0.00 137.42 1.34 410 348 1 7
113196 52.484569549560 -1.889840030670 2.10 0.00 136.01 1.34 410 348 1 7
113377 52.484569549560 -1.889840030670 -0.50 0.00 135.66 1.34 410 348 1 7
113580 52.484569549560 -1.889840030670 -3.10 0.00 133.20 1.34 410 348 1 7
113761 52.484569549560 -1.889840030670 -4.90 0.00 132.49 1.34 410 348 1 7
113943 52.484569549560 -1.889840030670 -4.00 0.00 131.09 1.34 410 348 1 7
114124 52.484569549560 -1.889840030670 -1.80 0.00 131.79 1.34 410 348 1 7
114307 52.484569549560 -1.889840030670 -0.80 0.00 131.09 1.34 410 348 1 7
114488 52.484569549560 -1.889840030670 -4.30 0.00 132.14 1.34 410 348 1 7
114670 52.484569549560 -1.889840030670 -10.80 0.00 130.38 1.34 410 348 1 7
114953 52.484569549560 -1.889840030670 -15.60 0.00 128.97 1.34 317 338 0 7
115134 52.484569549560 -1.889840030670 -17.20 0.00 128.27 1.34 317 338 0 9
115316 52.484569549560 -1.889840030670 -18.50 0.00 130.38 0.89 317 339 0 9
115497 52.484569549560 -1.889840030670 -20.20 0.00 132.49 0.89 323 339 0 9
115680 52.484569549560 -1.889840030670 -24.80 0.00 136.72 0.89 315 338 0 9
115861 52.484569549560 -1.889840030670 -23.40 0.00 136.36 0.89 317 338 0 9
116043 52.484569549560 -1.889840030670 -21.10 0.00 136.72 0.89 314 338 0 9
116225 52.484569549560 -1.889840030670 -18.10 0.00 137.07 0.89 317 338 0 9
116407 52.484569549560 -1.889840030670 -15.70 0.00 135.31 0.89 320 339 0 9
116588 52.484569549560 -1.889840030670 -14.40 0.00 133.55 0.89 317 338 0 9
116770 52.484569549560 -1.889840030670 -17.90 0.00 133.55 0.89 315 338 0 9
116952 52.484569549560 -1.889840030670 -22.80 0.00 132.14 0.89 317 338 0 9
117134 52.484569549560 -1.889840030670 -23.60 0.00 130.38 0.89 314 338 0 9
117315 52.484569549560 -1.889840030670 -25.50 0.00 133.20 0.89 323 338 0 9
117497 52.484569549560 -1.889840030670 -25.30 0.00 135.66 0.89 317 339 0 9
117679 52.484569549560 -1.889840030670 -23.50 0.00 136.36 0.89 317 338 0 9
117861 52.484569549560 -1.889840030670 -22.70 0.00 145.51 0.89 314 338 0 9
118042 52.484569549560 -1.889840030670 -27.40 0.00 152.55 0.89 317 338 0 9
118224 52.484569549560 -1.889840030670 -29.40 0.00 152.90 0.89 314 338 0 9
118406 52.484569549560 -1.889840030670 -29.10 0.00 152.55 0.89 320 339 0 9
118588 52.484569549560 -1.889840030670 -28.60 0.00 154.31 0.89 315 338 0 9
118769 52.484569549560 -1.889840030670 -26.20 0.00 156.42 0.89 315 338 0 9
118951 52.484569549560 -1.889840030670 -23.30 0.00 159.24 0.89 314 338 0 9
119133 52.484569549560 -1.889840030670 -22.80 0.00 164.16 0.89 314 338 0 9
119315 52.484569549560 -1.889840030670 -27.40 0.00 168.74 0.89 317 339 0 9
119496 52.484569549560 -1.889840030670 -27.70 0.00 167.33 0.89 320 339 0 9
119678 52.484569549560 -1.889840030670 -27.80 0.00 168.74 0.45 314 338 0 9
119860 52.484569549560 -1.889840030670 -24.90 0.00 167.68 0.45 261 338 0 9
120042 52.484569549560 -1.889840030670 -20.60 0.00 170.15 0.45 260 338 0 9
120223 52.484569549560 -1.889840030670 -19.50 0.00 180.00 0.45 260 338 0 9
120406 52.484569549560 -1.889840030670 -23.70 0.00 180.00 0.45 264 339 0 9
120587 52.484569549560 -1.889840030670 -25.10 0.00 180.00 0.45 261 339 0 9
120769 52.484569549560 -1.889840030670 -24.60 0.00 180.00 0.45 260 338 0 9
120950 52.484569549560 -1.889840030670 -24.70 0.00 180.00 0.45 260 338 0 9
121133 52.484569549560 -1.889840030670 -24.20 0.00 180.00 0.45 261 338 0 9
121314 52.484569549560 -1.889840030670 -22.50 0.00 180.00 0.45 267 339 0 9
121496 52.484569549560 -1.889840030670 -25.60 0.00 180.00 0.45 263 339 0 9
121677 52.484569549560 -1.889840030670 -33.80 0.00 180.00 0.45 260 338 0 9
121860 52.484569549560 -1.889840030670 -37.10 0.00 180.00 0.45 261 338 0 9
122041 52.484569549560 -1.889840030670 -38.10 0.00 180.00 0.89 260 338 0 9
122223 52.484569549560 -1.889840030670 -36.30 0.00 180.00 0.89 261 338 0 9
122404 52.484569549560 -1.889840030670 -33.10 0.00 180.00 0.89 263 339 0 9
122587 52.484569549560 -1.889840030670 -32.60 0.00 -179.30 0.89 266 339 0 9
122768 52.484569549560 -1.889840030670 -37.00 0.00 -178.24 0.89 261 338 0 9
122950 52.484569549560 -1.889840030670 -41.30 0.00 -178.94 0.89 260 338 0 9
123131 52.484569549560 -1.889840030670 -41.90 0.00 180.00 0.89 258 338 0 9
123314 52.484569549560 -1.889840030670 -40.60 0.00 180.00 0.89 261 338 0 9
123495 52.484569549560 -1.889840030670 -38.90 0.00 180.00 0.89 261 339 0 9
123677 52.484569549560 -1.889840030670 -38.40 0.00 180.00 0.89 261 338 0 9
123858 52.484569549560 -1.889840030670 -40.20 0.00 180.00 0.89 258 338 0 9
124041 52.484569549560 -1.889840030670 -45.10 0.00 180.00 0.89 261 335 0 9
124222 52.484569549560 -1.889840030670 -46.20 0.00 -176.48 0.89 258 338 0 9
124404 52.484569549560 -1.889840030670 -46.50 0.00 -162.40 0.89 266 339 0 9
124585 52.484569549560 -1.889840030670 -46.00 0.00 -147.98 0.89 264 339 0 9
124768 52.484569549560 -1.889840030670 -43.90 0.00 -139.18 0.89 260 338 0 9
124949 52.484569549560 -1.889840030670 -43.40 0.00 -136.01 0.89 259 338 0 9
125131 52.484569549560 -1.889840030670 -47.70 0.00 -135.31 0.89 261 338 0 9
125313 52.484569549560 -1.889840030670 -52.80 0.00 -136.72 0.89 264 339 0 9
125494 52.484569549560 -1.889840030670 -53.60 0.00 -139.18 0.89 263 339 0 9
125676 52.484569549560 -1.889840030670 -53.20 0.00 -138.12 0.89 259 335 0 9
125857 52.484569549560 -1.889840030670 -51.00 0.00 -139.53 0.89 261 335 0 9
126040 52.484569549560 -1.889840030670 -46.50 0.00 -133.55 0.89 258 335 0 9
126222 52.484569549560 -1.889840030670 -43.70 0.00 -126.86 0.89 261 335 0 9
126403 52.484569549560 -1.889840030670 -45.40 0.00 -120.53 0.89 261 339 0 9
126584 52.484569549560 -1.889840030670 -46.30 0.00 -117.71 0.89 266 336 0 9
126767 52.484569549560 -1.889840030670 -46.20 0.00 -115.25 0.89 258 335 0 9
126948 52.484569549560 -1.889840030670 -44.20 0.00 -113.49 0.89 289 335 0 9
127130 52.484569549560 -1.889840030670 -41.70 0.00 -117.01 0.89 286 335 0 9
127311 52.484569549560 -1.889840030670 -40.20 0.00 -117.71 0.89 289 335 0 9
127494 52.484569549560 -1.889840030670 -42.70 0.00 -117.01 0.89 292 336 0 9
127675 52.484569549560 -1.889840030670 -48.20 0.00 -118.77 0.89 289 335 0 9
127857 52.484569549560 -1.889840030670 -49.70 0.00 -122.64 0.89 287 227 0 9
128038 52.484569549560 -1.889840030670 -50.10 0.00 -127.21 0.89 289 227 0 9
128221 52.484569549560 -1.889840030670 -47.60 0.00 -136.01 0.89 287 227 0 9
128402 52.484569549560 -1.889840030670 -46.30 0.00 -131.44 0.89 292 229 0 9
128584 52.484569549560 -1.889840030670 -47.80 0.00 -124.05 0.89 287 227 0 9
128765 52.484569549560 -1.889840030670 -52.40 0.00 -117.71 1.34 289 227 0 9
128948 52.484569549560 -1.889840030670 -53.70 0.00 -115.25 1.34 287 227 0 9
129129 52.484569549560 -1.889840030670 -52.10 0.00 -114.19 1.34 289 227 0 9
129311 52.484569549560 -1.889840030670 -51.40 0.00 -114.90 1.34 286 227 0 9
129492 52.484569549560 -1.889840030670 -51.70 0.00 -116.66 1.34 292 229 0 9
129675 52.484569549560 -1.889840030670 -49.80 0.00 -116.30 1.34 286 227 0 9
129856 52.484569549560 -1.889840030670 -48.80 0.00 -114.55 1.34 289 227 0 9
130038 52.484569549560 -1.889840030670 -49.30 0.00 -116.30 1.34 287 227 0 9
130220 52.484569549560 -1.889840030670 -45.80 0.00 -116.30 1.34 289 227 0 9
130402 52.484569549560 -1.889840030670 -42.50 0.00 -113.49 1.34 289 229 0 9
130583 52.484569549560 -1.889840030670 -41.00 0.00 -112.43 1.34 289 227 0 9
130765 52.484569549560 -1.889840030670 -39.20 0.00 -114.19 1.34 286 227 0 9
130947 52.484569549560 -1.889840030670 -36.70 0.00 -113.14 1.34 289 227 0 9
131169 52.484569549560 -1.889840030670 -38.40 0.00 -111.73 1.34 295 227 0 9
131351 52.484569549560 -1.889840030670 -39.20 0.00 -117.01 1.34 289 229 0 9
131432 52.484569549560 -1.889840030670 -38.00 0.00 -119.47 1.34 289 229 0 0
131613 52.484569549560 -1.889840030670 -35.70 0.00 -124.40 1.34 200 318 1 0
131795 52.484569549560 -1.889840030670 -36.40 0.00 -129.33 1.34 410 320 1 0
131997 52.484569549560 -1.889840030670 -37.90 0.00 -130.73 1.34 410 326 1 0
132178 52.484569549560 -1.889840030670 -39.50 0.00 -133.20 1.34 200 329 1 0
132361 52.484569549560 -1.889840030670 -47.60 0.00 -135.31 1.34 200 331 1 0
132542 52.484569549560 -1.889840030670 -51.50 0.00 -144.11 1.34 200 338 1 0
132724 52.484569549560 -1.889840030670 -54.70 0.00 -162.05 1.34 200 344 1 0
132905 52.484569549560 -1.889840030670 -55.90 0.00 180.00 1.34 200 350 1 0
133107 52.484569549560 -1.889840030670 -52.20 0.00 157.83 1.34 200 345 1 0
133289 52.484569549560 -1.889840030670 -48.80 0.00 133.90 1.34 200 336 1 0
133471 52.484569549560 -1.889840030670 -52.50 0.00 127.21 1.34 200 319 1 0
133653 52.484569549560 -1.889840030670 -56.20 0.00 122.99 1.34 200 309 1 0
133834 52.484569549560 -1.889840030670 -58.90 0.00 117.71 1.34 200 301 1 0
134017 52.484569549560 -1.889840030670 -57.80 0.00 123.34 1.34 200 293 1 0
134198 52.484569549560 -1.889840030670 -58.90 0.00 136.72 1.34 200 300 1 0
134401 52.484569549560 -1.889840030670 -59.10 0.00 153.26 1.34 200 312 1 0
134582 52.484569549560 -1.889840030670 -61.20 0.00 171.91 1.34 200 327 1 0
134764 52.484569549560 -1.889840030670 -72.00 0.00 180.00 1.34 200 338 1 0
134945 52.484569549560 -1.889840030670 -83.30 0.00 -169.79 1.34 200 337 1 0
135128 52.484569549560 -1.889840030670 -99.30 0.00 180.00 1.34 200 337 1 0
135309 52.484569549560 -1.889840030670 -116.30 0.00 180.00 1.34 200 315 1 0
135491 52.484569549560 -1.889840030670 -132.70 0.00 180.00 1.34 200 298 1 0
135693 52.484569549560 -1.889840030670 -156.00 0.00 180.00 1.34 236 280 1 0
135874 52.484569549560 -1.889840030670 178.40 0.00 180.00 1.34 253 256 1 0
136056 52.484569549560 -1.889840030670 159.50 0.00 180.00 1.34 356 255 1 0
136238 52.484569549560 -1.889840030670 147.00 0.00 168.39 1.34 356 255 1 0
136420 52.484569549560 -1.889840030670 139.60 0.00 152.90 1.34 347 255 1 0
136601 52.484569549560 -1.889840030670 139.00 0.00 140.94 1.34 335 255 1 0
136783 52.484569549560 -1.889840030670 141.70 0.00 132.84 1.34 324 255 1 0
136985 52.484569549560 -1.889840030670 145.20 0.00 131.79 1.34 316 255 1 0
137166 52.484569549560 -1.889840030670 145.30 0.00 131.79 1.34 316 255 1 0
137349 52.484569549560 -1.889840030670 144.30 0.00 131.79 1.34 316 255 1 0
137530 52.484569549560 -1.889840030670 144.40 0.00 131.79 1.34 316 255 1 0
137712 52.484569549560 -1.889840030670 144.20 0.00 131.79 0.89 316 255 1 0
137893 52.484569549560 -1.889840030670 144.10 0.00 131.79 0.89 316 255 1 0
138096 52.484569549560 -1.889840030670 144.40 0.00 132.14 0.89 316 255 1 0
138277 52.484569549560 -1.889840030670 143.90 0.00 131.79 0.89 316 255 1 0
138460 52.484569549560 -1.889840030670 143.50 0.00 132.14 0.89 316 255 1 0
138641 52.484569549560 -1.889840030670 143.50 0.00 132.14 0.89 316 255 1 0
138823 52.484569549560 -1.889840030670 143.20 0.00 132.14 0.89 316 255 1 0
139004 52.484569549560 -1.889840030670 142.60 0.00 132.14 0.89 316 255 1 0
139187 52.484569549560 -1.889840030670 143.20 0.00 132.14 0.89 316 255 1 0
139388 52.484569549560 -1.889840030670 142.90 0.00 134.25 0.89 316 255 1 0
139570 52.484569549560 -1.889840030670 137.20 0.00 141.29 0.89 318 255 1 0
139752 52.484569549560 -1.889840030670 120.30 0.00 152.20 0.89 324 255 1 0
139933 52.484569549560 -1.889840030670 97.80 0.00 155.72 0.89 333 255 1 0
140115 52.484569549560 -1.889840030670 73.10 0.00 152.20 0.89 345 265 1 0
140297 52.484569549560 -1.889840030670 51.20 0.00 137.77 0.89 364 295 1 0
140479 52.484569549560 -1.889840030670 32.90 0.00 121.23 0.89 410 330 1 0
140681 52.484569549560 -1.889840030670 17.10 0.00 106.45 0.89 410 348 1 0
140862 52.484569549560 -1.889840030670 0.30 0.00 97.30 0.89 410 345 1 0
141044 52.484569549560 -1.889840030670 -11.90 0.00 95.54 0.89 410 330 1 0
141225 52.484569549560 -1.889840030670 -17.00 0.00 95.54 0.89 410 318 1 0
141408 52.484569549560 -1.889840030670 -20.30 0.00 98.71 0.89 410 313 1 0
141589 52.484569549560 -1.889840030670 -20.20 0.00 100.47 0.89 410 313 1 0
141771 52.484569549560 -1.889840030670 -16.30 0.00 103.28 0.89 410 315 1 0
141973 52.484569549560 -1.889840030670 -16.00 0.00 109.27 0.89 410 320 1 0
142155 52.484569549560 -1.889840030670 -24.40 0.00 118.77 0.89 410 326 1 0
142337 52.484569549560 -1.889840030670 -26.80 0.00 114.19 0.45 410 327 1 0
142519 52.484569549560 -1.889840030670 -26.20 0.00 113.84 0.45 410 322 1 0
142700 52.484569549560 -1.889840030670 -24.50 0.00 113.49 0.45 410 322 1 0
142882 52.484569549560 -1.889840030670 -22.00 0.00 115.25 0.45 410 323 1 0
143165 52.484569549560 -1.889840030670 -22.30 0.00 125.81 0.45 289 227 0 0
143346 52.484569549560 -1.889840030670 -28.70 0.00 135.66 0.45 292 227 0 9
143528 52.484569549560 -1.889840030670 -29.30 0.00 133.20 0.45 292 229 0 9
143710 52.484569549560 -1.889840030670 -29.70 0.00 135.31 0.45 289 227 0 9
143892 52.484569549560 -1.889840030670 -26.10 0.00 136.72 0.45 287 227 0 9
144073 52.484569549560 -1.889840030670 -21.40 0.00 150.09 0.45 289 227 0 9
144256 52.484569549560 -1.889840030670 -18.10 0.00 170.85 0.45 287 227 0 9
144437 52.484569549560 -1.889840030670 -22.10 0.00 180.00 0.89 292 229 0 9
144619 52.484569549560 -1.889840030670 -23.20 0.00 180.00 0.89 287 229 0 9
144800 52.484569549560 -1.889840030670 -24.50 0.00 -176.13 0.89 289 227 0 9
144983 52.484569549560 -1.889840030670 -25.30 0.00 -173.67 0.89 287 227 0 9
145164 52.484569549560 -1.889840030670 -26.60 0.00 -173.67 0.89 289 227 0 9
145346 52.484569549560 -1.889840030670 -25.90 0.00 -171.55 0.89 292 227 0 9
145527 52.484569549560 -1.889840030670 -27.70 0.00 -165.57 0.89 292 229 0 9
145710 52.484569549560 -1.889840030670 -32.30 0.00 -162.40 0.89 287 227 0 9
145891 52.484569549560 -1.889840030670 -32.10 0.00 -166.98 0.89 289 227 0 9
146073 52.484569549560 -1.889840030670 -31.80 0.00 -170.15 0.89 287 227 0 9
146254 52.484569549560 -1.889840030670 -30.00 0.00 -175.78 0.89 289 227 0 9
146437 52.484569549560 -1.889840030670 -28.50 0.00 -178.59 0.89 292 229 0 9
146618 52.484569549560 -1.889840030670 -29.00 0.00 -178.24 0.89 289 227 0 9
146800 52.484569549560 -1.889840030670 -33.30 0.00 -173.67 0.89 289 227 0 9
146981 52.484569549560 -1.889840030670 -33.00 0.00 -170.15 0.89 289 227 0 9
147164 52.484569549560 -1.889840030670 -32.60 0.00 -164.16 0.89 289 227 0 9
147345 52.484569549560 -1.889840030670 -29.10 0.00 -163.81 0.89 289 227 0 9
147527 52.484569549560 -1.889840030670 -24.40 0.00 -157.83 0.89 295 229 0 9
147708 52.484569549560 -1.889840030670 -22.90 0.00 -154.31 0.89 286 227 0 9
147891 52.484569549560 -1.889840030670 -27.60 0.00 -155.37 0.89 289 227 0 9
148072 52.484569549560 -1.889840030670 -30.60 0.00 -159.94 0.89 287 227 0 9
148254 52.484569549560 -1.889840030670 -29.80 0.00 -164.87 0.89 289 227 0 9
148435 52.484569549560 -1.889840030670 -25.30 0.00 -164.87 0.89 292 229 0 9
148618 52.484569549560 -1.889840030670 -17.00 0.00 -169.79 0.89 292 229 0 9
148799 52.484569549560 -1.889840030670 -6.20 0.00 -170.85 0.89 287 227 0 9
148981 52.484569549560 -1.889840030670 -0.10 0.00 -169.09 0.00 289 227 0 9
149163 52.484569549560 -1.889840030670 3.20 0.00 -169.44 0.00 286 227 0 9
149345 52.484569549560 -1.889840030670 11.40 0.00 -168.74 0.00 295 229 0 9
149526 52.484569549560 -1.889840030670 22.80 0.00 -169.79 0.00 289 229 0 9
149707 52.484569549560 -1.889840030670 34.20 0.00 -169.79 0.00 289 227 0 9
149890 52.484569549560 -1.889840030670 47.70 0.00 -170.15 0.00 285 227 0 9
150071 52.484569549560 -1.889840030670 58.20 0.00 -171.55 0.00 289 227 0 9
150253 52.484569549560 -1.889840030670 66.40 0.00 -173.31 0.00 286 227 0 9
150434 52.484569549560 -1.889840030670 70.80 0.00 -173.31 0.00 295 229 0 9
150617 52.484569549560 -1.889840030670 73.60 0.00 -173.31 0.00 286 229 0 9
150798 52.484569549560 -1.889840030670 76.00 0.00 -174.37 0.00 289 227 0 9
150980 52.484569549560 -1.889840030670 77.50 0.00 -176.83 0.00 286 227 0 9
151161 52.484569549560 -1.889840030670 77.20 0.00 180.00 0.00 289 227 0 9
151344 52.484569549560 -1.889840030670 76.70 0.00 178.59 1.34 290 229 0 9
151525 52.484569549560 -1.889840030670 77.20 0.00 160.65 1.34 295 229 0 9
151707 52.484569549560 -1.889840030670 77.10 0.00 142.35 1.34 286 227 0 9
151888 52.484569549560 -1.889840030670 77.90 0.00 124.40 1.34 289 227 0 9
152071 52.484569549560 -1.889840030670 78.20 0.00 107.86 1.34 286 227 0 9
152252 52.484569549560 -1.889840030670 79.10 0.00 97.65 1.34 286 227 0 9
152434 52.484569549560 -1.889840030670 79.40 0.00 95.54 1.34 293 229 0 9
152615 52.484569549560 -1.889840030670 79.40 0.00 96.60 1.34 289 227 0 9
152798 52.484569549560 -1.889840030670 79.40 0.00 95.89 1.34 287 227 0 9
152979 52.484569549560 -1.889840030670 79.70 0.00 95.54 1.34 289 227 0 9
153161 52.484569549560 -1.889840030670 79.70 0.00 95.54 1.34 287 227 0 9
153342 52.484569549560 -1.889840030670 79.70 0.00 95.54 1.34 295 226 0 9
153525 52.484569549560 -1.889840030670 79.70 0.00 95.54 1.79 289 229 0 9
153706 52.484569549560 -1.889840030670 79.70 0.00 95.54 1.79 289 226 0 9
153888 52.484569549560 -1.889840030670 79.70 0.00 94.13 1.79 286 227 0 9
154070 52.484569549560 -1.889840030670 79.70 0.00 92.02 1.79 289 227 0 9
154252 52.484569549560 -1.889840030670 79.70 0.00 92.02 1.79 287 227 0 9
154433 52.484569549560 -1.889840030670 79.70 0.00 91.67 1.79 292 229 0 9
154615 52.484569549560 -1.889840030670 79.70 0.00 90.97 1.79 286 227 0 9
154797 52.484569549560 -1.889840030670 79.70 0.00 90.26 1.79 289 227 0 9
154979 52.484569549560 -1.889840030670 79.80 0.00 88.50 1.79 287 227 0 9
155160 52.484569549560 -1.889840030670 79.70 0.00 87.45 1.79 289 227 0 9
155342 52.484569549560 -1.889840030670 79.80 0.00 84.63 1.79 292 229 0 9
155524 52.484569549560 -1.889840030670 79.80 0.00 75.84 1.79 292 228 0 9
155706 52.484569549560 -1.889840030670 79.70 0.00 62.11 0.45 286 227 0 9
155887 52.484569549560 -1.889840030670 79.80 0.00 56.48 0.45 289 227 0 9
156069 52.484569549560 -1.889840030670 79.80 0.00 54.72 0.45 287 227 0 9
156251 52.484569549560 -1.889840030670 79.80 0.00 56.83 0.45 289 227 0 9
156433 52.484569549560 -1.889840030670 79.80 0.00 56.83 0.45 292 229 0 9
156614 52.484569549560 -1.889840030670 79.80 0.00 56.48 0.45 289 227 0 9
156796 52.484569549560 -1.889840030670 79.80 0.00 56.48 0.45 286 227 0 9
156978 52.484569549560 -1.889840030670 79.80 0.00 56.48 0.45 289 227 0 9
157160 52.484569549560 -1.889840030670 79.80 0.00 56.13 0.45 286 227 0 9
157341 52.484569549560 -1.889840030670 79.80 0.00 57.54 0.45 292 229 0 9
157523 52.484569549560 -1.889840030670 79.80 0.00 57.18 0.45 292 229 0 9
157705 52.484569549560 -1.889840030670 79.80 0.00 57.18 0.45 289 227 0 9
