358524 -0.00 ovf 33.90 -77.07 0.00 315 230 1
360744 -0.00 ovf 25.70 -77.42 0.00 315 230 0
362949 -0.00 ovf 25.70 -77.42 0.00 315 230 0
365155 -0.00 ovf 25.70 -77.42 0.00 315 230 0
367361 -0.00 ovf 25.70 -77.42 0.00 315 230 0
369565 -0.00 ovf 25.70 -77.42 0.00 315 230 0
371771 -0.00 ovf 25.70 -77.42 0.00 315 230 0
373977 -0.00 ovf 25.70 -77.42 0.00 315 230 0
376181 -0.00 ovf 26.00 -77.77 0.00 315 230 0
378386 -0.00 ovf 26.00 -77.77 0.00 315 230 0
379766 -0.00 ovf 26.10 -78.12 0.00 315 230 0
379945 -0.00 ovf 26.10 -78.12 0.00 315 230 0
380129 -0.00 ovf 26.10 -78.12 0.00 315 230 0
380311 -0.00 ovf 26.10 -78.12 0.00 315 230 0
380491 -0.00 ovf 26.10 -78.12 0.00 315 230 0
380673 -0.00 ovf 26.10 -78.12 0.00 315 230 0
380855 -0.00 ovf 26.10 -78.12 0.00 315 230 0
381036 -0.00 ovf 26.10 -78.12 0.00 315 230 0
381219 -0.00 ovf 26.10 -78.12 0.00 315 230 0
381400 -0.00 ovf 26.10 -78.12 0.00 315 230 0
381582 -0.00 ovf 26.10 -78.12 0.00 315 230 0
381763 -0.00 ovf 26.10 -78.12 0.00 315 230 0
381944 -0.00 ovf 26.10 -78.12 0.00 315 230 0
382128 -0.00 ovf 26.10 -78.12 0.00 315 230 0
382310 -0.00 ovf 26.10 -78.12 0.00 315 230 0
382490 -0.00 ovf 26.10 -78.12 0.00 315 230 0
382671 -0.00 ovf 26.20 -78.12 0.00 315 230 0
382854 -0.00 ovf 26.20 -78.12 0.00 315 230 0
383035 -0.00 ovf 26.20 -78.12 0.00 315 230 0
383219 -0.00 ovf 26.20 -78.12 0.00 315 230 0
383398 -0.00 ovf 26.20 -78.12 0.00 315 230 0
383581 -0.00 ovf 26.20 -78.12 0.00 315 230 0
383762 -0.00 ovf 26.20 -78.12 0.00 315 230 0
383944 -0.00 ovf 26.20 -78.12 0.00 315 230 0
384126 -0.00 ovf 26.20 -78.12 0.00 315 230 0
384310 -0.00 ovf 26.20 -78.12 0.00 315 230 0
384489 -0.00 ovf 26.20 -78.12 0.00 315 230 0
384671 -0.00 ovf 26.20 -78.12 0.00 315 230 0
384852 -0.00 ovf 26.20 -78.12 0.00 315 230 0
385035 -0.00 ovf 26.20 -78.12 0.00 315 230 0
385218 -0.00 ovf 26.20 -78.12 0.00 315 230 0
385398 -0.00 ovf 26.20 -78.12 0.00 315 230 0
385580 -0.00 ovf 26.20 -78.12 0.00 315 230 0
385762 -0.00 ovf 26.20 -78.12 0.00 315 230 0
385943 -0.00 ovf 26.20 -78.12 0.00 315 230 0
386126 -0.00 ovf 26.20 -78.12 0.00 315 230 0
386309 -0.00 ovf 26.20 -78.12 0.00 315 230 0
386488 -0.00 ovf 26.20 -78.12 0.00 315 230 0
386670 -0.00 ovf 26.20 -77.77 0.00 315 230 0
386851 -0.00 ovf 26.20 -78.12 0.00 315 230 0
387034 -0.00 ovf 26.20 -78.12 0.00 315 230 0
387217 -0.00 ovf 26.20 -78.12 0.00 315 230 0
387397 -0.00 ovf 26.20 -78.12 0.00 315 230 0
387578 -0.00 ovf 26.20 -78.12 0.00 315 230 0
387761 -0.00 ovf 26.20 -78.12 0.00 315 230 0
387942 -0.00 ovf 26.20 -78.12 0.00 315 230 0
388125 -0.00 ovf 26.20 -78.12 0.00 315 230 0
388307 -0.00 ovf 26.20 -78.12 0.00 315 230 0
388488 -0.00 ovf 26.20 -78.12 0.00 315 230 0
388669 -0.00 ovf 26.20 -78.12 0.00 315 230 0
388850 -0.00 ovf 26.20 -78.12 0.00 315 230 0
389032 -0.00 ovf 26.20 -78.12 0.00 315 230 0
389216 -0.00 ovf 26.20 -78.48 0.00 315 230 0
389396 -0.00 ovf 26.20 -78.12 0.00 315 230 0
389578 -0.00 ovf 26.20 -78.12 0.00 315 230 0
389760 -0.00 ovf 26.20 -78.12 0.00 315 230 0
389941 -0.00 ovf 26.20 -77.77 0.00 315 230 0
390124 -0.00 ovf 26.20 -78.12 0.00 315 230 0
390306 -0.00 ovf 26.20 -78.12 0.00 315 230 0
390487 -0.00 ovf 26.20 -78.12 0.00 315 230 0
390668 -0.00 ovf 26.20 -78.12 0.00 315 230 0
390850 -0.00 ovf 26.20 -78.12 0.00 315 230 0
391031 -0.00 ovf 26.20 -78.12 0.00 315 230 0
391215 -0.00 ovf 26.20 -78.12 0.00 315 230 0
391395 -0.00 ovf 26.20 -78.12 0.00 315 230 0
391577 -0.00 ovf 26.20 -78.12 0.00 315 230 0
391758 -0.00 ovf 26.20 -78.12 0.00 315 230 0
391940 -0.00 ovf 26.20 -78.12 0.00 315 230 0
392123 -0.00 ovf 26.20 -78.12 0.00 315 230 0
392305 -0.00 ovf 26.20 -78.12 0.00 315 230 0
392485 -0.00 ovf 26.20 -78.12 0.00 315 230 0
392667 -0.00 ovf 26.20 -78.12 0.00 315 230 0
392849 -0.00 ovf 26.20 -78.12 0.00 315 230 0
393030 -0.00 ovf 26.20 -78.12 0.00 315 230 0
393214 -0.00 ovf 26.20 -78.12 0.00 315 230 0
393395 -0.00 ovf 26.20 -78.12 0.00 315 230 0
393576 -0.00 ovf 26.20 -78.12 0.00 315 230 0
393757 -0.00 ovf 26.20 -78.12 0.00 315 230 0
393939 -0.00 ovf 26.20 -78.12 0.00 315 230 0
394122 -0.00 ovf 26.20 -78.12 0.00 315 230 0
394305 -0.00 ovf 26.20 -77.77 0.00 315 230 0
394484 -0.00 ovf 26.20 -78.12 0.00 315 230 0
394667 -0.00 ovf 26.20 -78.12 0.00 315 230 0
394849 -0.00 ovf 26.20 -78.12 0.00 315 230 0
395030 -0.00 ovf 26.20 -78.12 0.00 315 230 0
395214 -0.00 ovf 26.20 -78.12 0.00 315 230 0
395394 -0.00 ovf 26.20 -78.12 0.00 315 230 0
395576 -0.00 ovf 26.20 -78.12 0.00 315 230 0
395757 -0.00 ovf 26.20 -78.12 0.00 315 230 0
395939 -0.00 ovf 26.20 -78.12 0.00 315 230 0
396122 -0.00 ovf 26.20 -78.12 0.00 315 230 0
396304 -0.00 ovf 26.20 -78.12 0.00 315 230 0
396484 -0.00 ovf 26.20 -78.12 0.00 315 230 0
396665 -0.00 ovf 26.20 -78.12 0.00 315 230 0
396848 -0.00 ovf 26.20 -78.12 0.00 315 230 0
397029 -0.00 ovf 26.20 -77.77 0.00 315 230 0
397212 -0.00 ovf 26.20 -78.12 0.00 315 230 0
397392 -0.00 ovf 26.20 -78.12 0.00 315 230 0
397575 -0.00 ovf 26.20 -78.12 0.00 315 230 0
397756 -0.00 ovf 26.20 -78.12 0.00 315 230 0
397938 -0.00 ovf 26.20 -78.12 0.00 315 230 0
398120 -0.00 ovf 26.20 -78.12 0.00 315 230 0
398303 -0.00 ovf 26.20 -78.12 0.00 315 230 0
398483 -0.00 ovf 26.20 -78.48 0.00 315 230 0
398664 -0.00 ovf 26.20 -78.12 0.00 315 230 0
398846 -0.00 ovf 26.20 -78.12 0.00 315 230 0
399028 -0.00 ovf 26.20 -78.12 0.00 315 230 0
399212 -0.00 ovf 26.20 -78.12 0.00 315 230 0
399391 -0.00 ovf 26.20 -78.12 0.00 315 230 0
399574 -0.00 ovf 26.20 -78.12 0.00 315 230 0
399755 -0.00 ovf 26.20 -78.12 0.00 315 230 0
399937 -0.00 ovf 26.20 -78.12 0.00 315 230 0
400119 -0.00 ovf 26.20 -78.12 0.00 315 230 0
400302 -0.00 ovf 26.20 -78.12 0.00 315 230 0
400482 -0.00 ovf 26.20 -78.48 0.00 315 230 0
400664 -0.00 ovf 26.20 -78.12 0.00 315 230 0
400845 -0.00 ovf 26.20 -78.48 0.00 315 230 0
401028 -0.00 ovf 26.20 -78.12 0.00 315 230 0
401211 -0.00 ovf 26.20 -78.48 0.00 315 230 0
401391 -0.00 ovf 26.20 -78.12 0.00 315 230 0
401572 -0.00 ovf 26.20 -78.12 0.00 315 230 0
401755 -0.00 ovf 26.20 -78.12 0.00 315 230 0
401936 -0.00 ovf 26.20 -78.12 0.00 315 230 0
402118 -0.00 ovf 26.20 -78.12 0.00 315 230 0
402301 -0.00 ovf 26.20 -78.12 0.00 315 230 0
402481 -0.00 ovf 26.20 -78.48 0.00 315 230 0
402663 -0.00 ovf 26.20 -78.12 0.00 315 230 0
402844 -0.00 ovf 26.20 -78.12 0.00 315 230 0
403026 -0.00 ovf 26.20 -78.12 0.00 315 230 0
403210 -0.00 ovf 26.20 -78.12 0.00 315 230 0
403390 -0.00 ovf 26.20 -78.12 0.00 315 230 0
403571 -0.00 ovf 26.20 -78.12 0.00 315 230 0
403753 -0.00 ovf 26.20 -78.12 0.00 315 230 0
403935 -0.00 ovf 26.20 -78.48 0.00 315 230 0
404118 -0.00 ovf 26.20 -78.48 0.00 315 230 0
404300 -0.00 ovf 26.20 -78.48 0.00 315 230 0
404481 -0.00 ovf 26.20 -78.48 0.00 315 230 0
404662 -0.00 ovf 26.20 -78.12 0.00 315 230 0
404844 -0.00 ovf 26.20 -78.12 0.00 315 230 0
405025 -0.00 ovf 26.20 -78.12 0.00 315 230 0
405209 -0.00 ovf 26.20 -78.48 0.00 315 230 0
405389 -0.00 ovf 26.20 -78.12 0.00 315 230 0
405571 -0.00 ovf 26.20 -78.12 0.00 315 230 0
405752 -0.00 ovf 26.20 -78.12 0.00 315 230 0
405935 -0.00 ovf 26.20 -78.12 0.00 315 230 0
406118 -0.00 ovf 26.20 -78.48 0.00 315 230 0
406299 -0.00 ovf 26.20 -78.12 0.00 315 230 0
406479 -0.00 ovf 26.20 -78.12 0.00 315 230 0
406661 -0.00 ovf 26.20 -78.12 0.00 315 230 0
406843 -0.00 ovf 26.20 -78.12 0.00 315 230 0
407024 -0.00 ovf 26.20 -78.12 0.00 315 230 0
407208 -0.00 ovf 26.20 -78.12 0.00 315 230 0
407388 -0.00 ovf 26.20 -78.12 0.00 315 230 0
407570 -0.00 ovf 26.20 -78.12 0.00 315 230 0
407751 -0.00 ovf 26.20 -78.12 0.00 315 230 0
407933 -0.00 ovf 26.20 -78.12 0.00 315 230 0
408116 -0.00 ovf 26.20 -78.12 0.00 315 230 0
408299 -0.00 ovf 26.20 -78.12 0.00 315 230 0
408478 -0.00 ovf 26.20 -78.12 0.00 315 230 0
408660 -0.00 ovf 26.20 -78.12 0.00 315 230 0
408842 -0.00 ovf 26.20 -78.12 0.00 315 230 0
409024 -0.00 ovf 26.20 -78.12 0.00 315 230 0
409207 -0.00 ovf 26.20 -78.12 0.00 315 230 0
409388 -0.00 ovf 26.20 -78.12 0.00 315 230 0
409569 -0.00 ovf 26.20 -78.12 0.00 315 230 0
409751 -0.00 ovf 26.20 -78.48 0.00 315 230 0
409932 -0.00 ovf 26.20 -78.48 0.00 315 230 0
410115 -0.00 ovf 26.20 -78.12 0.00 315 230 0
410296 -0.00 ovf 26.20 -78.12 0.00 315 230 0
410481 -0.00 ovf 26.20 -78.12 0.00 315 230 0
410661 -0.00 ovf 26.20 -78.12 0.00 315 230 0
410844 -0.00 ovf 26.20 -78.12 0.00 315 230 0
411025 -0.00 ovf 26.20 -78.48 0.00 315 230 0
411208 -0.00 ovf 26.20 -78.12 0.00 315 230 0
411388 -0.00 ovf 26.20 -78.12 0.00 315 230 0
411571 -0.00 ovf 26.20 -78.12 0.00 315 230 0
411752 -0.00 ovf 26.20 -78.12 0.00 315 230 0
411934 -0.00 ovf 26.20 -78.12 0.00 315 230 0
412116 -0.00 ovf 26.20 -78.12 0.00 315 230 0
412298 -0.00 ovf 26.20 -78.12 0.00 315 230 0
412481 -0.00 ovf 26.20 -78.12 0.00 315 230 0
412660 -0.00 ovf 26.20 -78.12 0.00 315 230 0
412843 -0.00 ovf 26.20 -78.48 0.00 315 230 0
413024 -0.00 ovf 26.20 -78.12 0.00 315 230 0
413208 -0.00 ovf 26.20 -78.12 0.00 315 230 0
413387 -0.00 ovf 26.20 -78.12 0.00 315 230 0
413570 -0.00 ovf 26.20 -78.48 0.00 315 230 0
413751 -0.00 ovf 26.20 -78.12 0.00 315 230 0
413933 -0.00 ovf 26.20 -78.12 0.00 315 230 0
414115 -0.00 ovf 26.20 -78.12 0.00 315 230 0
414297 -0.00 ovf 26.20 -78.12 0.00 315 230 0
414480 -0.00 ovf 26.20 -78.48 0.00 315 230 0
414660 -0.00 ovf 26.20 -78.48 0.00 315 230 0
414841 -0.00 ovf 26.20 -78.12 0.00 315 230 0
415024 -0.00 ovf 26.20 -78.12 0.00 315 230 0
415207 -0.00 ovf 26.20 -78.12 0.00 315 230 0
415387 -0.00 ovf 26.20 -78.12 0.00 315 230 0
415568 -0.00 ovf 26.20 -78.12 0.00 315 230 0
415750 -0.00 ovf 26.20 -78.12 0.00 315 230 0
415932 -0.00 ovf 26.20 -78.12 0.00 315 230 0
416114 -0.00 ovf 26.20 -78.12 0.00 315 230 0
416295 -0.00 ovf 26.20 -78.12 0.00 315 230 0
416479 -0.00 ovf 26.20 -78.12 0.00 315 230 0
416659 -0.00 ovf 26.20 -78.48 0.00 315 230 0
416840 -0.00 ovf 26.20 -78.12 0.00 315 230 0
417022 -0.00 ovf 26.20 -78.48 0.00 315 230 0
417206 -0.00 ovf 26.20 -78.48 0.00 315 230 0
417386 -0.00 ovf 26.20 -78.48 0.00 315 230 0
417567 -0.00 ovf 26.20 -78.48 0.00 315 230 0
417750 -0.00 ovf 26.20 -78.12 0.00 315 230 0
417931 -0.00 ovf 26.20 -78.48 0.00 315 230 0
418114 -0.00 ovf 26.20 -78.12 0.00 315 230 0
418294 -0.00 ovf 26.20 -78.12 0.00 315 230 0
418478 -0.00 ovf 26.20 -78.12 0.00 315 230 0
