58976 0.00 ovf 14.30 52.79 0.00 305 230 1
59122 0.00 ovf 12.20 53.14 0.00 200 181 1
59265 0.00 ovf 12.10 52.79 0.00 200 182 1
59406 0.00 ovf 11.60 52.79 0.00 200 181 1
59547 0.00 ovf 12.00 52.79 0.00 200 181 1
59688 0.00 ovf 12.00 52.79 0.00 200 181 1
59830 0.00 ovf 12.00 52.79 0.00 200 181 1
59972 0.00 ovf 12.00 52.79 0.00 200 181 1
60112 0.00 ovf 11.80 52.79 0.00 200 181 1
60254 0.00 ovf 11.80 52.79 0.00 200 181 1
60395 0.00 ovf 11.80 52.79 0.00 200 181 1
60536 0.00 ovf 11.80 52.79 0.00 200 181 1
60678 0.00 ovf 11.80 52.43 0.00 200 181 1
60819 0.00 ovf 11.80 52.79 0.00 200 181 1
60961 0.00 ovf 11.40 52.79 0.00 200 181 1
61102 0.00 ovf 11.70 52.79 0.00 200 181 1
61243 0.00 ovf 11.70 52.43 0.00 200 181 1
61385 0.00 ovf 11.70 52.79 0.00 200 181 1
61527 0.00 ovf 11.50 52.79 0.00 200 181 1
61668 0.00 ovf 11.50 52.79 0.00 200 181 1
61809 0.00 ovf 11.50 52.79 0.00 200 181 1
61950 0.00 ovf 11.50 52.79 0.00 200 181 1
62092 0.00 ovf 11.50 52.79 0.00 200 181 1
62233 0.00 ovf 11.50 52.79 0.00 200 181 1
62374 0.00 ovf 11.50 52.79 0.00 200 181 1
62516 0.00 ovf 11.50 52.79 0.00 200 181 1
62657 0.00 ovf 11.50 52.79 0.00 200 181 1
62798 0.00 ovf 11.50 52.79 0.00 200 181 1
62940 0.00 ovf 11.50 52.79 0.00 200 181 1
63081 0.00 ovf 11.50 52.43 0.00 200 181 1
63222 0.00 ovf 11.50 52.43 0.00 200 181 1
63364 0.00 ovf 11.50 52.43 0.00 200 181 1
63505 0.00 ovf 11.50 52.79 0.00 200 181 1
63646 0.00 ovf 11.50 52.79 0.00 200 181 1
63790 0.00 ovf 11.50 52.79 0.00 200 181 1
63929 0.00 ovf 11.50 52.79 0.00 200 181 1
64070 0.00 ovf 11.50 52.79 0.00 200 181 1
64211 0.00 ovf 11.50 52.79 0.00 200 181 1
64353 0.00 ovf 11.50 52.79 0.00 200 181 1
64494 0.00 ovf 11.50 52.79 0.00 200 181 1
64635 0.00 ovf 11.50 52.79 0.00 200 181 1
64779 0.00 ovf 11.50 52.43 0.00 200 181 1
64918 0.00 ovf 11.50 52.79 0.00 200 181 1
65060 0.00 ovf 11.50 52.79 0.00 200 181 1
65202 0.00 ovf 11.50 52.79 0.00 200 181 1
65343 0.00 ovf 11.50 52.43 0.00 200 181 1
65484 0.00 ovf 11.50 52.43 0.00 200 181 1
65626 0.00 ovf 11.50 52.79 0.00 200 181 1
65768 0.00 ovf 11.50 52.79 0.00 200 181 1
65907 0.00 ovf 11.50 52.79 0.00 200 181 1
66050 0.00 ovf 11.50 52.79 0.00 200 181 1
66191 0.00 ovf 11.50 52.79 0.00 200 181 1
66332 0.00 ovf 11.50 52.79 0.00 200 181 1
66473 0.00 ovf 11.50 52.79 0.00 200 181 1
66615 0.00 ovf 11.50 52.79 0.00 200 181 1
66757 0.00 ovf 11.50 52.79 0.00 200 181 1
66899 0.00 ovf 11.50 52.79 0.00 200 181 1
67039 0.00 ovf 11.50 52.79 0.00 200 181 1
67180 0.00 ovf 11.50 52.79 0.00 200 181 1
67321 0.00 ovf 11.50 52.79 0.00 200 181 1
67463 0.00 ovf 11.50 52.79 0.00 200 181 1
67604 0.00 ovf 11.50 52.43 0.00 200 181 1
67746 0.00 ovf 11.50 52.79 0.00 200 181 1
67889 0.00 ovf 11.50 52.79 0.00 200 181 1
68028 0.00 ovf 11.50 52.79 0.00 200 181 1
68169 0.00 ovf 11.50 52.79 0.00 200 181 1
68312 0.00 ovf 11.50 52.79 0.00 200 181 1
68453 0.00 ovf 11.50 52.79 0.00 200 181 1
68594 0.00 ovf 11.50 52.79 0.00 200 181 1
68736 0.00 ovf 11.50 52.79 0.00 200 181 1
68879 0.00 ovf 11.50 52.79 0.00 200 181 1
69018 0.00 ovf 11.50 52.79 0.00 200 181 1
69159 0.00 ovf 11.50 52.79 0.00 200 181 1
69301 0.00 ovf 11.50 52.79 0.00 200 181 1
69442 0.00 ovf 11.50 52.79 0.00 200 181 1
69583 0.00 ovf 11.50 52.79 0.00 200 181 1
69725 0.00 ovf 11.50 52.79 0.00 200 181 1
69868 0.00 ovf 11.50 52.79 0.00 200 181 1
70007 0.00 ovf 11.50 52.79 0.00 200 181 1
70149 0.00 ovf 11.50 52.79 0.00 200 181 1
70290 0.00 ovf 11.50 52.43 0.00 200 181 1
70431 0.00 ovf 11.50 52.79 0.00 200 181 1
70573 0.00 ovf 11.50 52.43 0.00 200 181 1
70714 0.00 ovf 11.50 52.79 0.00 200 181 1
70855 0.00 ovf 11.50 52.79 0.00 200 181 1
70998 0.00 ovf 11.50 52.79 0.00 200 181 1
71138 0.00 ovf 11.50 52.79 0.00 200 181 1
71279 0.00 ovf 11.50 52.79 0.00 200 181 1
71420 0.00 ovf 11.50 52.79 0.00 200 181 1
71562 0.00 ovf 11.50 52.79 0.00 200 181 1
71703 0.00 ovf 11.50 52.43 0.00 200 181 1
71844 0.00 ovf 11.50 52.79 0.00 200 181 1
71987 0.00 ovf 11.50 52.79 0.00 200 181 1
72128 0.00 ovf 11.50 52.43 0.00 200 181 1
72269 0.00 ovf 11.50 52.79 0.00 200 181 1
72411 0.00 ovf 11.50 52.79 0.00 200 181 1
72552 0.00 ovf 11.50 52.43 0.00 200 181 1
72693 0.00 ovf 11.50 52.79 0.00 200 181 1
72835 0.00 ovf 11.50 52.79 0.00 200 181 1
72976 0.00 ovf 11.50 52.79 0.00 200 181 1
73117 0.00 ovf 11.50 52.79 0.00 200 181 1
73259 0.00 ovf 11.50 52.79 0.00 200 181 1
73400 0.00 ovf 11.50 52.79 0.00 200 181 1
73541 0.00 ovf 11.50 52.79 0.00 200 181 1
73682 0.00 ovf 11.50 52.43 0.00 200 181 1
73824 0.00 ovf 11.50 52.79 0.00 200 181 1
73966 0.00 ovf 11.50 52.43 0.00 200 181 1
74106 0.00 ovf 11.50 52.79 0.00 200 181 1
74248 0.00 ovf 11.50 52.79 0.00 200 181 1
74389 0.00 ovf 11.50 52.43 0.00 200 181 1
74530 0.00 ovf 11.50 52.79 0.00 200 181 1
74672 0.00 ovf 11.50 52.79 0.00 200 181 1
74813 0.00 ovf 11.50 52.79 0.00 200 181 1
74955 0.00 ovf 11.50 52.79 0.00 200 181 1
75096 0.00 ovf 11.50 52.79 0.00 200 181 1
75238 0.00 ovf 11.50 52.79 0.00 200 181 1
75379 0.00 ovf 11.50 52.79 0.00 200 181 1
75521 0.00 ovf 11.50 52.79 0.00 200 181 1
75662 0.00 ovf 11.50 52.43 0.00 200 181 1
75803 0.00 ovf 11.50 52.79 0.00 200 181 1
75944 0.00 ovf 11.50 52.79 0.00 200 181 1
76086 0.00 ovf 11.50 52.79 0.00 200 181 1
76227 0.00 ovf 11.50 52.43 0.00 200 181 1
76368 0.00 ovf 11.50 52.79 0.00 200 181 1
76510 0.00 ovf 11.50 52.79 0.00 200 181 1
76651 0.00 ovf 11.50 52.79 0.00 200 181 1
76792 0.00 ovf 11.50 52.79 0.00 200 181 1
76934 0.00 ovf 11.50 52.79 0.00 200 181 1
77075 0.00 ovf 11.50 52.79 0.00 200 181 1
77216 0.00 ovf 11.50 52.79 0.00 200 181 1
77358 0.00 ovf 11.50 52.79 0.00 200 181 1
77499 0.00 ovf 11.50 52.43 0.00 200 181 1
77640 0.00 ovf 11.50 52.79 0.00 200 181 1
77784 0.00 ovf 11.50 52.79 0.00 200 181 1
77925 0.00 ovf 11.50 52.79 0.00 200 181 1
78064 0.00 ovf 11.50 52.43 0.00 200 181 1
78205 0.00 ovf 11.50 52.79 0.00 200 181 1
78347 0.00 ovf 11.50 52.79 0.00 200 181 1
78488 0.00 ovf 11.50 52.79 0.00 200 181 1
78630 0.00 ovf 11.50 52.79 0.00 200 181 1
78773 0.00 ovf 11.50 52.79 0.00 200 181 1
78914 0.00 ovf 11.50 52.79 0.00 200 181 1
79054 0.00 ovf 11.50 52.79 0.00 200 181 1
79196 0.00 ovf 11.50 52.79 0.00 200 181 1
79337 0.00 ovf 11.50 52.79 0.00 200 181 1
79478 0.00 ovf 11.50 52.79 0.00 200 181 1
79620 0.00 ovf 11.50 52.79 0.00 200 181 1
79762 0.00 ovf 11.50 52.43 0.00 200 181 1
79904 0.00 ovf 11.50 52.43 0.00 200 181 1
80044 0.00 ovf 11.50 52.43 0.00 200 181 1
80185 0.00 ovf 11.50 52.79 0.00 200 181 1
80326 0.00 ovf 11.50 52.43 0.00 200 181 1
80467 0.00 ovf 11.50 52.79 0.00 200 181 1
80609 0.00 ovf 11.50 52.43 0.00 200 181 1
80751 0.00 ovf 11.50 52.43 0.00 200 181 1
80893 0.00 ovf 11.50 52.79 0.00 200 181 1
81033 0.00 ovf 11.50 52.79 0.00 200 181 1
81174 0.00 ovf 11.50 52.43 0.00 200 181 1
81315 0.00 ovf 11.50 52.79 0.00 200 181 1
81457 0.00 ovf 11.50 52.43 0.00 200 181 1
81598 0.00 ovf 11.50 52.79 0.00 200 181 1
81740 0.00 ovf 11.50 52.79 0.00 200 181 1
81883 0.00 ovf 11.50 52.79 0.00 200 181 1
82023 0.00 ovf 11.50 52.79 0.00 200 181 1
82164 0.00 ovf 11.50 52.79 0.00 200 181 1
82306 0.00 ovf 11.50 52.79 0.00 200 181 1
82447 0.00 ovf 11.50 52.79 0.00 200 181 1
82588 0.00 ovf 11.50 52.43 0.00 200 181 1
82729 0.00 ovf 11.50 52.79 0.00 200 181 1
82870 0.00 ovf 11.50 52.79 0.00 200 181 1
83013 0.00 ovf 11.50 52.43 0.00 200 181 1
83153 0.00 ovf 11.50 52.43 0.00 200 181 1
83295 0.00 ovf 11.50 52.79 0.00 200 181 1
83436 0.00 ovf 11.50 52.79 0.00 200 181 1
83577 0.00 ovf 11.50 52.79 0.00 200 181 1
83719 0.00 ovf 11.50 52.79 0.00 200 181 1
83860 0.00 ovf 11.50 52.79 0.00 200 181 1
84002 0.00 ovf 11.50 52.79 0.00 200 181 1
84143 0.00 ovf 11.50 52.79 0.00 200 181 1
84284 0.00 ovf 11.50 52.79 0.00 200 181 1
84425 0.00 ovf 11.50 52.79 0.00 200 181 1
84567 0.00 ovf 11.50 52.79 0.00 200 181 1
84708 0.00 ovf 11.50 52.43 0.00 200 181 1
84849 0.00 ovf 11.50 52.79 0.00 200 181 1
84992 0.00 ovf 11.50 52.79 0.00 200 181 1
85132 0.00 ovf 11.50 52.79 0.00 200 181 1
85273 0.00 ovf 11.50 52.79 0.00 200 181 1
85414 0.00 ovf 11.50 52.79 0.00 200 181 1
85557 0.00 ovf 11.50 52.79 0.00 200 181 1
85698 0.00 ovf 11.50 52.79 0.00 200 181 1
85839 0.00 ovf 11.50 52.79 0.00 200 181 1
85983 0.00 ovf 11.50 52.79 0.00 200 181 1
86124 0.00 ovf 11.50 52.79 0.00 200 181 1
86265 0.00 ovf 11.50 52.43 0.00 200 181 1
86407 0.00 ovf 11.50 52.79 0.00 200 181 1
86548 0.00 ovf 11.50 52.79 0.00 200 181 1
86689 0.00 ovf 11.50 52.43 0.00 200 181 1
86831 0.00 ovf 11.50 52.79 0.00 200 181 1
86973 0.00 ovf 11.50 52.43 0.00 200 181 1
87113 0.00 ovf 11.50 52.79 0.00 200 181 1
87255 0.00 ovf 11.50 52.79 0.00 200 181 1
87396 0.00 ovf 11.50 52.79 0.00 200 181 1
87537 0.00 ovf 11.50 52.79 0.00 200 181 1
87678 0.00 ovf 11.50 52.79 0.00 200 181 1
87820 0.00 ovf 11.50 52.79 0.00 200 181 1
87962 0.00 ovf 11.50 52.43 0.00 200 181 1
88102 0.00 ovf 11.50 52.79 0.00 200 181 1
88244 0.00 ovf 11.50 52.79 0.00 200 181 1
88386 0.00 ovf 11.50 52.79 0.00 200 181 1
88527 0.00 ovf 11.50 52.79 0.00 200 181 1
88669 0.00 ovf 11.50 52.79 0.00 200 181 1
88810 0.00 ovf 11.50 52.43 0.00 200 181 1
88951 0.00 ovf 11.50 52.79 0.00 200 181 1
89093 0.00 ovf 11.50 52.79 0.00 200 181 1
89234 0.00 ovf 11.50 52.79 0.00 200 181 1
89375 0.00 ovf 11.50 52.79 0.00 200 181 1
89517 0.00 ovf 11.50 52.79 0.00 200 181 1
89658 0.00 ovf 11.50 52.79 0.00 200 181 1
89799 0.00 ovf 11.50 52.79 0.00 200 181 1
89940 0.00 ovf 11.50 52.79 0.00 200 181 1
90082 0.00 ovf 11.50 52.79 0.00 200 181 1
90223 0.00 ovf 11.50 52.79 0.00 200 181 1
90364 0.00 ovf 11.50 52.79 0.00 200 181 1
90506 0.00 ovf 11.50 52.79 0.00 200 181 1
90647 0.00 ovf 11.50 52.79 0.00 200 181 1
90790 0.00 ovf 11.50 52.43 0.00 200 181 1
90932 0.00 ovf 11.50 52.79 0.00 200 181 1
91071 0.00 ovf 11.50 52.79 0.00 200 181 1
91253 0.00 ovf 11.50 52.79 0.00 200 181 0
91435 0.00 ovf 11.50 52.79 0.00 200 181 0
91617 0.00 ovf 11.50 52.79 0.00 200 181 0
91800 0.00 ovf 11.50 52.79 0.00 200 181 0
91979 0.00 ovf 11.50 52.43 0.00 200 181 0
92162 0.00 ovf 11.50 52.79 0.00 200 181 0
92343 0.00 ovf 11.50 52.79 0.00 200 181 0
92525 0.00 ovf 11.50 52.43 0.00 200 181 0
92707 0.00 ovf 11.50 52.79 0.00 200 181 0
92891 0.00 ovf 11.50 52.43 0.00 200 181 0
93070 0.00 ovf 11.50 52.43 0.00 200 181 0
93252 0.00 ovf 11.50 52.79 0.00 200 181 0
93433 0.00 ovf 11.50 52.79 0.00 200 181 0
93616 0.00 ovf 11.50 52.79 0.00 200 181 0
93797 0.00 ovf 11.50 52.79 0.00 200 181 0
93978 0.00 ovf 11.50 52.79 0.00 200 181 0
94160 0.00 ovf 11.50 52.79 0.00 200 181 0
94343 0.00 ovf 11.50 52.43 0.00 200 181 0
94524 0.00 ovf 11.50 52.79 0.00 200 181 0
94706 0.00 ovf 11.50 52.79 0.00 200 181 0
94889 0.00 ovf 11.50 52.43 0.00 200 181 0
95070 0.00 ovf 11.50 52.79 0.00 200 181 0
95251 0.00 ovf 11.50 52.79 0.00 200 181 0
95433 0.00 ovf 11.50 52.79 0.00 200 181 0
95614 0.00 ovf 11.50 52.79 0.00 200 181 0
95797 0.00 ovf 11.50 52.79 0.00 200 181 0
95980 0.00 ovf 11.50 52.43 0.00 200 181 0
96160 0.00 ovf 11.50 52.79 0.00 200 181 0
96342 0.00 ovf 11.50 52.79 0.00 200 181 0
96524 0.00 ovf 11.50 52.79 0.00 200 181 0
96705 0.00 ovf 11.50 52.79 0.00 200 181 0
96888 0.00 ovf 11.50 52.43 0.00 200 181 0
97069 0.00 ovf 11.50 52.79 0.00 200 181 0
97250 0.00 ovf 11.50 52.79 0.00 200 181 0
97432 0.00 ovf 11.50 52.79 0.00 200 181 0
97613 0.00 ovf 11.50 52.79 0.00 200 181 0
97796 0.00 ovf 11.50 52.79 0.00 200 181 0
97979 0.00 ovf 11.50 52.79 0.00 200 181 0
98159 0.00 ovf 11.50 52.79 0.00 200 181 0
98340 0.00 ovf 11.50 52.79 0.00 200 181 0
98523 0.00 ovf 11.50 52.79 0.00 200 181 0
98704 0.00 ovf 11.50 52.79 0.00 200 181 0
98888 0.00 ovf 11.50 52.43 0.00 200 181 0
99067 0.00 ovf 11.50 52.79 0.00 200 181 0
99210 0.00 ovf 11.50 52.43 0.00 200 181 1
99351 0.00 ovf 11.50 52.79 0.00 200 181 1
99492 0.00 ovf 11.50 52.79 0.00 200 181 1
99634 0.00 ovf 11.50 52.79 0.00 200 181 1
99775 0.00 ovf 11.50 52.79 0.00 200 181 1
99917 0.00 ovf 11.50 52.79 0.00 200 181 1
100058 0.00 ovf 11.50 52.43 0.00 200 181 1
100199 0.00 ovf 11.50 52.79 0.00 200 181 1
100340 0.00 ovf 11.50 52.79 0.00 200 181 1
100482 0.00 ovf 11.50 52.43 0.00 200 181 1
100623 0.00 ovf 11.50 52.79 0.00 200 181 1
100765 0.00 ovf 11.50 52.79 0.00 200 181 1
100908 0.00 ovf 11.50 52.43 0.00 200 181 1
101047 0.00 ovf 11.50 52.79 0.00 200 181 1
101188 0.00 ovf 11.50 52.79 0.00 200 181 1
101329 0.00 ovf 11.50 52.43 0.00 200 181 1
101471 0.00 ovf 11.50 52.79 0.00 200 181 1
101612 0.00 ovf 11.50 52.79 0.00 200 181 1
101754 0.00 ovf 11.50 52.79 0.00 200 181 1
101897 0.00 ovf 11.50 52.79 0.00 200 181 1
102036 0.00 ovf 11.50 52.43 0.00 200 181 1
102177 0.00 ovf 11.50 52.79 0.00 200 181 1
102319 0.00 ovf 11.50 52.43 0.00 200 181 1
102460 0.00 ovf 11.50 52.79 0.00 200 181 1
102601 0.00 ovf 11.50 52.79 0.00 200 181 1
102744 0.00 ovf 11.50 52.79 0.00 200 181 1
102884 0.00 ovf 11.50 52.43 0.00 200 181 1
103026 0.00 ovf 11.50 52.79 0.00 200 181 1
103168 0.00 ovf 11.50 52.79 0.00 200 181 1
103309 0.00 ovf 11.50 52.79 0.00 200 181 1
103450 0.00 ovf 11.50 52.43 0.00 200 181 1
103591 0.00 ovf 11.50 52.79 0.00 200 181 1
103733 0.00 ovf 11.50 52.79 0.00 200 181 1
103874 0.00 ovf 11.50 52.79 0.00 200 181 1
104016 0.00 ovf 11.50 52.79 0.00 200 181 1
104157 0.00 ovf 11.50 52.79 0.00 200 181 1
104298 0.00 ovf 11.50 52.79 0.00 200 181 1
104439 0.00 ovf 11.50 52.43 0.00 200 181 1
104581 0.00 ovf 11.50 52.43 0.00 200 181 1
104722 0.00 ovf 11.50 52.43 0.00 200 181 1
104863 0.00 ovf 11.50 52.43 0.00 200 181 1
105006 0.00 ovf 11.50 52.43 0.00 200 181 1
105146 0.00 ovf 11.50 52.79 0.00 200 181 1
105287 0.00 ovf 11.50 52.79 0.00 200 181 1
105428 0.00 ovf 11.50 52.79 0.00 200 181 1
105570 0.00 ovf 11.50 52.79 0.00 200 181 1
105711 0.00 ovf 11.50 52.79 0.00 200 181 1
105852 0.00 ovf 11.50 52.79 0.00 200 181 1
105995 0.00 ovf 11.50 52.79 0.00 200 181 1
106136 0.00 ovf 11.50 52.79 0.00 200 181 1
106277 0.00 ovf 11.50 52.79 0.00 200 181 1
106419 0.00 ovf 11.50 52.79 0.00 200 181 1
106560 0.00 ovf 11.50 52.79 0.00 200 181 1
106701 0.00 ovf 11.50 52.43 0.00 200 181 1
106843 0.00 ovf 11.50 52.43 0.00 200 181 1
106984 0.00 ovf 11.50 52.43 0.00 200 181 1
107125 0.00 ovf 11.50 52.43 0.00 200 181 1
107267 0.00 ovf 11.50 52.79 0.00 200 181 1
107408 0.00 ovf 11.50 52.79 0.00 200 181 1
107549 0.00 ovf 11.50 52.79 0.00 200 181 1
107691 0.00 ovf 11.50 52.79 0.00 200 181 1
107832 0.00 ovf 11.50 52.79 0.00 200 181 1
107974 0.00 ovf 11.50 52.79 0.00 200 181 1
108114 0.00 ovf 11.50 52.79 0.00 200 181 1
108256 0.00 ovf 11.50 52.79 0.00 200 181 1
108397 0.00 ovf 11.50 52.79 0.00 200 181 1
108538 0.00 ovf 11.50 52.79 0.00 200 181 1
108680 0.00 ovf 11.50 52.43 0.00 200 181 1
108821 0.00 ovf 11.50 52.43 0.00 200 181 1
108963 0.00 ovf 11.50 52.79 0.00 200 181 1
109104 0.00 ovf 11.50 52.43 0.00 200 181 1
109245 0.00 ovf 11.50 52.79 0.00 200 181 1
109386 0.00 ovf 11.50 52.79 0.00 200 181 1
109529 0.00 ovf 11.50 52.43 0.00 200 181 1
109670 0.00 ovf 11.50 52.79 0.00 200 181 1
109811 0.00 ovf 11.50 52.79 0.00 200 181 1
109953 0.00 ovf 11.50 52.79 0.00 200 181 1
110094 0.00 ovf 11.50 52.79 0.00 200 181 1
110235 0.00 ovf 11.50 52.79 0.00 200 181 1
110376 0.00 ovf 11.50 52.79 0.00 200 181 1
110518 0.00 ovf 11.50 52.79 0.00 200 181 1
110659 0.00 ovf 11.50 52.79 0.00 200 181 1
110800 0.00 ovf 11.50 52.79 0.00 200 181 1
110942 0.00 ovf 11.50 52.79 0.00 200 181 1
111083 0.00 ovf 11.50 52.79 0.00 200 181 1
111224 0.00 ovf 11.50 52.79 0.00 200 181 1
111366 0.00 ovf 11.50 52.43 0.00 200 181 1
111507 0.00 ovf 11.50 52.79 0.00 200 181 1
111648 0.00 ovf 11.50 52.79 0.00 200 181 1
111792 0.00 ovf 11.50 52.79 0.00 200 181 1
111932 0.00 ovf 11.50 52.79 0.00 200 181 1
112072 0.00 ovf 11.50 52.79 0.00 200 181 1
112214 0.00 ovf 11.50 52.79 0.00 200 181 1
112355 0.00 ovf 11.50 52.79 0.00 200 181 1
112496 0.00 ovf 11.50 52.79 0.00 200 181 1
112637 0.00 ovf 11.50 52.79 0.00 200 181 1
112781 0.00 ovf 11.50 52.79 0.00 200 181 1
112922 0.00 ovf 11.50 52.79 0.00 200 181 1
113062 0.00 ovf 11.50 52.79 0.00 200 181 1
113204 0.00 ovf 11.50 52.79 0.00 200 181 1
113345 0.00 ovf 11.50 52.79 0.00 200 181 1
113486 0.00 ovf 11.50 52.79 0.00 200 181 1
113628 0.00 ovf 11.50 52.43 0.00 200 181 1
113770 0.00 ovf 11.50 52.79 0.00 200 181 1
113911 0.00 ovf 11.50 52.79 0.00 200 181 1
114052 0.00 ovf 11.50 52.79 0.00 200 181 1
114193 0.00 ovf 11.50 52.43 0.00 200 181 1
114355 0.00 ovf 11.50 52.79 0.00 200 181 1
114496 0.00 ovf 11.50 52.79 0.00 200 181 1
114637 0.00 ovf 11.50 52.79 0.00 200 181 1
114780 0.00 ovf 11.50 52.79 0.00 200 181 1
114921 0.00 ovf 11.50 52.79 0.00 200 181 1
115061 0.00 ovf 11.50 52.79 0.00 200 181 1
115203 0.00 ovf 11.50 52.79 0.00 200 181 1
115344 0.00 ovf 11.50 52.79 0.00 200 181 1
115485 0.00 ovf 11.50 52.79 0.00 200 181 1
115627 0.00 ovf 11.50 52.79 0.00 200 181 1
115770 0.00 ovf 11.50 52.79 0.00 200 181 1
115911 0.00 ovf 11.50 52.79 0.00 200 181 1
116050 0.00 ovf 11.50 52.43 0.00 200 181 1
116192 0.00 ovf 11.50 52.79 0.00 200 181 1
116333 0.00 ovf 11.50 52.43 0.00 200 181 1
116474 0.00 ovf 11.50 52.79 0.00 200 181 1
116616 0.00 ovf 11.50 52.79 0.00 200 181 1
116758 0.00 ovf 11.50 52.43 0.00 200 181 1
116901 0.00 ovf 11.50 52.79 0.00 200 181 1
117041 0.00 ovf 11.50 52.79 0.00 200 181 1
117182 0.00 ovf 11.50 52.79 0.00 200 181 1
117323 0.00 ovf 11.50 52.79 0.00 200 181 1
117465 0.00 ovf 11.50 52.79 0.00 200 181 1
117606 0.00 ovf 11.50 52.79 0.00 200 181 1
117747 0.00 ovf 11.50 52.79 0.00 200 181 1
117891 0.00 ovf 11.50 52.79 0.00 200 181 1
118030 0.00 ovf 11.50 52.79 0.00 200 181 1
118171 0.00 ovf 11.50 52.79 0.00 200 181 1
118312 0.00 ovf 11.50 52.79 0.00 200 181 1
118454 0.00 ovf 11.50 52.79 0.00 200 181 1
118595 0.00 ovf 11.50 52.79 0.00 200 181 1
118736 0.00 ovf 11.50 52.43 0.00 200 181 1
118880 0.00 ovf 11.50 52.79 0.00 200 181 1
119019 0.00 ovf 11.50 52.43 0.00 200 181 1
119160 0.00 ovf 11.50 52.79 0.00 200 181 1
119302 0.00 ovf 11.50 52.79 0.00 200 181 1
119443 0.00 ovf 11.50 52.79 0.00 200 181 1
119584 0.00 ovf 11.50 52.79 0.00 200 181 1
119726 0.00 ovf 11.50 52.79 0.00 200 181 1
119867 0.00 ovf 11.50 52.79 0.00 200 181 1
120009 0.00 ovf 11.50 52.79 0.00 200 181 1
120150 0.00 ovf 11.50 52.79 0.00 200 181 1
120291 0.00 ovf 11.50 52.79 0.00 200 181 1
120432 0.00 ovf 11.50 52.79 0.00 200 181 1
120573 0.00 ovf 11.50 52.79 0.00 200 181 1
120716 0.00 ovf 11.50 52.79 0.00 200 181 1
120857 0.00 ovf 11.50 52.43 0.00 200 181 1
120998 0.00 ovf 11.50 52.79 0.00 200 181 1
121140 0.00 ovf 11.50 52.43 0.00 200 181 1
121281 0.00 ovf 11.50 52.79 0.00 200 181 1
121422 0.00 ovf 11.50 52.79 0.00 200 181 1
121564 0.00 ovf 11.50 52.79 0.00 200 181 1
121705 0.00 ovf 11.50 52.79 0.00 200 181 1
121846 0.00 ovf 11.50 52.79 0.00 200 181 1
121988 0.00 ovf 11.50 52.79 0.00 200 181 1
122129 0.00 ovf 11.50 52.79 0.00 200 181 1
122270 0.00 ovf 11.50 52.79 0.00 200 181 1
122412 0.00 ovf 11.50 52.43 0.00 200 181 1
122553 0.00 ovf 11.50 52.79 0.00 200 181 1
122694 0.00 ovf 11.50 52.79 0.00 200 181 1
122838 0.00 ovf 11.50 52.43 0.00 200 181 1
122977 0.00 ovf 11.50 52.79 0.00 200 181 1
123118 0.00 ovf 11.50 52.79 0.00 200 181 1
123259 0.00 ovf 11.50 52.43 0.00 200 181 1
123401 0.00 ovf 11.50 52.79 0.00 200 181 1
123542 0.00 ovf 11.50 52.43 0.00 200 181 1
123683 0.00 ovf 11.50 52.79 0.00 200 181 1
123825 0.00 ovf 11.50 52.79 0.00 200 181 1
123967 0.00 ovf 11.50 52.43 0.00 200 181 1
124108 0.00 ovf 11.50 52.79 0.00 200 181 1
124250 0.00 ovf 11.50 52.43 0.00 200 181 1
124391 0.00 ovf 11.50 52.79 0.00 200 181 1
124532 0.00 ovf 11.50 52.79 0.00 200 181 1
124674 0.00 ovf 11.50 52.79 0.00 200 181 1
124815 0.00 ovf 11.50 52.79 0.00 200 181 1
124956 0.00 ovf 11.50 52.43 0.00 200 181 1
125097 0.00 ovf 11.50 52.79 0.00 200 181 1
125239 0.00 ovf 11.50 52.79 0.00 200 181 1
125380 0.00 ovf 11.50 52.43 0.00 200 181 1
125521 0.00 ovf 11.50 52.43 0.00 200 181 1
125663 0.00 ovf 11.50 52.43 0.00 200 181 1
125804 0.00 ovf 11.50 52.43 0.00 200 181 1
125945 0.00 ovf 11.50 52.79 0.00 200 181 1
126087 0.00 ovf 11.50 52.79 0.00 200 181 1
126228 0.00 ovf 11.50 52.79 0.00 200 181 1
126369 0.00 ovf 11.50 52.79 0.00 200 181 1
126511 0.00 ovf 11.50 52.79 0.00 200 181 1
126652 0.00 ovf 11.50 52.79 0.00 200 181 1
126795 0.00 ovf 11.50 52.79 0.00 200 181 1
126937 0.00 ovf 11.50 52.43 0.00 200 181 1
127076 0.00 ovf 11.50 52.79 0.00 200 181 1
127217 0.00 ovf 11.50 52.43 0.00 200 181 1
127358 0.00 ovf 11.50 52.79 0.00 200 181 1
127501 0.00 ovf 11.50 52.79 0.00 200 181 1
127642 0.00 ovf 11.50 52.43 0.00 200 181 1
